600
0 26.0 82.0 5.0 106.0 99.0
1 35.0 69.0 11.0 270.0 32.0
2 69.0 14.0 14.0 200.0 34.0
3 62.0 55.0 4.0 197.0 69.0
4 68.0 10.0 11.0 346.0 66.0
5 64.0 93.0 8.0 87.0 74.0
6 95.0 32.0 13.0 266.0 98.0
7 81.0 71.0 16.0 166.0 40.0
8 15.0 7.0 16.0 366.0 44.0
9 59.0 1.0 14.0 142.0 69.0
10 73.0 19.0 14.0 161.0 36.0
11 0.0 43.0 7.0 71.0 47.0
12 69.0 8.0 13.0 266.0 74.0
13 66.0 49.0 5.0 319.0 68.0
14 21.0 45.0 13.0 157.0 90.0
15 38.0 50.0 5.0 317.0 29.0
16 41.0 1.0 18.0 342.0 35.0
17 15.0 69.0 11.0 55.0 49.0
18 75.0 39.0 14.0 171.0 45.0
19 68.0 33.0 10.0 147.0 43.0
20 45.0 72.0 9.0 250.0 53.0
21 52.0 24.0 7.0 267.0 40.0
22 77.0 35.0 7.0 220.0 66.0
23 3.0 66.0 10.0 357.0 84.0
24 13.0 93.0 19.0 42.0 94.0
25 58.0 34.0 7.0 76.0 45.0
26 33.0 24.0 10.0 123.0 84.0
27 33.0 86.0 5.0 129.0 95.0
28 66.0 58.0 9.0 111.0 76.0
29 42.0 54.0 17.0 130.0 82.0
30 50.0 54.0 16.0 369.0 21.0
31 49.0 72.0 19.0 380.0 23.0
32 61.0 37.0 8.0 253.0 38.0
33 78.0 30.0 12.0 281.0 53.0
34 5.0 24.0 19.0 56.0 54.0
35 0.0 8.0 11.0 212.0 50.0
36 37.0 94.0 6.0 177.0 26.0
37 78.0 38.0 17.0 286.0 99.0
38 42.0 70.0 6.0 103.0 61.0
39 85.0 93.0 5.0 186.0 98.0
40 61.0 8.0 6.0 131.0 61.0
41 27.0 61.0 19.0 208.0 57.0
42 0.0 23.0 5.0 380.0 91.0
43 51.0 4.0 15.0 248.0 65.0
44 57.0 55.0 18.0 217.0 37.0
45 76.0 47.0 9.0 184.0 88.0
46 50.0 41.0 19.0 322.0 88.0
47 70.0 51.0 15.0 63.0 26.0
48 42.0 76.0 5.0 91.0 38.0
49 10.0 45.0 4.0 69.0 64.0
50 76.0 93.0 5.0 292.0 84.0
51 17.0 85.0 19.0 133.0 47.0
52 28.0 45.0 14.0 246.0 72.0
53 43.0 77.0 19.0 27.0 22.0
54 98.0 92.0 17.0 333.0 74.0
55 59.0 35.0 11.0 268.0 71.0
56 82.0 100.0 6.0 154.0 89.0
57 80.0 100.0 7.0 67.0 35.0
58 68.0 74.0 9.0 334.0 98.0
59 45.0 36.0 19.0 164.0 74.0
60 12.0 77.0 11.0 387.0 83.0
61 79.0 70.0 15.0 289.0 52.0
62 13.0 81.0 16.0 262.0 73.0
63 87.0 12.0 17.0 148.0 68.0
64 26.0 27.0 15.0 357.0 33.0
65 40.0 14.0 4.0 47.0 62.0
66 90.0 58.0 9.0 291.0 50.0
67 54.0 55.0 14.0 65.0 37.0
68 62.0 18.0 19.0 54.0 86.0
69 36.0 87.0 13.0 236.0 48.0
70 62.0 87.0 16.0 320.0 57.0
71 97.0 100.0 19.0 261.0 28.0
72 58.0 51.0 12.0 330.0 17.0
73 12.0 83.0 6.0 359.0 57.0
74 41.0 90.0 8.0 151.0 88.0
75 39.0 16.0 5.0 182.0 38.0
76 61.0 48.0 17.0 318.0 87.0
77 47.0 3.0 13.0 109.0 32.0
78 72.0 1.0 8.0 246.0 41.0
79 82.0 95.0 6.0 71.0 53.0
80 48.0 13.0 4.0 149.0 51.0
81 73.0 43.0 13.0 69.0 44.0
82 44.0 94.0 11.0 399.0 41.0
83 26.0 97.0 6.0 137.0 81.0
84 49.0 59.0 8.0 50.0 84.0
85 22.0 2.0 14.0 170.0 75.0
86 84.0 43.0 14.0 379.0 93.0
87 98.0 50.0 18.0 368.0 51.0
88 68.0 88.0 12.0 243.0 93.0
89 49.0 83.0 19.0 351.0 91.0
90 94.0 46.0 6.0 380.0 68.0
91 84.0 40.0 19.0 381.0 98.0
92 24.0 50.0 15.0 332.0 54.0
93 79.0 18.0 19.0 147.0 44.0
94 28.0 72.0 17.0 128.0 75.0
95 21.0 13.0 19.0 158.0 55.0
96 49.0 75.0 16.0 377.0 22.0
97 89.0 4.0 7.0 76.0 40.0
98 32.0 48.0 8.0 180.0 19.0
99 89.0 57.0 19.0 213.0 56.0
100 90.0 100.0 12.0 270.0 54.0
101 94.0 18.0 13.0 252.0 24.0
102 39.0 27.0 19.0 209.0 61.0
103 40.0 18.0 5.0 205.0 89.0
104 75.0 30.0 15.0 62.0 48.0
105 23.0 92.0 15.0 337.0 32.0
106 2.0 12.0 18.0 130.0 67.0
107 18.0 78.0 4.0 95.0 68.0
108 14.0 68.0 8.0 17.0 72.0
109 30.0 48.0 19.0 154.0 73.0
110 61.0 47.0 4.0 126.0 95.0
111 15.0 59.0 16.0 87.0 35.0
112 14.0 51.0 12.0 116.0 85.0
113 87.0 4.0 17.0 161.0 98.0
114 94.0 16.0 15.0 205.0 36.0
115 12.0 69.0 5.0 340.0 44.0
116 98.0 15.0 7.0 91.0 50.0
117 52.0 85.0 6.0 214.0 94.0
118 13.0 40.0 18.0 175.0 80.0
119 97.0 6.0 19.0 37.0 76.0
120 75.0 47.0 5.0 74.0 87.0
121 15.0 61.0 9.0 164.0 32.0
122 31.0 10.0 7.0 92.0 19.0
123 36.0 24.0 9.0 298.0 86.0
124 3.0 48.0 15.0 147.0 16.0
125 95.0 68.0 5.0 84.0 27.0
126 96.0 39.0 10.0 61.0 24.0
127 13.0 83.0 12.0 59.0 36.0
128 9.0 16.0 13.0 375.0 17.0
129 12.0 67.0 4.0 179.0 61.0
130 3.0 9.0 18.0 279.0 62.0
131 70.0 6.0 5.0 104.0 37.0
132 59.0 42.0 10.0 354.0 71.0
133 66.0 17.0 19.0 104.0 50.0
134 37.0 52.0 12.0 394.0 54.0
135 89.0 94.0 11.0 50.0 77.0
136 5.0 86.0 12.0 174.0 28.0
137 87.0 78.0 19.0 219.0 19.0
138 86.0 40.0 8.0 384.0 62.0
139 98.0 96.0 5.0 233.0 17.0
140 7.0 93.0 19.0 29.0 83.0
141 20.0 9.0 4.0 36.0 44.0
142 13.0 49.0 8.0 82.0 58.0
143 27.0 89.0 10.0 26.0 36.0
144 32.0 87.0 12.0 30.0 30.0
145 55.0 59.0 17.0 260.0 17.0
146 52.0 72.0 12.0 106.0 98.0
147 97.0 21.0 11.0 309.0 75.0
148 64.0 25.0 18.0 174.0 82.0
149 94.0 90.0 15.0 337.0 63.0
150 57.0 8.0 13.0 385.0 23.0
151 22.0 13.0 15.0 382.0 86.0
152 37.0 82.0 10.0 390.0 93.0
153 88.0 73.0 14.0 59.0 27.0
154 65.0 87.0 12.0 347.0 43.0
155 29.0 90.0 14.0 85.0 80.0
156 0.0 92.0 14.0 230.0 28.0
157 1.0 83.0 7.0 37.0 99.0
158 53.0 36.0 18.0 160.0 33.0
159 12.0 30.0 8.0 75.0 45.0
160 83.0 23.0 12.0 72.0 95.0
161 81.0 3.0 4.0 32.0 93.0
162 44.0 88.0 15.0 172.0 44.0
163 82.0 20.0 6.0 204.0 28.0
164 84.0 97.0 16.0 201.0 69.0
165 4.0 75.0 8.0 274.0 67.0
166 74.0 34.0 9.0 325.0 64.0
167 52.0 23.0 7.0 342.0 83.0
168 0.0 39.0 17.0 215.0 23.0
169 29.0 11.0 14.0 98.0 24.0
170 7.0 99.0 17.0 180.0 55.0
171 26.0 16.0 11.0 77.0 58.0
172 57.0 56.0 10.0 331.0 48.0
173 80.0 15.0 8.0 125.0 60.0
174 14.0 0.0 19.0 223.0 36.0
175 23.0 22.0 5.0 315.0 37.0
176 60.0 25.0 10.0 200.0 48.0
177 100.0 93.0 4.0 45.0 73.0
178 2.0 83.0 19.0 206.0 74.0
179 27.0 76.0 14.0 172.0 76.0
180 45.0 51.0 13.0 17.0 82.0
181 67.0 67.0 4.0 379.0 30.0
182 51.0 67.0 5.0 96.0 15.0
183 40.0 83.0 4.0 326.0 75.0
184 73.0 6.0 9.0 207.0 66.0
185 37.0 63.0 14.0 334.0 16.0
186 77.0 49.0 10.0 253.0 22.0
187 46.0 98.0 12.0 115.0 68.0
188 77.0 98.0 10.0 199.0 26.0
189 73.0 79.0 4.0 243.0 50.0
190 5.0 87.0 10.0 85.0 39.0
191 2.0 31.0 15.0 393.0 76.0
192 53.0 33.0 19.0 262.0 76.0
193 36.0 79.0 16.0 41.0 96.0
194 100.0 72.0 6.0 323.0 45.0
195 99.0 10.0 10.0 94.0 38.0
196 68.0 32.0 15.0 98.0 22.0
197 12.0 17.0 13.0 164.0 18.0
198 20.0 72.0 7.0 31.0 41.0
199 63.0 66.0 13.0 58.0 63.0
200 44.0 42.0 11.0 364.0 15.0
201 94.0 71.0 4.0 271.0 36.0
202 1.0 51.0 18.0 233.0 51.0
203 46.0 55.0 14.0 173.0 65.0
204 47.0 68.0 18.0 93.0 60.0
205 89.0 10.0 14.0 268.0 69.0
206 2.0 81.0 4.0 124.0 52.0
207 45.0 63.0 17.0 149.0 94.0
208 16.0 25.0 19.0 236.0 52.0
209 74.0 7.0 15.0 350.0 84.0
210 6.0 29.0 18.0 54.0 21.0
211 3.0 78.0 5.0 254.0 38.0
212 44.0 48.0 10.0 325.0 24.0
213 50.0 80.0 12.0 353.0 78.0
214 47.0 44.0 5.0 81.0 47.0
215 91.0 57.0 4.0 206.0 15.0
216 90.0 66.0 19.0 331.0 59.0
217 40.0 39.0 9.0 63.0 58.0
218 87.0 48.0 15.0 231.0 36.0
219 58.0 76.0 7.0 139.0 76.0
220 72.0 9.0 5.0 255.0 52.0
221 31.0 16.0 14.0 64.0 21.0
222 85.0 11.0 8.0 89.0 33.0
223 42.0 38.0 11.0 285.0 28.0
224 68.0 30.0 15.0 104.0 52.0
225 61.0 19.0 11.0 304.0 78.0
226 16.0 83.0 17.0 152.0 44.0
227 2.0 51.0 17.0 304.0 68.0
228 84.0 4.0 7.0 149.0 72.0
229 43.0 62.0 11.0 191.0 54.0
230 1.0 100.0 4.0 374.0 88.0
231 22.0 64.0 7.0 336.0 68.0
232 57.0 13.0 12.0 126.0 74.0
233 63.0 1.0 16.0 216.0 62.0
234 82.0 17.0 14.0 343.0 16.0
235 71.0 91.0 6.0 37.0 96.0
236 24.0 20.0 11.0 201.0 47.0
237 36.0 66.0 5.0 64.0 35.0
238 62.0 77.0 12.0 226.0 48.0
239 63.0 21.0 6.0 363.0 97.0
240 86.0 64.0 19.0 394.0 95.0
241 53.0 83.0 15.0 70.0 59.0
242 46.0 44.0 8.0 149.0 54.0
243 99.0 11.0 14.0 195.0 86.0
244 40.0 3.0 7.0 235.0 51.0
245 19.0 29.0 4.0 229.0 31.0
246 40.0 65.0 17.0 175.0 68.0
247 16.0 76.0 5.0 65.0 91.0
248 52.0 55.0 9.0 255.0 30.0
249 54.0 91.0 10.0 350.0 77.0
250 75.0 86.0 5.0 71.0 43.0
251 99.0 76.0 9.0 177.0 39.0
252 11.0 22.0 10.0 248.0 80.0
253 66.0 45.0 15.0 229.0 79.0
254 88.0 81.0 4.0 92.0 82.0
255 0.0 84.0 15.0 251.0 68.0
256 33.0 63.0 5.0 270.0 81.0
257 85.0 52.0 12.0 57.0 46.0
258 46.0 31.0 8.0 97.0 23.0
259 21.0 6.0 6.0 350.0 60.0
260 71.0 57.0 6.0 114.0 26.0
261 44.0 40.0 11.0 307.0 17.0
262 100.0 81.0 15.0 275.0 76.0
263 5.0 55.0 14.0 140.0 15.0
264 10.0 37.0 7.0 396.0 64.0
265 45.0 44.0 12.0 317.0 92.0
266 87.0 11.0 15.0 368.0 70.0
267 84.0 41.0 10.0 266.0 52.0
268 99.0 23.0 17.0 239.0 88.0
269 64.0 47.0 6.0 309.0 73.0
270 84.0 83.0 8.0 20.0 69.0
271 18.0 31.0 15.0 251.0 70.0
272 44.0 96.0 19.0 398.0 96.0
273 20.0 97.0 10.0 19.0 80.0
274 48.0 48.0 7.0 322.0 45.0
275 71.0 25.0 12.0 322.0 23.0
276 53.0 42.0 10.0 154.0 19.0
277 39.0 36.0 4.0 388.0 70.0
278 11.0 36.0 5.0 191.0 64.0
279 1.0 52.0 15.0 262.0 32.0
280 0.0 51.0 5.0 143.0 20.0
281 15.0 16.0 11.0 135.0 68.0
282 54.0 20.0 7.0 32.0 95.0
283 26.0 83.0 10.0 244.0 82.0
284 60.0 19.0 14.0 52.0 80.0
285 28.0 88.0 15.0 56.0 21.0
286 52.0 89.0 7.0 242.0 27.0
287 17.0 61.0 4.0 35.0 80.0
288 46.0 57.0 10.0 38.0 37.0
289 81.0 49.0 14.0 37.0 78.0
290 45.0 3.0 9.0 346.0 40.0
291 55.0 89.0 6.0 189.0 64.0
292 53.0 22.0 17.0 240.0 25.0
293 21.0 70.0 4.0 27.0 81.0
294 79.0 47.0 8.0 392.0 54.0
295 70.0 33.0 15.0 254.0 25.0
296 60.0 51.0 15.0 373.0 70.0
297 33.0 88.0 10.0 264.0 86.0
298 99.0 24.0 10.0 278.0 83.0
299 27.0 48.0 17.0 395.0 96.0
300 35.0 50.0 12.0 21.0 90.0
301 59.0 5.0 11.0 152.0 30.0
302 56.0 70.0 4.0 237.0 34.0
303 67.0 46.0 5.0 189.0 36.0
304 32.0 95.0 10.0 367.0 75.0
305 68.0 43.0 18.0 15.0 30.0
306 16.0 52.0 10.0 76.0 34.0
307 98.0 51.0 15.0 356.0 37.0
308 55.0 81.0 15.0 301.0 24.0
309 27.0 36.0 15.0 49.0 16.0
310 20.0 46.0 9.0 360.0 60.0
311 48.0 7.0 15.0 170.0 77.0
312 94.0 54.0 6.0 22.0 76.0
313 17.0 84.0 13.0 51.0 84.0
314 99.0 97.0 18.0 332.0 73.0
315 16.0 84.0 11.0 47.0 85.0
316 39.0 29.0 12.0 378.0 45.0
317 63.0 85.0 10.0 96.0 69.0
318 39.0 71.0 19.0 231.0 66.0
319 22.0 85.0 18.0 43.0 16.0
320 94.0 69.0 18.0 304.0 68.0
321 93.0 71.0 14.0 266.0 90.0
322 58.0 49.0 14.0 372.0 76.0
323 15.0 55.0 16.0 224.0 15.0
324 29.0 9.0 5.0 153.0 61.0
325 41.0 37.0 19.0 284.0 48.0
326 91.0 21.0 5.0 377.0 25.0
327 72.0 55.0 17.0 174.0 98.0
328 48.0 64.0 5.0 269.0 76.0
329 63.0 18.0 17.0 89.0 48.0
330 23.0 6.0 7.0 215.0 84.0
331 84.0 69.0 8.0 356.0 96.0
332 68.0 46.0 11.0 319.0 59.0
333 57.0 75.0 14.0 24.0 30.0
334 82.0 85.0 18.0 195.0 99.0
335 64.0 68.0 5.0 226.0 29.0
336 41.0 86.0 7.0 45.0 87.0
337 87.0 10.0 19.0 87.0 22.0
338 89.0 44.0 10.0 32.0 73.0
339 77.0 17.0 9.0 117.0 47.0
340 79.0 16.0 13.0 271.0 22.0
341 54.0 6.0 6.0 385.0 23.0
342 1.0 23.0 12.0 310.0 41.0
343 43.0 18.0 12.0 140.0 81.0
344 13.0 88.0 14.0 228.0 63.0
345 72.0 15.0 5.0 148.0 77.0
346 17.0 56.0 7.0 357.0 65.0
347 25.0 25.0 6.0 133.0 56.0
348 48.0 75.0 13.0 336.0 44.0
349 67.0 20.0 5.0 68.0 68.0
350 0.0 68.0 4.0 304.0 45.0
351 72.0 21.0 7.0 59.0 28.0
352 92.0 75.0 14.0 73.0 88.0
353 48.0 78.0 11.0 311.0 21.0
354 85.0 50.0 14.0 146.0 28.0
355 31.0 33.0 16.0 182.0 85.0
356 19.0 17.0 10.0 339.0 53.0
357 69.0 13.0 11.0 185.0 28.0
358 89.0 82.0 19.0 294.0 74.0
359 68.0 79.0 5.0 320.0 41.0
360 68.0 19.0 15.0 295.0 36.0
361 66.0 34.0 6.0 139.0 77.0
362 74.0 41.0 12.0 181.0 47.0
363 96.0 73.0 11.0 161.0 64.0
364 85.0 80.0 19.0 178.0 31.0
365 21.0 69.0 13.0 53.0 50.0
366 78.0 42.0 18.0 342.0 60.0
367 12.0 49.0 16.0 48.0 91.0
368 54.0 41.0 6.0 301.0 76.0
369 9.0 67.0 8.0 104.0 35.0
370 88.0 23.0 5.0 168.0 93.0
371 73.0 74.0 16.0 171.0 94.0
372 57.0 91.0 7.0 61.0 85.0
373 17.0 65.0 15.0 114.0 79.0
374 4.0 5.0 19.0 252.0 51.0
375 84.0 49.0 8.0 194.0 70.0
376 55.0 18.0 9.0 115.0 75.0
377 24.0 53.0 16.0 157.0 37.0
378 58.0 56.0 4.0 367.0 30.0
379 37.0 54.0 14.0 147.0 92.0
380 1.0 21.0 10.0 276.0 59.0
381 0.0 17.0 8.0 374.0 21.0
382 26.0 30.0 7.0 73.0 43.0
383 2.0 58.0 16.0 255.0 53.0
384 6.0 34.0 4.0 392.0 76.0
385 21.0 23.0 7.0 342.0 29.0
386 28.0 25.0 12.0 234.0 69.0
387 38.0 1.0 11.0 82.0 68.0
388 86.0 14.0 4.0 258.0 60.0
389 31.0 59.0 11.0 180.0 29.0
390 98.0 87.0 15.0 69.0 54.0
391 27.0 38.0 12.0 367.0 16.0
392 61.0 70.0 12.0 219.0 35.0
393 31.0 85.0 16.0 153.0 30.0
394 68.0 60.0 19.0 146.0 15.0
395 70.0 62.0 16.0 299.0 94.0
396 27.0 8.0 14.0 236.0 57.0
397 45.0 54.0 7.0 394.0 49.0
398 10.0 32.0 11.0 339.0 49.0
399 66.0 67.0 6.0 248.0 40.0
400 33.0 9.0 8.0 107.0 24.0
401 72.0 24.0 9.0 246.0 43.0
402 56.0 98.0 9.0 215.0 94.0
403 78.0 85.0 14.0 60.0 74.0
404 15.0 76.0 12.0 344.0 91.0
405 5.0 15.0 19.0 134.0 38.0
406 82.0 40.0 9.0 355.0 53.0
407 77.0 27.0 8.0 125.0 69.0
408 89.0 52.0 15.0 49.0 53.0
409 70.0 52.0 4.0 165.0 46.0
410 53.0 4.0 16.0 197.0 48.0
411 53.0 76.0 14.0 308.0 73.0
412 88.0 52.0 19.0 296.0 92.0
413 61.0 90.0 5.0 347.0 81.0
414 100.0 60.0 10.0 377.0 54.0
415 91.0 28.0 8.0 205.0 47.0
416 13.0 99.0 7.0 390.0 67.0
417 52.0 0.0 5.0 53.0 91.0
418 26.0 28.0 16.0 83.0 85.0
419 81.0 28.0 5.0 365.0 96.0
420 34.0 89.0 5.0 347.0 68.0
421 59.0 66.0 9.0 217.0 78.0
422 51.0 12.0 17.0 279.0 94.0
423 9.0 97.0 18.0 396.0 58.0
424 31.0 51.0 4.0 122.0 57.0
425 75.0 74.0 19.0 47.0 38.0
426 38.0 71.0 15.0 244.0 70.0
427 40.0 30.0 18.0 42.0 46.0
428 43.0 52.0 15.0 197.0 36.0
429 33.0 80.0 8.0 398.0 70.0
430 53.0 81.0 6.0 319.0 88.0
431 96.0 25.0 15.0 123.0 81.0
432 74.0 60.0 16.0 170.0 59.0
433 40.0 32.0 10.0 197.0 81.0
434 45.0 57.0 12.0 340.0 29.0
435 93.0 49.0 5.0 182.0 77.0
436 92.0 95.0 12.0 205.0 52.0
437 87.0 30.0 16.0 207.0 42.0
438 29.0 37.0 9.0 56.0 80.0
439 33.0 75.0 15.0 168.0 61.0
440 97.0 7.0 12.0 29.0 92.0
441 9.0 99.0 16.0 255.0 75.0
442 36.0 1.0 5.0 230.0 46.0
443 79.0 66.0 12.0 201.0 75.0
444 58.0 87.0 5.0 160.0 80.0
445 26.0 65.0 12.0 155.0 41.0
446 50.0 24.0 4.0 168.0 86.0
447 9.0 59.0 19.0 100.0 83.0
448 69.0 39.0 11.0 317.0 92.0
449 68.0 27.0 12.0 133.0 43.0
450 68.0 81.0 7.0 329.0 70.0
451 83.0 57.0 10.0 47.0 95.0
452 81.0 50.0 4.0 101.0 33.0
453 6.0 80.0 8.0 32.0 51.0
454 93.0 8.0 8.0 263.0 38.0
455 60.0 77.0 11.0 256.0 96.0
456 98.0 88.0 4.0 56.0 32.0
457 77.0 41.0 11.0 320.0 73.0
458 50.0 100.0 4.0 392.0 21.0
459 97.0 62.0 9.0 223.0 17.0
460 18.0 1.0 13.0 277.0 86.0
461 41.0 50.0 14.0 210.0 82.0
462 62.0 11.0 18.0 23.0 29.0
463 99.0 100.0 18.0 181.0 42.0
464 68.0 2.0 6.0 356.0 81.0
465 56.0 100.0 7.0 21.0 55.0
466 52.0 97.0 13.0 159.0 35.0
467 39.0 76.0 19.0 316.0 95.0
468 52.0 20.0 18.0 252.0 94.0
469 53.0 66.0 13.0 188.0 43.0
470 73.0 78.0 7.0 263.0 45.0
471 70.0 83.0 11.0 314.0 51.0
472 74.0 94.0 10.0 196.0 96.0
473 35.0 46.0 15.0 225.0 32.0
474 70.0 1.0 19.0 299.0 74.0
475 65.0 2.0 7.0 227.0 22.0
476 28.0 99.0 10.0 179.0 89.0
477 1.0 34.0 7.0 399.0 27.0
478 89.0 6.0 14.0 34.0 65.0
479 92.0 27.0 10.0 149.0 90.0
480 98.0 85.0 7.0 196.0 95.0
481 47.0 69.0 17.0 84.0 56.0
482 25.0 79.0 12.0 198.0 56.0
483 1.0 90.0 18.0 126.0 56.0
484 17.0 2.0 7.0 111.0 99.0
485 54.0 92.0 18.0 333.0 66.0
486 9.0 77.0 19.0 260.0 15.0
487 53.0 16.0 16.0 60.0 71.0
488 66.0 61.0 19.0 349.0 56.0
489 37.0 9.0 6.0 74.0 97.0
490 31.0 81.0 15.0 166.0 63.0
491 54.0 30.0 12.0 261.0 74.0
492 67.0 31.0 5.0 111.0 67.0
493 99.0 32.0 13.0 189.0 86.0
494 84.0 11.0 18.0 335.0 21.0
495 23.0 33.0 11.0 102.0 71.0
496 68.0 86.0 4.0 248.0 49.0
497 45.0 11.0 11.0 63.0 93.0
498 80.0 58.0 7.0 349.0 68.0
499 87.0 81.0 13.0 135.0 42.0
500 88.0 9.0 16.0 243.0 37.0
501 87.0 83.0 13.0 186.0 30.0
502 49.0 3.0 15.0 69.0 93.0
503 7.0 77.0 11.0 101.0 64.0
504 1.0 33.0 7.0 350.0 95.0
505 5.0 64.0 4.0 384.0 51.0
506 50.0 8.0 4.0 260.0 20.0
507 94.0 81.0 4.0 386.0 30.0
508 83.0 33.0 4.0 349.0 93.0
509 19.0 28.0 13.0 227.0 86.0
510 16.0 6.0 16.0 233.0 24.0
511 75.0 85.0 16.0 132.0 84.0
512 82.0 84.0 18.0 132.0 25.0
513 28.0 62.0 12.0 17.0 81.0
514 84.0 57.0 5.0 28.0 99.0
515 9.0 63.0 10.0 272.0 95.0
516 73.0 69.0 18.0 21.0 42.0
517 37.0 76.0 8.0 160.0 63.0
518 38.0 11.0 16.0 95.0 15.0
519 21.0 16.0 12.0 46.0 80.0
520 69.0 30.0 19.0 75.0 66.0
521 21.0 19.0 11.0 119.0 36.0
522 83.0 15.0 7.0 86.0 19.0
523 82.0 21.0 15.0 66.0 65.0
524 5.0 57.0 12.0 189.0 50.0
525 2.0 84.0 18.0 389.0 82.0
526 61.0 60.0 19.0 39.0 40.0
527 80.0 29.0 18.0 51.0 66.0
528 94.0 3.0 16.0 379.0 23.0
529 76.0 35.0 10.0 249.0 50.0
530 43.0 73.0 9.0 21.0 41.0
531 84.0 39.0 6.0 106.0 99.0
532 68.0 41.0 9.0 195.0 36.0
533 18.0 21.0 12.0 117.0 89.0
534 94.0 15.0 5.0 184.0 56.0
535 97.0 24.0 6.0 45.0 56.0
536 59.0 64.0 6.0 78.0 21.0
537 23.0 62.0 11.0 344.0 58.0
538 21.0 1.0 7.0 380.0 88.0
539 24.0 18.0 10.0 29.0 69.0
540 14.0 98.0 11.0 131.0 86.0
541 71.0 5.0 18.0 98.0 18.0
542 94.0 10.0 19.0 383.0 78.0
543 75.0 25.0 15.0 165.0 77.0
544 10.0 66.0 16.0 225.0 57.0
545 58.0 96.0 12.0 210.0 86.0
546 99.0 40.0 8.0 364.0 98.0
547 85.0 21.0 13.0 174.0 39.0
548 54.0 93.0 9.0 82.0 44.0
549 75.0 23.0 7.0 80.0 15.0
550 33.0 17.0 7.0 307.0 70.0
551 50.0 39.0 7.0 95.0 30.0
552 40.0 40.0 13.0 233.0 55.0
553 32.0 72.0 18.0 58.0 95.0
554 67.0 61.0 9.0 121.0 25.0
555 92.0 32.0 13.0 18.0 54.0
556 45.0 45.0 18.0 284.0 17.0
557 82.0 22.0 6.0 256.0 45.0
558 44.0 70.0 4.0 201.0 48.0
559 5.0 48.0 4.0 388.0 71.0
560 49.0 38.0 18.0 34.0 46.0
561 37.0 40.0 5.0 99.0 62.0
562 50.0 34.0 19.0 216.0 74.0
563 81.0 13.0 17.0 134.0 83.0
564 21.0 26.0 5.0 233.0 55.0
565 63.0 40.0 4.0 295.0 78.0
566 100.0 76.0 6.0 32.0 81.0
567 39.0 20.0 8.0 393.0 17.0
568 33.0 79.0 8.0 81.0 93.0
569 54.0 10.0 15.0 44.0 98.0
570 57.0 37.0 11.0 94.0 17.0
571 50.0 73.0 10.0 150.0 22.0
572 2.0 25.0 19.0 125.0 20.0
573 16.0 1.0 12.0 256.0 20.0
574 46.0 16.0 10.0 21.0 58.0
575 13.0 22.0 12.0 32.0 33.0
576 88.0 86.0 14.0 97.0 71.0
577 88.0 75.0 5.0 367.0 23.0
578 34.0 88.0 8.0 268.0 20.0
579 27.0 0.0 15.0 233.0 95.0
580 1.0 2.0 5.0 365.0 41.0
581 35.0 10.0 9.0 281.0 88.0
582 22.0 96.0 5.0 102.0 47.0
583 52.0 68.0 10.0 214.0 91.0
584 87.0 28.0 5.0 143.0 63.0
585 85.0 51.0 13.0 261.0 47.0
586 17.0 4.0 4.0 16.0 24.0
587 45.0 97.0 14.0 391.0 89.0
588 100.0 64.0 13.0 295.0 66.0
589 98.0 98.0 19.0 315.0 59.0
590 6.0 42.0 10.0 233.0 89.0
591 41.0 46.0 5.0 386.0 20.0
592 30.0 74.0 8.0 387.0 51.0
593 27.0 51.0 4.0 21.0 45.0
594 36.0 91.0 8.0 152.0 38.0
595 95.0 87.0 12.0 175.0 51.0
596 50.0 37.0 11.0 230.0 86.0
597 10.0 87.0 12.0 111.0 20.0
598 93.0 19.0 13.0 301.0 66.0
599 56.0 19.0 19.0 330.0 39.0
1766
0 490
0 482
0 283
0 319
1 445
1 256
1 553
1 237
1 426
2 345
2 357
2 360
2 133
3 296
3 378
3 526
3 28
3 13
3 409
4 220
4 357
4 12
4 40
4 462
5 235
5 472
5 88
5 545
5 465
5 188
5 413
5 154
6 126
6 493
6 431
6 555
6 479
6 415
7 425
7 364
7 331
7 153
7 137
7 61
7 577
8 281
8 128
8 130
8 374
8 174
8 141
8 510
9 233
9 417
9 301
9 410
10 345
10 360
10 351
10 549
10 339
11 590
11 168
11 280
11 124
12 475
12 40
12 131
12 220
13 296
13 47
13 332
13 409
13 303
13 269
13 76
14 299
14 92
14 310
14 52
14 391
14 495
14 118
15 300
15 473
15 591
15 461
15 134
16 290
16 244
16 77
16 417
16 387
17 115
17 404
17 108
17 247
17 198
17 373
17 365
17 293
18 448
18 166
18 362
18 529
18 37
18 457
19 295
19 196
19 448
19 361
19 492
20 31
20 348
20 481
20 558
20 530
21 491
21 176
21 167
21 446
21 292
22 33
22 508
22 37
22 529
23 165
23 350
23 383
23 369
23 505
24 273
24 105
24 597
24 140
24 540
24 423
24 344
25 158
25 570
25 491
25 176
25 492
25 192
25 55
26 386
26 355
26 550
26 123
26 316
26 221
27 144
27 297
27 578
27 69
27 152
27 393
27 429
28 260
28 394
28 526
28 409
28 488
29 229
29 434
29 379
29 397
29 428
29 461
29 134
30 248
30 84
30 288
30 67
30 72
30 322
30 274
30 180
30 203
31 571
31 146
31 583
31 481
31 348
31 96
32 132
32 565
32 570
32 361
32 55
33 407
33 527
33 508
33 104
33 529
34 128
34 252
34 405
34 380
34 210
34 572
34 342
35 130
35 106
35 381
35 374
35 580
36 304
36 476
36 587
36 272
36 594
36 74
36 82
37 366
37 457
37 508
37 406
37 529
38 318
38 246
38 558
38 530
39 79
39 164
39 334
39 135
39 576
40 475
40 301
40 150
40 462
41 389
41 513
41 377
41 537
41 445
42 342
42 572
42 191
42 504
42 168
42 380
42 381
43 417
43 410
43 502
43 311
43 506
43 341
44 67
44 172
44 72
44 378
44 296
45 294
45 186
45 366
45 81
45 120
46 551
46 560
46 214
46 276
46 261
46 368
47 332
47 409
47 186
47 120
48 467
48 53
48 530
49 590
49 118
49 559
49 367
49 142
50 403
50 250
50 235
50 472
50 334
50 188
50 79
51 319
51 105
51 344
51 315
51 313
52 438
52 561
52 391
52 473
52 299
52 109
52 98
53 89
53 353
53 183
53 348
53 467
53 530
54 139
54 177
54 456
54 436
54 149
55 570
55 361
55 492
56 164
56 100
56 79
56 57
57 188
57 465
57 79
58 238
58 392
58 181
58 516
58 371
58 470
58 335
58 359
59 258
59 433
59 560
59 596
59 562
59 261
59 223
59 325
60 115
60 404
60 486
60 62
61 425
61 516
61 443
61 331
62 404
62 486
62 107
62 226
62 127
62 73
62 453
63 388
63 534
63 205
63 266
63 222
64 418
64 386
64 347
64 564
65 574
65 343
65 497
65 518
65 75
66 216
66 240
66 99
66 459
66 215
67 248
67 145
67 172
67 72
68 462
68 329
68 232
68 284
68 225
68 239
69 420
69 594
69 578
69 74
69 336
69 152
69 183
70 444
70 317
70 413
70 154
71 589
71 463
71 436
71 100
72 322
72 296
73 136
73 597
73 453
73 344
73 127
74 594
74 82
74 162
74 336
75 550
75 567
75 103
75 518
75 343
76 322
76 296
76 110
76 269
77 311
77 502
77 290
77 417
78 161
78 528
78 184
78 541
78 474
78 417
79 164
79 334
79 188
80 422
80 506
80 574
80 487
80 497
81 366
81 457
81 362
81 332
81 305
81 448
81 120
81 532
82 286
82 466
82 587
82 272
82 162
83 273
83 476
83 304
83 155
83 105
83 582
84 145
84 248
84 469
84 288
84 207
84 328
85 538
85 586
85 579
85 330
85 259
86 218
86 338
86 138
86 375
86 366
86 294
86 406
86 289
86 267
87 90
87 546
87 435
87 414
87 307
88 235
88 250
88 496
88 154
89 286
89 162
89 117
89 241
89 213
89 353
89 183
89 336
89 430
90 435
90 338
90 126
90 546
91 267
91 406
91 531
91 138
92 377
92 593
92 306
92 299
92 310
93 339
93 549
93 340
93 234
93 557
93 163
93 523
94 445
94 365
94 553
94 592
94 179
94 198
94 293
95 281
95 356
95 519
95 151
95 141
96 571
96 411
96 348
96 353
97 113
97 528
97 478
98 300
98 424
98 109
98 473
99 514
99 240
99 412
99 408
99 215
100 436
100 164
100 135
101 116
101 147
101 114
101 598
102 123
102 567
102 258
102 446
102 343
102 427
102 316
103 343
103 567
104 407
104 543
104 295
104 166
104 520
104 275
104 529
105 273
105 155
105 582
105 143
105 319
105 344
106 405
106 381
106 130
107 482
107 319
107 404
107 226
107 247
107 198
107 313
108 129
108 373
108 115
109 299
109 424
109 593
110 322
110 132
110 565
110 269
111 346
111 323
111 287
111 121
111 447
112 306
112 323
112 263
112 367
112 142
112 447
113 161
113 528
113 228
113 478
113 500
114 534
114 388
114 598
114 116
115 404
115 486
115 165
115 369
115 129
116 268
116 147
116 243
116 542
116 534
117 444
117 241
117 286
117 291
118 264
118 590
118 495
118 271
118 278
118 310
118 142
119 440
119 195
119 454
119 528
120 332
120 186
121 129
121 373
121 287
121 447
121 515
121 544
122 400
122 324
122 581
122 221
122 169
123 567
123 550
123 316
124 280
124 590
124 559
124 227
124 202
125 216
125 459
125 588
125 194
125 363
125 320
125 201
126 493
126 546
126 138
126 338
126 555
127 226
127 315
127 344
128 252
128 197
128 130
128 405
128 281
129 373
129 369
129 544
130 405
130 374
131 464
131 475
131 541
131 220
131 184
132 565
132 570
132 322
132 276
132 368
133 360
133 349
133 357
133 329
133 462
134 461
134 379
134 300
135 149
135 436
135 164
135 576
136 597
136 453
136 525
136 190
136 178
137 364
137 577
137 352
137 499
137 254
138 338
138 437
138 508
138 555
138 267
138 531
139 314
139 177
139 589
139 436
140 597
140 156
140 483
140 230
140 170
140 423
140 190
141 281
141 151
141 259
141 330
141 510
141 396
142 367
142 310
142 306
143 319
143 155
143 285
143 283
144 297
144 155
144 285
144 393
145 248
145 526
145 378
145 469
145 172
145 536
146 333
146 302
146 411
146 571
146 583
147 326
147 431
147 535
147 268
147 598
148 449
148 349
148 239
148 176
148 492
149 456
149 436
149 595
149 576
150 301
150 569
150 341
150 232
150 462
151 519
151 171
151 169
151 396
152 183
152 429
152 193
152 467
153 331
153 216
153 321
153 352
153 577
154 317
154 496
154 413
155 304
155 420
155 297
155 285
156 483
156 255
156 230
157 206
157 255
157 525
157 178
158 551
158 596
158 570
158 562
158 368
158 192
159 271
159 208
159 278
159 398
159 575
159 252
159 210
160 419
160 584
160 370
160 547
160 557
160 523
161 528
161 184
161 209
161 563
161 494
161 228
162 286
162 336
163 547
163 234
163 523
165 211
165 350
165 486
165 369
165 503
166 295
166 448
166 529
167 468
167 446
167 292
168 590
168 477
168 504
168 384
169 221
169 171
169 324
169 396
170 230
170 423
170 441
171 519
171 539
171 221
171 236
172 378
173 234
173 522
173 563
173 220
173 340
174 580
174 374
174 460
174 538
174 579
174 573
174 510
175 385
175 347
175 521
175 236
176 284
176 599
176 239
176 492
176 491
176 292
177 314
177 463
177 262
177 390
177 456
178 206
178 525
178 453
179 490
179 568
179 482
179 592
179 198
180 274
180 428
180 397
180 212
180 203
181 516
181 395
181 335
181 554
181 399
181 488
182 583
182 469
182 328
182 481
182 204
183 467
183 336
184 541
184 220
184 209
185 389
185 379
185 256
185 229
185 246
185 237
186 498
186 452
186 294
186 327
186 289
186 409
187 458
187 466
187 476
187 587
188 472
188 465
189 511
189 403
189 359
189 470
189 450
189 512
189 364
189 425
189 471
190 525
190 483
190 597
191 210
191 572
191 504
191 384
192 491
192 562
193 467
193 517
193 429
193 568
193 439
194 251
194 363
194 566
194 588
195 440
195 243
195 414
195 542
196 295
196 520
196 224
196 492
197 252
197 281
197 575
198 482
198 247
198 293
199 421
199 392
199 335
199 536
199 526
199 399
199 488
200 261
200 214
200 552
200 591
200 242
200 265
201 363
201 320
201 321
201 352
202 279
202 280
202 227
203 288
203 434
203 397
204 328
204 481
204 207
204 558
205 534
205 542
205 266
205 337
205 454
205 478
205 500
206 255
206 350
206 211
206 453
207 288
207 434
207 229
207 246
207 328
207 558
208 385
208 533
208 564
208 575
208 509
208 271
209 220
209 563
210 252
210 572
210 384
210 398
211 350
211 453
211 503
212 461
212 591
212 556
212 274
212 428
213 353
213 411
213 430
214 276
214 261
214 274
214 556
214 242
215 312
215 459
215 408
216 331
216 240
216 321
216 459
216 320
217 552
217 223
217 277
217 561
217 325
218 338
218 435
218 408
218 375
218 354
218 412
219 333
219 392
219 455
219 308
219 411
220 357
220 345
220 563
220 340
221 581
221 550
221 386
221 236
222 388
222 494
222 266
222 337
222 228
223 552
223 261
223 325
224 520
224 449
224 492
225 284
225 239
226 315
226 313
227 559
227 263
227 279
228 494
228 500
228 337
229 434
229 246
229 379
230 476
230 416
230 458
230 441
231 445
231 537
231 365
231 373
231 287
232 284
232 599
232 376
232 569
232 487
232 462
233 301
233 475
233 417
233 474
234 522
234 340
234 547
235 250
235 472
236 521
236 539
236 347
236 386
237 318
237 246
237 256
237 426
238 392
238 455
238 317
238 450
238 359
239 284
239 349
239 329
240 498
240 443
240 331
240 514
240 451
241 444
241 308
241 430
242 556
242 265
243 414
243 268
243 542
244 489
244 442
244 497
244 290
244 387
245 495
245 382
245 564
245 271
245 509
246 318
246 558
247 404
249 291
249 286
249 372
249 485
250 403
250 511
250 496
250 471
251 363
251 507
251 262
251 352
251 566
252 575
253 305
253 565
253 269
253 303
254 358
254 501
254 499
254 352
254 507
255 483
255 350
255 525
256 389
256 513
256 445
257 451
257 452
257 514
257 585
257 412
258 446
258 433
258 427
258 491
258 562
259 586
259 330
259 510
260 395
260 394
260 432
260 327
260 409
261 560
261 552
262 390
262 480
262 507
262 566
263 367
263 524
263 383
263 559
263 279
263 447
264 590
264 384
264 278
265 591
265 556
266 337
267 406
268 414
268 298
268 535
269 303
269 565
270 364
270 512
270 334
270 576
270 501
270 499
271 495
271 278
271 509
272 587
273 416
273 476
273 540
273 582
274 276
274 556
274 322
275 520
275 449
275 401
275 543
275 349
275 351
276 322
276 368
277 433
277 355
277 561
277 325
278 384
278 398
279 280
279 383
280 383
280 350
281 533
281 356
281 575
282 376
282 599
282 468
282 292
283 393
283 490
283 285
283 319
284 599
285 393
286 548
286 466
286 291
286 485
287 346
287 537
287 373
288 434
289 375
289 452
289 294
290 497
290 311
291 444
291 372
292 468
292 599
293 365
294 366
295 520
295 448
296 378
296 322
297 420
297 578
298 431
298 493
298 414
298 535
299 593
300 424
300 379
300 473
301 341
301 410
301 475
302 421
302 392
302 333
302 469
302 583
303 332
303 305
304 476
304 594
304 420
305 565
305 332
305 532
306 377
306 346
306 323
306 310
307 435
307 312
307 414
308 444
308 317
308 455
308 411
308 430
309 495
309 391
309 438
309 382
309 355
311 506
311 502
311 497
312 408
312 435
312 414
312 459
313 319
313 315
314 463
314 589
315 344
316 427
316 355
316 433
317 444
317 455
317 450
317 496
318 426
318 467
318 530
319 482
320 321
321 352
323 346
323 447
324 400
324 579
324 396
325 433
326 431
326 479
326 598
326 388
326 547
326 370
327 498
327 432
327 409
328 469
329 349
329 462
330 396
330 579
331 443
333 392
333 411
334 403
334 512
334 576
335 392
335 399
337 500
338 435
339 345
339 549
339 340
340 345
341 410
341 506
341 569
342 380
342 572
343 446
343 567
343 574
344 597
345 360
345 357
346 537
346 377
347 385
347 386
347 564
348 353
348 530
349 449
349 360
349 351
350 383
351 549
351 401
351 360
352 363
352 507
352 577
353 411
354 375
354 585
354 412
355 386
355 418
355 438
355 561
355 433
355 382
356 533
356 519
356 521
357 462
358 595
358 507
358 576
358 501
359 450
359 470
361 565
361 448
361 492
362 457
362 448
364 425
364 512
364 499
365 445
365 373
366 457
366 406
367 559
368 551
368 570
369 515
369 544
369 505
370 547
370 479
370 415
370 584
371 516
371 425
371 470
372 413
372 444
372 545
372 548
372 485
374 580
375 452
375 585
376 468
376 487
376 599
377 389
377 593
377 537
378 526
379 389
379 424
380 405
380 381
381 405
382 495
382 418
382 564
383 505
383 524
384 590
384 477
384 504
384 398
385 533
385 564
385 521
386 418
387 442
387 579
387 417
388 534
388 494
388 522
388 598
388 547
389 513
389 593
389 424
390 456
390 480
390 595
391 438
391 495
392 421
392 455
393 490
393 429
394 395
394 554
394 488
395 432
395 516
395 554
396 579
397 434
397 428
399 488
400 579
400 442
400 489
400 581
401 549
401 543
402 466
402 465
402 545
402 548
403 511
403 512
406 508
406 531
407 527
407 549
407 543
407 419
407 557
408 435
408 412
410 417
411 430
411 571
412 585
412 514
413 444
413 545
414 459
414 588
414 546
414 493
415 555
415 437
415 584
415 479
416 476
416 540
416 423
416 441
417 502
417 474
417 579
418 564
419 527
419 437
419 584
419 508
419 557
420 594
420 578
421 469
421 536
422 506
422 487
422 569
423 540
423 441
424 593
425 516
425 470
426 467
426 517
426 553
426 439
427 433
428 461
429 490
429 568
431 493
431 535
431 479
432 516
432 443
432 498
436 589
437 508
437 584
437 555
438 561
439 553
439 517
439 592
439 568
440 542
440 454
442 579
442 489
443 516
443 498
445 513
445 537
445 553
446 574
446 491
446 468
447 515
447 505
447 524
448 565
448 532
449 492
449 520
450 496
450 471
451 452
451 514
451 498
452 498
452 585
453 503
453 486
454 528
454 542
454 478
456 595
458 466
458 465
458 476
459 588
460 538
460 586
460 573
460 484
461 591
463 589
464 475
464 541
464 474
465 466
465 545
466 587
466 548
467 517
467 530
468 487
468 574
469 536
469 583
471 496
471 511
473 591
473 561
474 541
474 475
476 587
477 504
478 528
478 500
480 507
480 595
481 583
481 558
482 490
483 525
484 586
484 573
485 548
486 503
487 574
487 569
488 526
488 554
489 581
489 497
489 518
490 568
491 562
493 546
494 522
494 563
497 574
497 506
497 518
499 501
501 576
505 515
505 524
506 569
507 595
508 527
508 531
509 564
510 586
510 573
515 544
518 581
518 550
519 521
519 539
521 533
521 539
522 563
522 547
523 547
523 557
526 536
530 558
532 565
533 575
534 542
538 586
538 579
543 549
545 548
549 557
550 567
550 581
551 596
551 560
552 591
552 561
553 592
556 591
559 590
560 596
561 591
562 596
568 592
573 586
576 595
10 0.5 0.5 0.5
