600
0 67.0 67.0 14.0 29.0 96.0
1 85.0 67.0 16.0 182.0 65.0
2 4.0 78.0 15.0 318.0 74.0
3 6.0 83.0 17.0 392.0 16.0
4 82.0 47.0 5.0 103.0 67.0
5 29.0 67.0 14.0 265.0 27.0
6 61.0 13.0 16.0 324.0 72.0
7 19.0 77.0 7.0 72.0 78.0
8 18.0 69.0 10.0 382.0 88.0
9 56.0 16.0 4.0 272.0 81.0
10 72.0 11.0 15.0 306.0 48.0
11 41.0 73.0 17.0 316.0 94.0
12 13.0 29.0 12.0 359.0 52.0
13 19.0 83.0 8.0 60.0 36.0
14 20.0 2.0 18.0 340.0 47.0
15 28.0 6.0 12.0 127.0 59.0
16 31.0 88.0 13.0 130.0 95.0
17 99.0 96.0 15.0 293.0 76.0
18 76.0 73.0 6.0 33.0 66.0
19 60.0 14.0 9.0 340.0 29.0
20 48.0 5.0 19.0 272.0 49.0
21 70.0 56.0 9.0 49.0 22.0
22 52.0 67.0 5.0 326.0 85.0
23 1.0 68.0 4.0 127.0 38.0
24 22.0 61.0 14.0 283.0 32.0
25 99.0 54.0 15.0 196.0 17.0
26 86.0 92.0 5.0 398.0 79.0
27 84.0 22.0 10.0 129.0 84.0
28 19.0 80.0 11.0 221.0 47.0
29 29.0 71.0 8.0 369.0 30.0
30 87.0 88.0 18.0 228.0 28.0
31 52.0 17.0 9.0 152.0 88.0
32 2.0 41.0 17.0 74.0 63.0
33 48.0 68.0 7.0 301.0 40.0
34 2.0 7.0 10.0 292.0 67.0
35 45.0 47.0 12.0 287.0 25.0
36 59.0 85.0 9.0 266.0 98.0
37 30.0 94.0 11.0 86.0 48.0
38 76.0 11.0 11.0 326.0 17.0
39 1.0 52.0 15.0 59.0 83.0
40 58.0 19.0 12.0 29.0 35.0
41 71.0 15.0 8.0 298.0 72.0
42 96.0 29.0 11.0 84.0 67.0
43 81.0 43.0 12.0 83.0 49.0
44 94.0 27.0 7.0 244.0 89.0
45 94.0 80.0 19.0 355.0 99.0
46 84.0 91.0 5.0 96.0 88.0
47 48.0 30.0 9.0 319.0 27.0
48 15.0 73.0 10.0 273.0 32.0
49 42.0 37.0 5.0 139.0 78.0
50 7.0 33.0 11.0 302.0 67.0
51 16.0 82.0 6.0 302.0 98.0
52 27.0 69.0 9.0 244.0 56.0
53 65.0 5.0 13.0 383.0 71.0
54 1.0 74.0 10.0 248.0 84.0
55 7.0 60.0 11.0 210.0 94.0
56 60.0 1.0 8.0 199.0 57.0
57 86.0 91.0 9.0 81.0 93.0
58 57.0 38.0 18.0 96.0 89.0
59 23.0 74.0 11.0 79.0 81.0
60 89.0 86.0 17.0 329.0 50.0
61 67.0 78.0 13.0 171.0 34.0
62 6.0 33.0 19.0 341.0 74.0
63 82.0 10.0 15.0 389.0 36.0
64 10.0 68.0 9.0 47.0 27.0
65 78.0 65.0 4.0 258.0 77.0
66 24.0 97.0 15.0 195.0 79.0
67 42.0 36.0 15.0 315.0 57.0
68 79.0 1.0 14.0 92.0 23.0
69 42.0 75.0 7.0 137.0 63.0
70 7.0 27.0 8.0 154.0 63.0
71 14.0 76.0 13.0 259.0 84.0
72 96.0 59.0 9.0 279.0 65.0
73 18.0 19.0 18.0 105.0 82.0
74 40.0 5.0 6.0 139.0 60.0
75 91.0 43.0 19.0 173.0 74.0
76 3.0 76.0 11.0 325.0 65.0
77 23.0 2.0 6.0 373.0 37.0
78 82.0 18.0 13.0 52.0 76.0
79 37.0 20.0 6.0 110.0 20.0
80 17.0 14.0 18.0 322.0 71.0
81 31.0 31.0 11.0 320.0 53.0
82 17.0 4.0 12.0 182.0 22.0
83 18.0 80.0 14.0 330.0 44.0
84 29.0 26.0 5.0 161.0 95.0
85 18.0 49.0 9.0 157.0 35.0
86 88.0 84.0 13.0 196.0 21.0
87 28.0 24.0 5.0 347.0 24.0
88 79.0 16.0 8.0 27.0 15.0
89 90.0 12.0 19.0 252.0 90.0
90 51.0 13.0 15.0 338.0 61.0
91 12.0 77.0 13.0 145.0 74.0
92 37.0 79.0 11.0 223.0 82.0
93 24.0 61.0 19.0 380.0 36.0
94 60.0 32.0 16.0 314.0 23.0
95 11.0 50.0 17.0 102.0 58.0
96 48.0 66.0 12.0 40.0 91.0
97 56.0 25.0 10.0 150.0 41.0
98 14.0 62.0 16.0 170.0 92.0
99 100.0 87.0 19.0 317.0 40.0
100 82.0 86.0 12.0 139.0 38.0
101 32.0 93.0 7.0 233.0 23.0
102 57.0 53.0 4.0 223.0 47.0
103 88.0 7.0 8.0 260.0 19.0
104 9.0 64.0 5.0 285.0 16.0
105 50.0 71.0 6.0 394.0 26.0
106 70.0 51.0 7.0 178.0 17.0
107 28.0 39.0 16.0 220.0 26.0
108 44.0 26.0 13.0 32.0 39.0
109 76.0 34.0 13.0 192.0 26.0
110 96.0 39.0 10.0 295.0 55.0
111 83.0 1.0 17.0 190.0 59.0
112 26.0 75.0 14.0 17.0 85.0
113 34.0 51.0 18.0 154.0 39.0
114 13.0 92.0 11.0 269.0 51.0
115 55.0 83.0 8.0 212.0 63.0
116 37.0 44.0 5.0 350.0 33.0
117 25.0 33.0 6.0 188.0 38.0
118 20.0 43.0 18.0 94.0 33.0
119 16.0 25.0 15.0 346.0 69.0
120 100.0 16.0 12.0 294.0 42.0
121 85.0 1.0 18.0 147.0 62.0
122 78.0 39.0 12.0 54.0 21.0
123 54.0 16.0 10.0 161.0 89.0
124 39.0 30.0 5.0 298.0 22.0
125 22.0 70.0 6.0 50.0 63.0
126 48.0 80.0 14.0 29.0 81.0
127 36.0 21.0 9.0 209.0 17.0
128 84.0 4.0 6.0 231.0 98.0
129 84.0 67.0 11.0 156.0 40.0
130 40.0 73.0 18.0 105.0 78.0
131 7.0 67.0 11.0 387.0 62.0
132 68.0 30.0 8.0 103.0 60.0
133 29.0 72.0 7.0 121.0 93.0
134 11.0 17.0 15.0 62.0 43.0
135 0.0 52.0 10.0 309.0 18.0
136 67.0 88.0 13.0 31.0 43.0
137 3.0 43.0 10.0 381.0 45.0
138 89.0 39.0 12.0 377.0 66.0
139 41.0 92.0 12.0 275.0 88.0
140 9.0 88.0 7.0 67.0 67.0
141 32.0 70.0 6.0 86.0 91.0
142 57.0 46.0 6.0 372.0 92.0
143 34.0 84.0 8.0 256.0 92.0
144 50.0 23.0 8.0 29.0 45.0
145 28.0 50.0 6.0 253.0 35.0
146 7.0 1.0 14.0 347.0 80.0
147 44.0 94.0 13.0 160.0 73.0
148 86.0 6.0 7.0 386.0 72.0
149 92.0 94.0 16.0 223.0 47.0
150 33.0 88.0 5.0 309.0 27.0
151 22.0 84.0 16.0 21.0 98.0
152 32.0 44.0 16.0 132.0 76.0
153 83.0 55.0 6.0 156.0 61.0
154 78.0 38.0 14.0 52.0 86.0
155 80.0 10.0 12.0 22.0 87.0
156 94.0 12.0 8.0 338.0 69.0
157 100.0 64.0 12.0 149.0 73.0
158 44.0 45.0 8.0 116.0 58.0
159 48.0 31.0 10.0 390.0 84.0
160 6.0 44.0 5.0 268.0 31.0
161 71.0 17.0 13.0 51.0 43.0
162 69.0 79.0 7.0 97.0 72.0
163 68.0 99.0 5.0 243.0 91.0
164 51.0 83.0 9.0 333.0 69.0
165 62.0 30.0 19.0 36.0 77.0
166 84.0 92.0 11.0 280.0 37.0
167 89.0 29.0 11.0 366.0 48.0
168 39.0 88.0 16.0 189.0 59.0
169 24.0 60.0 13.0 152.0 99.0
170 67.0 22.0 17.0 144.0 53.0
171 88.0 22.0 9.0 197.0 94.0
172 88.0 39.0 19.0 202.0 69.0
173 18.0 15.0 9.0 116.0 27.0
174 50.0 96.0 13.0 95.0 27.0
175 51.0 61.0 19.0 375.0 22.0
176 44.0 28.0 10.0 127.0 71.0
177 23.0 8.0 19.0 374.0 65.0
178 83.0 8.0 6.0 179.0 54.0
179 49.0 52.0 7.0 394.0 74.0
180 80.0 71.0 16.0 218.0 70.0
181 74.0 45.0 10.0 41.0 83.0
182 16.0 80.0 19.0 320.0 85.0
183 56.0 34.0 9.0 172.0 76.0
184 94.0 58.0 5.0 99.0 16.0
185 74.0 8.0 17.0 339.0 74.0
186 19.0 40.0 13.0 219.0 81.0
187 84.0 29.0 18.0 314.0 41.0
188 80.0 55.0 15.0 267.0 40.0
189 44.0 53.0 7.0 60.0 88.0
190 60.0 58.0 10.0 151.0 62.0
191 58.0 51.0 15.0 151.0 16.0
192 50.0 19.0 13.0 194.0 71.0
193 52.0 18.0 15.0 67.0 55.0
194 32.0 80.0 10.0 337.0 44.0
195 66.0 41.0 7.0 283.0 16.0
196 75.0 82.0 11.0 97.0 27.0
197 83.0 16.0 10.0 181.0 63.0
198 78.0 52.0 18.0 146.0 80.0
199 36.0 94.0 9.0 177.0 25.0
200 81.0 27.0 8.0 152.0 70.0
201 59.0 29.0 13.0 236.0 35.0
202 65.0 77.0 18.0 168.0 16.0
203 81.0 19.0 8.0 22.0 37.0
204 80.0 58.0 18.0 236.0 62.0
205 97.0 22.0 9.0 181.0 89.0
206 93.0 97.0 4.0 376.0 91.0
207 9.0 68.0 12.0 48.0 42.0
208 15.0 31.0 11.0 51.0 74.0
209 6.0 74.0 17.0 128.0 52.0
210 22.0 62.0 15.0 47.0 27.0
211 31.0 40.0 10.0 110.0 78.0
212 2.0 26.0 4.0 235.0 55.0
213 18.0 1.0 4.0 191.0 46.0
214 88.0 72.0 12.0 271.0 70.0
215 68.0 77.0 17.0 203.0 61.0
216 67.0 89.0 7.0 383.0 31.0
217 99.0 0.0 4.0 90.0 86.0
218 14.0 7.0 11.0 95.0 78.0
219 78.0 64.0 11.0 273.0 34.0
220 99.0 5.0 9.0 320.0 34.0
221 13.0 79.0 15.0 85.0 65.0
222 87.0 1.0 10.0 390.0 71.0
223 14.0 6.0 17.0 31.0 64.0
224 0.0 74.0 12.0 278.0 99.0
225 78.0 24.0 12.0 108.0 91.0
226 65.0 86.0 14.0 261.0 38.0
227 95.0 13.0 15.0 17.0 91.0
228 50.0 40.0 6.0 81.0 77.0
229 71.0 4.0 18.0 376.0 56.0
230 74.0 68.0 12.0 121.0 75.0
231 6.0 75.0 15.0 130.0 26.0
232 3.0 44.0 10.0 167.0 64.0
233 28.0 61.0 12.0 194.0 24.0
234 90.0 63.0 19.0 197.0 91.0
235 32.0 34.0 17.0 150.0 27.0
236 90.0 67.0 18.0 214.0 23.0
237 27.0 9.0 12.0 258.0 15.0
238 48.0 19.0 17.0 127.0 98.0
239 46.0 30.0 19.0 174.0 33.0
240 31.0 89.0 5.0 232.0 84.0
241 1.0 84.0 7.0 308.0 90.0
242 67.0 97.0 4.0 59.0 38.0
243 89.0 42.0 14.0 217.0 60.0
244 30.0 70.0 17.0 190.0 46.0
245 46.0 39.0 10.0 47.0 75.0
246 62.0 35.0 18.0 316.0 82.0
247 8.0 82.0 6.0 68.0 93.0
248 82.0 15.0 4.0 354.0 73.0
249 30.0 55.0 19.0 189.0 74.0
250 92.0 75.0 19.0 192.0 26.0
251 68.0 48.0 8.0 338.0 15.0
252 57.0 50.0 13.0 118.0 85.0
253 46.0 25.0 18.0 340.0 60.0
254 91.0 74.0 16.0 47.0 96.0
255 26.0 51.0 10.0 227.0 54.0
256 70.0 0.0 4.0 32.0 45.0
257 24.0 100.0 11.0 22.0 52.0
258 40.0 82.0 7.0 396.0 19.0
259 82.0 76.0 16.0 271.0 28.0
260 9.0 82.0 13.0 155.0 17.0
261 98.0 70.0 4.0 309.0 82.0
262 19.0 66.0 15.0 60.0 25.0
263 7.0 75.0 14.0 165.0 95.0
264 2.0 53.0 17.0 301.0 48.0
265 85.0 92.0 11.0 33.0 83.0
266 71.0 59.0 19.0 23.0 44.0
267 2.0 16.0 17.0 168.0 84.0
268 93.0 7.0 12.0 193.0 27.0
269 49.0 0.0 11.0 311.0 71.0
270 29.0 70.0 15.0 153.0 95.0
271 40.0 1.0 19.0 122.0 28.0
272 47.0 68.0 10.0 356.0 34.0
273 11.0 52.0 17.0 233.0 28.0
274 56.0 55.0 14.0 162.0 34.0
275 23.0 56.0 4.0 124.0 87.0
276 57.0 89.0 10.0 170.0 54.0
277 1.0 60.0 7.0 397.0 82.0
278 86.0 81.0 19.0 361.0 68.0
279 86.0 50.0 8.0 155.0 51.0
280 88.0 63.0 8.0 290.0 42.0
281 17.0 40.0 14.0 154.0 30.0
282 40.0 74.0 10.0 200.0 69.0
283 8.0 22.0 7.0 136.0 66.0
284 77.0 38.0 18.0 228.0 24.0
285 8.0 7.0 10.0 273.0 67.0
286 55.0 66.0 13.0 56.0 84.0
287 58.0 82.0 9.0 399.0 21.0
288 34.0 8.0 9.0 181.0 30.0
289 16.0 63.0 15.0 221.0 80.0
290 35.0 12.0 4.0 104.0 99.0
291 49.0 80.0 9.0 385.0 41.0
292 60.0 88.0 12.0 26.0 52.0
293 54.0 74.0 19.0 57.0 96.0
294 85.0 61.0 13.0 78.0 76.0
295 29.0 5.0 14.0 215.0 60.0
296 43.0 49.0 4.0 165.0 30.0
297 95.0 93.0 5.0 62.0 31.0
298 8.0 70.0 8.0 114.0 95.0
299 41.0 7.0 11.0 51.0 52.0
300 26.0 34.0 13.0 132.0 70.0
301 60.0 97.0 7.0 106.0 61.0
302 28.0 73.0 9.0 46.0 41.0
303 25.0 40.0 12.0 153.0 90.0
304 95.0 58.0 19.0 200.0 85.0
305 1.0 18.0 18.0 116.0 53.0
306 59.0 46.0 16.0 228.0 27.0
307 19.0 65.0 13.0 372.0 92.0
308 17.0 51.0 14.0 332.0 21.0
309 48.0 10.0 7.0 306.0 33.0
310 100.0 52.0 13.0 111.0 71.0
311 39.0 55.0 18.0 279.0 99.0
312 97.0 66.0 16.0 47.0 51.0
313 66.0 80.0 5.0 329.0 82.0
314 10.0 74.0 11.0 202.0 90.0
315 17.0 61.0 17.0 251.0 39.0
316 46.0 62.0 10.0 305.0 22.0
317 41.0 1.0 8.0 261.0 99.0
318 52.0 54.0 19.0 165.0 85.0
319 36.0 67.0 12.0 94.0 35.0
320 4.0 65.0 12.0 190.0 66.0
321 72.0 94.0 15.0 309.0 85.0
322 21.0 37.0 11.0 352.0 67.0
323 4.0 55.0 9.0 147.0 76.0
324 35.0 71.0 5.0 59.0 79.0
325 62.0 4.0 4.0 253.0 45.0
326 35.0 21.0 9.0 339.0 88.0
327 76.0 59.0 11.0 107.0 87.0
328 90.0 26.0 17.0 212.0 63.0
329 90.0 84.0 19.0 332.0 91.0
330 93.0 12.0 7.0 177.0 92.0
331 81.0 56.0 6.0 340.0 73.0
332 76.0 0.0 12.0 262.0 19.0
333 85.0 82.0 18.0 337.0 27.0
334 5.0 25.0 5.0 336.0 76.0
335 80.0 82.0 7.0 100.0 75.0
336 33.0 56.0 9.0 57.0 55.0
337 88.0 65.0 14.0 326.0 76.0
338 28.0 23.0 6.0 311.0 26.0
339 19.0 36.0 5.0 327.0 17.0
340 19.0 32.0 5.0 169.0 71.0
341 84.0 35.0 18.0 151.0 94.0
342 97.0 5.0 7.0 317.0 62.0
343 91.0 25.0 4.0 338.0 45.0
344 25.0 57.0 19.0 386.0 50.0
345 9.0 5.0 4.0 203.0 81.0
346 58.0 14.0 13.0 259.0 32.0
347 34.0 3.0 5.0 102.0 37.0
348 73.0 84.0 5.0 358.0 50.0
349 3.0 16.0 18.0 102.0 46.0
350 78.0 72.0 7.0 87.0 82.0
351 56.0 92.0 4.0 156.0 75.0
352 19.0 56.0 7.0 150.0 73.0
353 59.0 94.0 5.0 50.0 62.0
354 93.0 21.0 8.0 236.0 81.0
355 27.0 49.0 19.0 267.0 62.0
356 81.0 30.0 4.0 27.0 44.0
357 43.0 8.0 13.0 215.0 99.0
358 22.0 55.0 13.0 326.0 79.0
359 74.0 16.0 12.0 140.0 77.0
360 37.0 1.0 11.0 102.0 30.0
361 24.0 41.0 12.0 227.0 79.0
362 79.0 35.0 17.0 328.0 39.0
363 20.0 31.0 18.0 301.0 20.0
364 21.0 44.0 9.0 122.0 58.0
365 37.0 77.0 6.0 56.0 32.0
366 75.0 9.0 4.0 298.0 81.0
367 0.0 12.0 15.0 89.0 70.0
368 59.0 7.0 16.0 144.0 66.0
369 47.0 24.0 5.0 176.0 19.0
370 14.0 61.0 10.0 45.0 74.0
371 82.0 58.0 13.0 339.0 37.0
372 3.0 70.0 10.0 316.0 82.0
373 90.0 78.0 12.0 183.0 57.0
374 25.0 21.0 7.0 335.0 17.0
375 25.0 52.0 15.0 314.0 31.0
376 90.0 86.0 15.0 82.0 81.0
377 25.0 99.0 12.0 329.0 78.0
378 57.0 71.0 10.0 274.0 87.0
379 90.0 47.0 7.0 85.0 71.0
380 71.0 62.0 13.0 316.0 81.0
381 38.0 49.0 16.0 141.0 71.0
382 36.0 54.0 5.0 323.0 91.0
383 38.0 64.0 13.0 368.0 29.0
384 49.0 36.0 19.0 391.0 57.0
385 57.0 86.0 4.0 291.0 18.0
386 97.0 62.0 8.0 305.0 92.0
387 26.0 38.0 6.0 158.0 65.0
388 98.0 37.0 6.0 150.0 41.0
389 68.0 38.0 4.0 58.0 43.0
390 15.0 76.0 18.0 88.0 46.0
391 17.0 68.0 10.0 108.0 84.0
392 49.0 9.0 6.0 253.0 77.0
393 94.0 60.0 11.0 357.0 32.0
394 21.0 13.0 5.0 205.0 42.0
395 76.0 94.0 5.0 351.0 93.0
396 32.0 49.0 14.0 269.0 61.0
397 10.0 32.0 15.0 143.0 70.0
398 12.0 17.0 16.0 220.0 53.0
399 44.0 15.0 10.0 39.0 74.0
400 72.0 34.0 16.0 279.0 62.0
401 30.0 74.0 15.0 283.0 27.0
402 36.0 11.0 11.0 110.0 53.0
403 61.0 19.0 4.0 275.0 76.0
404 38.0 90.0 18.0 41.0 83.0
405 91.0 52.0 8.0 159.0 57.0
406 6.0 49.0 6.0 116.0 24.0
407 77.0 100.0 13.0 283.0 27.0
408 100.0 42.0 14.0 53.0 95.0
409 48.0 16.0 13.0 340.0 59.0
410 83.0 68.0 19.0 19.0 69.0
411 82.0 65.0 19.0 16.0 85.0
412 86.0 0.0 6.0 268.0 99.0
413 46.0 2.0 9.0 240.0 37.0
414 20.0 19.0 7.0 302.0 43.0
415 69.0 36.0 13.0 258.0 67.0
416 17.0 65.0 10.0 87.0 73.0
417 48.0 85.0 6.0 82.0 22.0
418 59.0 58.0 11.0 343.0 41.0
419 76.0 26.0 10.0 308.0 98.0
420 87.0 67.0 10.0 30.0 47.0
421 88.0 86.0 11.0 369.0 95.0
422 49.0 59.0 14.0 213.0 23.0
423 32.0 30.0 12.0 50.0 72.0
424 83.0 33.0 7.0 60.0 33.0
425 100.0 94.0 9.0 153.0 19.0
426 8.0 32.0 7.0 262.0 76.0
427 14.0 22.0 8.0 385.0 59.0
428 56.0 11.0 8.0 190.0 44.0
429 39.0 91.0 12.0 169.0 38.0
430 94.0 14.0 7.0 348.0 88.0
431 11.0 89.0 6.0 337.0 56.0
432 77.0 25.0 15.0 367.0 69.0
433 65.0 45.0 14.0 305.0 73.0
434 91.0 7.0 7.0 316.0 27.0
435 14.0 41.0 15.0 265.0 22.0
436 45.0 48.0 10.0 78.0 32.0
437 100.0 50.0 19.0 203.0 27.0
438 71.0 35.0 5.0 131.0 78.0
439 20.0 44.0 18.0 337.0 95.0
440 78.0 61.0 17.0 63.0 59.0
441 31.0 29.0 7.0 380.0 29.0
442 73.0 89.0 16.0 389.0 46.0
443 11.0 4.0 4.0 112.0 63.0
444 88.0 48.0 19.0 262.0 46.0
445 31.0 64.0 18.0 141.0 31.0
446 3.0 40.0 11.0 73.0 61.0
447 52.0 46.0 17.0 360.0 63.0
448 62.0 21.0 6.0 96.0 71.0
449 59.0 59.0 5.0 270.0 76.0
450 62.0 25.0 14.0 185.0 87.0
451 92.0 93.0 17.0 111.0 53.0
452 1.0 14.0 17.0 306.0 87.0
453 23.0 45.0 15.0 284.0 44.0
454 69.0 64.0 4.0 75.0 93.0
455 53.0 99.0 13.0 121.0 17.0
456 61.0 34.0 12.0 31.0 15.0
457 15.0 44.0 9.0 105.0 83.0
458 92.0 69.0 4.0 273.0 45.0
459 27.0 58.0 13.0 63.0 70.0
460 78.0 36.0 6.0 95.0 23.0
461 19.0 87.0 6.0 207.0 58.0
462 56.0 56.0 7.0 265.0 94.0
463 64.0 51.0 17.0 364.0 82.0
464 69.0 30.0 18.0 328.0 25.0
465 6.0 10.0 11.0 166.0 53.0
466 63.0 91.0 8.0 36.0 79.0
467 47.0 73.0 15.0 155.0 76.0
468 85.0 81.0 15.0 136.0 69.0
469 76.0 21.0 9.0 89.0 98.0
470 98.0 7.0 8.0 307.0 32.0
471 53.0 24.0 13.0 259.0 92.0
472 41.0 19.0 10.0 215.0 44.0
473 6.0 0.0 7.0 144.0 79.0
474 13.0 81.0 6.0 178.0 17.0
475 30.0 12.0 16.0 333.0 88.0
476 27.0 28.0 18.0 258.0 28.0
477 1.0 36.0 5.0 195.0 34.0
478 49.0 84.0 7.0 241.0 45.0
479 73.0 14.0 16.0 279.0 26.0
480 22.0 36.0 18.0 365.0 31.0
481 17.0 8.0 15.0 304.0 34.0
482 30.0 4.0 13.0 247.0 45.0
483 90.0 32.0 14.0 254.0 83.0
484 79.0 87.0 16.0 269.0 73.0
485 3.0 67.0 6.0 333.0 57.0
486 27.0 64.0 12.0 103.0 93.0
487 34.0 87.0 7.0 385.0 59.0
488 49.0 15.0 6.0 111.0 97.0
489 85.0 97.0 8.0 369.0 41.0
490 1.0 15.0 16.0 153.0 60.0
491 8.0 30.0 19.0 321.0 43.0
492 90.0 4.0 11.0 229.0 36.0
493 25.0 87.0 9.0 53.0 53.0
494 27.0 76.0 14.0 391.0 40.0
495 5.0 66.0 17.0 391.0 25.0
496 65.0 23.0 11.0 343.0 30.0
497 77.0 24.0 4.0 309.0 16.0
498 84.0 24.0 8.0 267.0 77.0
499 13.0 65.0 10.0 363.0 53.0
500 9.0 94.0 11.0 48.0 47.0
501 19.0 10.0 14.0 373.0 69.0
502 69.0 67.0 9.0 162.0 48.0
503 11.0 92.0 13.0 123.0 68.0
504 82.0 39.0 5.0 159.0 19.0
505 78.0 4.0 7.0 171.0 67.0
506 73.0 11.0 13.0 67.0 47.0
507 32.0 31.0 12.0 378.0 32.0
508 9.0 63.0 10.0 54.0 45.0
509 33.0 93.0 15.0 346.0 99.0
510 49.0 58.0 8.0 170.0 19.0
511 88.0 24.0 13.0 341.0 20.0
512 64.0 61.0 11.0 324.0 53.0
513 76.0 83.0 15.0 34.0 82.0
514 75.0 69.0 8.0 161.0 37.0
515 98.0 45.0 11.0 49.0 81.0
516 14.0 86.0 11.0 156.0 18.0
517 57.0 72.0 17.0 359.0 29.0
518 17.0 58.0 13.0 69.0 76.0
519 15.0 35.0 11.0 370.0 24.0
520 96.0 77.0 5.0 93.0 69.0
521 1.0 34.0 13.0 240.0 42.0
522 62.0 64.0 16.0 279.0 98.0
523 63.0 99.0 7.0 281.0 91.0
524 42.0 86.0 10.0 327.0 70.0
525 48.0 56.0 8.0 97.0 90.0
526 22.0 100.0 17.0 375.0 91.0
527 74.0 66.0 19.0 247.0 43.0
528 73.0 79.0 14.0 319.0 61.0
529 28.0 8.0 10.0 97.0 35.0
530 38.0 26.0 17.0 215.0 48.0
531 52.0 87.0 11.0 164.0 78.0
532 62.0 29.0 13.0 362.0 24.0
533 20.0 82.0 8.0 221.0 63.0
534 5.0 51.0 15.0 205.0 68.0
535 16.0 83.0 11.0 252.0 98.0
536 75.0 75.0 18.0 282.0 55.0
537 18.0 83.0 8.0 201.0 83.0
538 24.0 70.0 16.0 252.0 42.0
539 43.0 20.0 7.0 147.0 68.0
540 96.0 50.0 16.0 115.0 50.0
541 68.0 70.0 16.0 274.0 58.0
542 69.0 35.0 5.0 326.0 61.0
543 8.0 45.0 5.0 275.0 74.0
544 12.0 57.0 8.0 337.0 16.0
545 73.0 62.0 12.0 244.0 49.0
546 6.0 99.0 10.0 382.0 40.0
547 100.0 66.0 9.0 166.0 33.0
548 88.0 98.0 14.0 228.0 35.0
549 5.0 47.0 7.0 189.0 61.0
550 70.0 52.0 12.0 106.0 98.0
551 86.0 13.0 11.0 52.0 26.0
552 3.0 87.0 14.0 271.0 33.0
553 94.0 76.0 17.0 252.0 83.0
554 23.0 95.0 18.0 93.0 94.0
555 15.0 96.0 13.0 295.0 82.0
556 45.0 99.0 4.0 364.0 83.0
557 80.0 46.0 11.0 160.0 52.0
558 14.0 2.0 5.0 145.0 85.0
559 94.0 6.0 9.0 271.0 34.0
560 10.0 92.0 4.0 262.0 65.0
561 10.0 78.0 7.0 77.0 32.0
562 100.0 33.0 6.0 296.0 99.0
563 34.0 65.0 16.0 103.0 59.0
564 18.0 8.0 15.0 49.0 19.0
565 18.0 95.0 14.0 35.0 19.0
566 86.0 44.0 12.0 84.0 83.0
567 31.0 43.0 8.0 197.0 99.0
568 12.0 34.0 8.0 397.0 48.0
569 14.0 44.0 11.0 39.0 95.0
570 47.0 84.0 5.0 76.0 50.0
571 26.0 62.0 5.0 45.0 81.0
572 77.0 82.0 12.0 317.0 22.0
573 88.0 31.0 10.0 108.0 46.0
574 4.0 66.0 16.0 60.0 79.0
575 97.0 6.0 18.0 104.0 15.0
576 90.0 41.0 15.0 365.0 26.0
577 1.0 55.0 12.0 161.0 50.0
578 25.0 5.0 6.0 259.0 22.0
579 97.0 2.0 6.0 119.0 21.0
580 35.0 18.0 8.0 105.0 43.0
581 12.0 41.0 13.0 75.0 77.0
582 30.0 22.0 6.0 270.0 21.0
583 85.0 84.0 11.0 149.0 94.0
584 25.0 73.0 18.0 186.0 26.0
585 93.0 19.0 5.0 44.0 18.0
586 28.0 21.0 11.0 175.0 48.0
587 59.0 86.0 15.0 337.0 87.0
588 25.0 59.0 12.0 140.0 56.0
589 26.0 61.0 9.0 208.0 38.0
590 15.0 49.0 18.0 90.0 34.0
591 88.0 71.0 6.0 280.0 85.0
592 78.0 42.0 8.0 214.0 53.0
593 69.0 6.0 6.0 139.0 92.0
594 67.0 53.0 9.0 113.0 40.0
595 77.0 64.0 16.0 95.0 40.0
596 30.0 54.0 18.0 41.0 70.0
597 94.0 56.0 15.0 88.0 21.0
598 97.0 92.0 16.0 260.0 53.0
599 80.0 73.0 6.0 342.0 24.0
1771
0 378
0 522
0 512
0 541
0 454
0 502
1 294
1 411
1 129
1 410
1 591
1 420
1 337
1 280
2 241
2 3
2 76
2 231
2 263
2 247
2 561
3 241
3 552
3 247
3 140
4 444
4 566
4 279
4 153
4 198
4 557
4 43
5 445
5 486
5 563
5 244
5 270
5 52
5 141
6 53
6 368
6 593
6 10
6 41
6 428
6 346
6 19
6 403
7 83
7 28
7 112
7 59
7 390
7 48
7 182
7 8
8 262
8 391
8 125
8 59
8 48
9 123
9 428
9 346
9 40
10 185
10 593
10 41
10 479
10 506
11 383
11 272
11 282
11 69
11 467
11 130
11 319
12 283
12 427
12 70
12 491
12 397
12 119
12 208
12 568
13 461
13 151
13 537
13 533
13 83
13 28
14 77
14 177
14 213
14 564
14 82
15 295
15 578
15 529
16 240
16 150
16 487
16 143
16 493
16 194
17 425
17 598
17 297
17 206
17 548
18 350
18 514
18 541
18 536
18 599
19 403
19 346
19 40
20 368
20 269
20 413
20 392
20 309
20 357
21 266
21 327
21 198
21 550
21 594
21 512
22 105
22 33
22 96
22 378
22 286
22 175
23 277
23 320
23 224
23 372
23 485
24 275
24 352
24 169
24 518
24 315
24 210
24 93
25 310
25 157
25 72
25 304
25 597
25 540
26 489
26 265
26 548
26 149
26 451
26 57
27 203
27 78
27 225
27 498
27 197
27 171
27 511
28 533
28 494
28 83
28 112
29 244
29 270
29 133
29 52
29 302
30 421
30 583
30 60
30 376
30 451
30 57
30 46
30 100
31 193
31 123
31 90
31 488
31 192
31 409
32 446
32 137
32 477
32 135
32 232
33 96
33 272
33 105
33 467
34 367
34 465
34 285
34 146
34 473
35 447
35 158
35 436
35 296
36 385
36 287
36 313
36 226
36 587
37 66
37 377
37 199
37 509
37 101
37 240
37 493
37 554
38 88
38 155
38 366
38 359
38 479
38 506
39 534
39 264
39 549
39 232
39 135
39 577
40 346
40 403
40 448
40 97
40 471
40 193
40 123
41 479
41 161
41 359
41 403
42 562
42 205
42 388
42 483
42 44
43 592
43 504
43 557
43 566
44 483
44 205
44 354
44 167
44 328
44 343
45 520
45 99
45 376
45 329
45 373
45 553
46 484
46 395
46 166
46 57
46 265
46 100
47 239
47 159
47 253
47 369
47 144
47 471
47 97
47 183
48 391
48 71
48 314
48 64
48 390
49 211
49 116
49 158
49 235
49 67
49 245
50 62
50 446
50 581
50 426
50 397
50 568
51 537
51 83
51 182
51 474
51 535
52 270
52 584
52 302
52 538
52 486
53 325
53 368
53 256
53 593
53 229
54 372
54 224
54 76
54 209
55 277
55 320
55 323
55 544
55 508
56 256
56 269
56 368
56 325
57 451
57 265
58 142
58 306
58 447
58 228
58 456
58 246
58 183
58 384
58 195
59 538
59 125
59 584
59 112
60 329
60 376
60 86
60 421
61 162
61 215
61 313
61 202
62 521
62 212
62 70
62 477
62 446
62 491
62 426
63 178
63 155
63 551
63 248
64 207
64 298
64 104
64 391
64 499
64 314
65 410
65 411
65 219
65 595
65 180
65 514
65 527
66 257
66 526
66 377
66 554
67 235
67 124
67 239
67 159
67 384
67 245
68 505
68 332
68 412
68 111
68 128
69 282
69 467
69 92
69 258
69 126
69 365
70 212
70 283
70 491
70 334
71 314
71 91
71 221
71 390
72 157
72 304
72 386
72 393
73 398
73 427
73 173
73 414
73 119
74 413
74 317
74 271
74 360
74 347
74 288
74 299
74 357
75 110
75 576
75 515
75 379
75 243
76 241
76 224
76 209
76 231
77 360
77 213
77 177
77 578
77 482
77 347
78 248
78 197
78 88
78 203
79 530
79 127
79 472
79 580
79 326
80 394
80 501
80 481
80 398
80 218
80 173
81 235
81 300
81 507
81 441
81 476
81 423
81 117
82 481
82 223
82 558
82 213
82 564
83 537
83 182
84 87
84 476
84 582
84 441
84 326
85 308
85 358
85 590
85 457
85 364
85 453
85 375
85 439
86 329
86 278
86 583
86 421
86 333
87 476
87 374
87 582
87 338
88 248
88 155
88 203
88 469
88 359
89 551
89 103
89 430
89 330
89 585
89 434
90 123
90 428
90 392
90 488
90 309
91 314
91 561
91 221
92 258
92 143
92 365
92 194
93 589
93 169
93 210
93 571
94 456
94 183
94 201
94 165
95 406
95 273
95 590
95 569
95 543
96 316
96 175
96 272
97 448
97 450
97 201
97 183
97 471
98 370
98 508
98 499
98 289
99 598
99 425
99 547
99 261
99 520
99 376
100 583
100 484
100 335
101 509
101 240
102 190
102 463
102 191
102 418
102 252
102 318
102 274
103 178
103 551
103 148
103 492
103 434
104 207
104 495
104 320
104 508
104 131
104 499
105 378
105 293
105 467
106 181
106 251
106 198
106 594
106 550
107 300
107 387
107 235
107 211
107 303
107 567
108 539
108 253
108 530
108 176
109 419
109 356
109 362
109 460
109 284
109 400
110 515
110 408
110 388
110 483
110 576
110 138
111 121
111 128
111 412
112 494
112 584
112 302
113 596
113 396
113 336
113 381
113 382
114 555
114 565
114 431
114 503
114 516
114 461
115 287
115 293
115 291
115 385
115 164
115 531
116 211
116 152
116 158
116 396
116 381
117 476
117 363
117 300
117 480
118 281
118 457
118 186
118 361
118 364
118 439
119 363
119 374
119 414
119 427
119 208
120 562
120 205
120 585
120 220
120 217
120 470
120 227
120 430
121 222
121 128
121 412
122 592
122 504
122 284
122 154
123 428
123 193
124 235
124 239
124 530
124 423
124 507
124 176
125 538
125 262
126 570
126 478
126 291
126 258
126 467
127 530
127 326
128 505
128 178
128 148
128 222
129 410
129 411
130 282
130 319
130 324
131 207
131 495
131 298
131 372
131 485
132 542
132 246
132 165
132 532
132 450
132 496
132 170
132 464
133 401
133 302
133 141
133 244
134 349
134 465
134 218
134 398
134 427
134 283
135 521
135 367
135 277
135 577
135 224
135 477
135 232
136 216
136 226
136 442
136 348
137 446
137 232
137 160
138 172
138 483
138 576
138 243
139 429
139 199
139 168
139 524
139 147
140 247
140 552
140 500
140 560
140 431
140 260
140 516
141 319
141 563
141 244
141 401
141 324
142 306
142 447
142 252
143 258
143 487
143 168
143 194
144 192
144 238
144 193
144 471
144 369
145 355
145 255
145 596
145 396
146 558
146 473
146 443
146 285
146 345
147 531
147 417
147 524
147 199
147 556
147 174
148 178
148 492
148 222
149 548
149 451
149 297
149 206
150 509
150 404
150 487
150 240
151 461
151 493
151 494
151 533
151 194
152 355
152 396
152 211
152 567
153 198
153 188
153 405
153 294
153 279
153 331
153 371
154 504
154 362
154 460
154 284
155 178
155 505
155 366
155 248
156 268
156 330
156 470
156 227
156 430
157 310
157 312
157 547
157 386
158 447
158 228
158 381
158 245
158 296
159 239
159 384
159 183
160 446
160 581
160 232
160 549
160 543
161 170
161 469
161 403
161 359
162 348
162 528
162 313
162 215
163 407
163 321
163 242
163 523
164 291
164 478
164 531
165 456
165 201
165 532
165 246
166 489
166 265
166 395
167 483
167 328
167 573
167 187
167 511
168 487
168 404
168 429
168 258
168 524
169 588
169 275
169 589
170 448
170 496
170 419
170 469
170 403
170 464
171 354
171 585
171 551
171 197
171 343
171 511
172 341
172 483
172 504
172 566
172 243
173 414
173 394
173 398
174 455
174 556
174 351
174 531
175 286
175 449
175 316
175 462
175 510
175 422
176 530
176 239
176 253
177 501
177 394
177 237
177 564
177 578
178 505
178 551
179 447
179 436
179 318
179 189
179 525
180 410
180 514
180 214
180 599
180 350
181 251
181 198
181 389
181 195
181 557
181 592
181 284
182 474
182 221
182 390
183 456
183 384
183 201
184 294
184 597
184 304
184 234
184 393
185 505
185 229
185 593
185 366
185 506
186 281
186 339
186 322
186 361
187 200
187 356
187 498
187 511
187 424
187 573
188 327
188 204
188 198
188 331
189 436
189 316
189 311
189 525
189 296
190 594
190 463
190 418
190 449
190 512
191 463
191 306
191 252
192 238
192 193
192 409
193 471
194 494
194 401
194 365
194 493
195 389
195 251
195 433
195 246
195 306
196 348
196 513
196 528
196 572
197 551
197 248
198 327
198 550
198 557
199 377
199 556
199 509
199 404
199 429
200 356
200 498
200 225
200 432
200 419
201 450
201 532
202 287
202 517
202 541
202 215
202 313
203 225
203 469
204 327
204 440
204 331
204 371
205 562
205 585
205 354
206 297
206 548
207 298
208 340
208 363
208 519
208 568
209 372
209 298
209 231
209 263
209 314
210 307
210 315
210 262
210 538
210 486
210 571
211 567
211 235
212 305
212 521
212 334
213 360
213 558
213 473
214 259
214 373
214 254
214 599
214 410
214 591
215 536
215 541
215 528
216 442
216 321
216 242
216 226
216 466
217 220
217 579
217 412
217 222
218 465
218 285
218 398
218 223
218 443
218 481
218 345
219 595
219 440
219 411
220 470
220 579
220 342
220 575
221 561
221 474
221 390
222 412
222 579
222 492
223 443
223 558
223 481
224 277
224 372
224 241
225 432
225 498
225 497
225 469
226 466
226 348
226 313
226 292
226 587
227 470
227 430
228 447
228 384
228 245
229 256
229 332
229 505
229 593
230 527
230 514
230 541
230 502
231 263
232 549
233 589
233 459
233 336
233 445
233 486
233 571
233 249
234 386
234 312
234 294
234 393
234 280
234 337
234 236
235 300
235 507
236 420
236 337
236 591
236 458
236 312
237 394
237 475
237 578
237 529
238 399
238 539
238 409
238 369
239 253
240 493
240 509
241 552
241 546
242 321
242 523
242 466
243 566
243 379
243 576
244 270
245 384
246 456
246 389
246 542
246 415
247 561
247 260
248 551
249 336
249 596
249 344
249 459
249 375
250 254
250 373
250 553
250 261
250 458
251 463
251 594
251 433
252 306
252 447
252 318
253 369
253 539
254 373
254 591
254 458
255 355
255 453
255 596
255 375
256 269
256 332
256 325
257 526
257 377
257 556
257 455
257 407
258 570
258 524
259 373
259 278
259 599
259 468
259 335
259 572
259 536
260 561
260 516
260 474
261 547
261 520
261 312
261 553
261 458
262 416
262 307
262 391
262 538
263 561
263 314
264 323
264 577
264 534
265 489
266 545
266 380
266 327
266 512
267 305
267 349
267 490
267 452
268 330
268 470
268 434
268 575
268 559
269 368
269 360
269 271
269 317
269 413
269 473
271 360
271 317
272 316
272 383
272 467
273 323
273 544
273 308
273 406
273 590
273 534
274 418
274 462
274 318
275 352
275 358
275 375
275 344
275 588
276 531
276 385
276 351
276 353
276 292
276 587
277 320
277 577
277 323
278 329
278 373
278 333
278 468
279 444
279 405
280 294
280 337
281 339
281 457
281 519
281 435
282 365
282 324
283 305
283 349
283 427
283 334
284 592
284 460
284 389
284 438
284 400
285 465
285 345
286 449
286 522
286 378
287 293
287 517
287 385
287 313
288 347
288 482
288 299
288 402
288 295
288 529
288 475
288 290
289 307
289 315
289 499
289 416
289 370
290 472
290 402
290 580
290 475
291 293
291 467
291 478
292 466
292 353
292 587
293 378
293 517
293 467
294 405
294 597
294 411
294 371
295 578
295 482
295 529
296 436
296 381
296 311
297 598
297 376
297 451
298 372
298 314
299 402
299 357
300 480
300 387
301 466
301 353
301 455
301 523
302 584
302 401
302 494
303 480
303 387
303 322
303 361
303 567
304 597
304 393
305 521
305 367
305 349
305 490
305 334
306 463
306 433
307 315
307 416
308 544
308 518
308 352
308 358
308 590
309 399
309 488
309 392
309 357
310 437
310 540
311 316
311 383
311 336
311 382
311 381
312 547
312 386
312 458
313 348
314 561
315 370
315 518
316 383
316 525
316 422
317 413
318 447
318 525
318 510
318 462
319 383
319 563
319 324
320 495
320 508
320 485
320 574
321 407
321 395
321 442
322 480
322 339
322 361
323 577
323 544
323 534
324 365
324 401
325 368
326 580
326 582
326 530
326 441
327 545
327 440
328 511
328 343
329 376
329 373
330 430
330 434
331 371
332 505
332 412
333 583
333 468
333 335
335 583
335 468
335 484
335 572
336 596
336 445
336 563
336 383
336 382
337 420
338 582
338 586
338 374
339 480
339 519
339 340
340 480
340 363
340 519
341 483
341 504
341 573
341 424
341 362
342 579
342 559
342 575
343 354
343 511
344 375
344 588
344 459
345 443
346 428
347 360
347 482
348 442
348 513
348 528
348 484
349 465
349 452
350 514
350 599
351 455
351 353
351 531
352 358
352 518
353 466
353 455
354 585
355 453
355 396
355 567
356 419
356 424
356 362
357 399
357 413
357 402
358 375
359 479
359 469
360 473
361 364
361 453
361 567
362 504
362 424
362 460
363 476
363 374
363 480
364 453
364 439
365 401
366 505
366 506
367 521
367 465
367 452
367 490
368 428
368 392
369 539
370 508
370 544
370 518
371 440
371 411
372 485
373 553
374 475
374 394
374 414
374 476
374 586
375 596
375 453
376 598
376 451
377 556
378 522
378 517
378 541
379 540
379 515
379 405
379 566
379 444
380 545
380 512
380 527
380 454
381 396
381 382
383 563
385 531
385 587
386 393
387 480
388 562
388 408
388 483
389 438
389 415
391 499
391 416
392 428
394 501
394 475
394 414
395 407
395 489
395 442
395 484
396 596
397 491
397 426
397 568
398 427
399 472
399 402
399 488
399 539
399 409
400 419
400 438
400 542
400 464
401 494
402 472
403 448
404 509
404 487
404 429
405 597
405 540
405 444
406 534
406 549
406 543
407 489
407 548
407 523
407 455
408 562
408 515
408 437
409 488
410 411
410 591
411 440
415 438
415 542
416 499
417 570
417 524
417 478
417 531
418 449
418 462
419 432
419 469
419 497
419 464
420 591
421 583
422 510
422 525
423 530
423 507
423 441
424 573
425 598
426 491
430 585
431 503
431 560
431 516
432 497
433 463
434 492
434 559
435 457
435 569
435 581
435 519
436 447
437 515
437 540
438 542
439 457
440 545
440 595
441 530
441 476
442 484
443 558
444 566
445 563
445 486
446 477
446 581
448 496
448 450
449 522
449 512
449 462
450 496
450 532
452 465
452 490
453 567
454 512
454 527
454 502
455 523
455 556
457 569
457 590
458 591
459 588
459 589
461 493
461 554
461 565
461 516
461 535
461 537
462 510
463 594
464 542
466 523
469 497
470 575
472 539
472 530
472 580
473 558
474 561
474 516
474 535
475 529
475 586
475 580
477 521
478 570
478 531
479 506
481 564
481 501
482 578
483 573
484 572
484 513
485 574
485 495
486 538
486 571
489 548
492 579
492 559
493 554
494 533
495 574
498 511
499 508
500 552
500 546
500 503
500 560
500 555
501 564
502 541
502 527
503 560
503 555
504 566
504 592
508 544
510 525
512 522
512 594
513 572
514 527
514 541
515 540
516 535
517 541
518 544
519 581
519 568
520 553
524 570
526 555
526 546
526 565
526 554
527 545
527 595
528 572
528 536
529 578
530 539
534 549
535 537
536 599
536 572
536 541
538 584
540 597
543 549
543 569
543 581
545 595
546 552
546 555
550 594
551 585
554 565
555 565
557 592
559 579
559 575
568 581
569 590
569 581
571 589
580 586
580 582
582 586
588 589
10 0.5 0.5 0.5
