700
0 39.0 96.0 8.0 353.0 74.0
1 40.0 96.0 12.0 312.0 78.0
2 77.0 99.0 12.0 369.0 59.0
3 86.0 31.0 12.0 383.0 89.0
4 4.0 43.0 8.0 234.0 76.0
5 46.0 94.0 9.0 276.0 42.0
6 81.0 39.0 18.0 156.0 40.0
7 15.0 73.0 19.0 297.0 33.0
8 57.0 96.0 8.0 342.0 65.0
9 80.0 76.0 14.0 80.0 22.0
10 21.0 34.0 17.0 239.0 91.0
11 43.0 59.0 14.0 110.0 38.0
12 77.0 31.0 14.0 199.0 68.0
13 93.0 46.0 5.0 21.0 81.0
14 33.0 8.0 6.0 21.0 97.0
15 36.0 4.0 6.0 280.0 91.0
16 5.0 15.0 18.0 131.0 99.0
17 97.0 97.0 6.0 265.0 85.0
18 33.0 92.0 18.0 107.0 87.0
19 75.0 12.0 16.0 76.0 38.0
20 62.0 16.0 12.0 16.0 99.0
21 98.0 56.0 17.0 85.0 64.0
22 92.0 40.0 8.0 274.0 68.0
23 55.0 7.0 4.0 47.0 37.0
24 85.0 96.0 4.0 86.0 29.0
25 75.0 5.0 7.0 390.0 53.0
26 36.0 83.0 9.0 80.0 98.0
27 18.0 59.0 6.0 267.0 59.0
28 7.0 23.0 14.0 175.0 87.0
29 80.0 84.0 15.0 55.0 35.0
30 54.0 83.0 8.0 259.0 32.0
31 60.0 94.0 17.0 149.0 90.0
32 63.0 76.0 6.0 159.0 21.0
33 27.0 48.0 16.0 330.0 63.0
34 94.0 100.0 7.0 127.0 95.0
35 43.0 53.0 10.0 283.0 87.0
36 44.0 19.0 5.0 110.0 56.0
37 94.0 41.0 16.0 326.0 33.0
38 94.0 65.0 12.0 47.0 96.0
39 4.0 35.0 18.0 81.0 66.0
40 2.0 100.0 17.0 278.0 47.0
41 88.0 48.0 11.0 125.0 23.0
42 44.0 36.0 17.0 343.0 50.0
43 22.0 66.0 13.0 265.0 69.0
44 27.0 89.0 14.0 250.0 44.0
45 7.0 18.0 6.0 278.0 89.0
46 13.0 86.0 14.0 177.0 21.0
47 47.0 51.0 19.0 111.0 86.0
48 6.0 72.0 4.0 42.0 66.0
49 85.0 30.0 5.0 116.0 52.0
50 5.0 66.0 19.0 73.0 48.0
51 0.0 26.0 16.0 240.0 73.0
52 99.0 84.0 17.0 163.0 46.0
53 69.0 29.0 4.0 119.0 96.0
54 48.0 5.0 11.0 231.0 39.0
55 20.0 2.0 7.0 118.0 64.0
56 39.0 68.0 11.0 245.0 37.0
57 90.0 12.0 11.0 73.0 31.0
58 93.0 1.0 7.0 39.0 50.0
59 7.0 88.0 16.0 143.0 35.0
60 44.0 51.0 11.0 331.0 44.0
61 97.0 70.0 6.0 120.0 55.0
62 96.0 31.0 6.0 336.0 25.0
63 94.0 48.0 10.0 40.0 34.0
64 21.0 19.0 17.0 368.0 30.0
65 6.0 43.0 15.0 272.0 88.0
66 13.0 37.0 8.0 81.0 79.0
67 29.0 80.0 19.0 371.0 96.0
68 12.0 38.0 14.0 197.0 35.0
69 28.0 84.0 13.0 56.0 27.0
70 55.0 37.0 16.0 235.0 37.0
71 4.0 51.0 12.0 175.0 95.0
72 64.0 44.0 17.0 381.0 74.0
73 74.0 15.0 14.0 217.0 84.0
74 79.0 14.0 12.0 234.0 48.0
75 57.0 72.0 15.0 202.0 45.0
76 33.0 68.0 16.0 179.0 72.0
77 49.0 98.0 13.0 139.0 93.0
78 27.0 61.0 4.0 174.0 61.0
79 50.0 62.0 12.0 89.0 95.0
80 0.0 4.0 7.0 189.0 64.0
81 56.0 94.0 12.0 46.0 37.0
82 53.0 32.0 8.0 299.0 74.0
83 9.0 79.0 8.0 157.0 84.0
84 19.0 6.0 8.0 359.0 21.0
85 62.0 66.0 18.0 72.0 99.0
86 72.0 12.0 7.0 122.0 71.0
87 12.0 84.0 19.0 115.0 99.0
88 10.0 89.0 16.0 304.0 32.0
89 62.0 58.0 16.0 34.0 33.0
90 39.0 86.0 6.0 305.0 26.0
91 43.0 80.0 10.0 161.0 16.0
92 91.0 27.0 6.0 243.0 17.0
93 17.0 42.0 11.0 51.0 98.0
94 81.0 88.0 18.0 220.0 39.0
95 50.0 91.0 10.0 319.0 50.0
96 95.0 69.0 8.0 337.0 36.0
97 6.0 45.0 11.0 203.0 33.0
98 79.0 97.0 12.0 350.0 71.0
99 87.0 51.0 8.0 116.0 38.0
100 2.0 10.0 10.0 176.0 36.0
101 88.0 20.0 19.0 42.0 52.0
102 44.0 21.0 4.0 368.0 71.0
103 7.0 68.0 19.0 164.0 78.0
104 69.0 15.0 18.0 390.0 31.0
105 75.0 7.0 9.0 32.0 32.0
106 78.0 38.0 7.0 327.0 88.0
107 79.0 2.0 7.0 371.0 57.0
108 97.0 3.0 10.0 220.0 52.0
109 84.0 40.0 14.0 270.0 94.0
110 40.0 19.0 10.0 129.0 21.0
111 18.0 92.0 4.0 154.0 15.0
112 14.0 93.0 16.0 274.0 18.0
113 25.0 87.0 13.0 345.0 41.0
114 65.0 91.0 9.0 39.0 18.0
115 96.0 89.0 18.0 74.0 76.0
116 7.0 6.0 17.0 79.0 90.0
117 69.0 68.0 19.0 325.0 48.0
118 10.0 91.0 4.0 36.0 33.0
119 42.0 68.0 15.0 316.0 34.0
120 36.0 41.0 11.0 68.0 47.0
121 51.0 48.0 6.0 161.0 28.0
122 14.0 26.0 14.0 24.0 46.0
123 100.0 49.0 14.0 204.0 94.0
124 18.0 11.0 15.0 314.0 38.0
125 62.0 31.0 19.0 160.0 97.0
126 20.0 72.0 11.0 81.0 81.0
127 90.0 29.0 10.0 162.0 52.0
128 89.0 60.0 13.0 204.0 82.0
129 1.0 13.0 8.0 93.0 45.0
130 43.0 16.0 17.0 77.0 87.0
131 17.0 8.0 8.0 37.0 18.0
132 17.0 11.0 8.0 221.0 79.0
133 56.0 78.0 7.0 276.0 59.0
134 69.0 3.0 7.0 126.0 87.0
135 90.0 84.0 7.0 41.0 38.0
136 10.0 0.0 18.0 335.0 24.0
137 75.0 25.0 5.0 60.0 64.0
138 67.0 45.0 6.0 216.0 37.0
139 55.0 19.0 7.0 201.0 96.0
140 26.0 94.0 5.0 301.0 71.0
141 85.0 50.0 19.0 101.0 44.0
142 52.0 17.0 6.0 97.0 49.0
143 99.0 19.0 18.0 114.0 78.0
144 95.0 53.0 9.0 258.0 21.0
145 80.0 22.0 19.0 143.0 99.0
146 43.0 29.0 12.0 233.0 34.0
147 79.0 38.0 18.0 305.0 79.0
148 61.0 41.0 13.0 72.0 81.0
149 100.0 88.0 4.0 393.0 61.0
150 98.0 80.0 19.0 106.0 98.0
151 35.0 21.0 9.0 125.0 58.0
152 91.0 78.0 4.0 249.0 89.0
153 83.0 16.0 6.0 281.0 76.0
154 4.0 97.0 9.0 66.0 76.0
155 85.0 98.0 17.0 151.0 34.0
156 82.0 9.0 10.0 62.0 96.0
157 45.0 4.0 19.0 395.0 18.0
158 66.0 35.0 15.0 377.0 64.0
159 75.0 38.0 14.0 175.0 39.0
160 25.0 48.0 13.0 66.0 82.0
161 2.0 54.0 16.0 343.0 26.0
162 20.0 60.0 6.0 252.0 21.0
163 71.0 56.0 6.0 276.0 56.0
164 61.0 55.0 6.0 111.0 38.0
165 28.0 39.0 15.0 154.0 42.0
166 66.0 83.0 16.0 333.0 43.0
167 4.0 16.0 19.0 22.0 38.0
168 79.0 48.0 4.0 189.0 79.0
169 27.0 50.0 19.0 254.0 36.0
170 99.0 70.0 17.0 192.0 50.0
171 60.0 40.0 12.0 20.0 24.0
172 25.0 13.0 6.0 225.0 37.0
173 96.0 8.0 13.0 327.0 66.0
174 16.0 20.0 5.0 129.0 22.0
175 85.0 77.0 17.0 147.0 85.0
176 93.0 57.0 14.0 32.0 79.0
177 52.0 89.0 14.0 173.0 89.0
178 34.0 92.0 12.0 361.0 55.0
179 65.0 29.0 6.0 275.0 73.0
180 49.0 72.0 4.0 137.0 65.0
181 57.0 12.0 16.0 301.0 88.0
182 0.0 6.0 12.0 298.0 39.0
183 17.0 44.0 6.0 134.0 96.0
184 72.0 86.0 13.0 251.0 81.0
185 25.0 95.0 11.0 247.0 36.0
186 5.0 51.0 19.0 233.0 49.0
187 47.0 3.0 10.0 264.0 90.0
188 37.0 57.0 5.0 276.0 85.0
189 79.0 87.0 14.0 292.0 61.0
190 86.0 32.0 12.0 367.0 52.0
191 17.0 78.0 4.0 273.0 40.0
192 20.0 97.0 4.0 327.0 83.0
193 0.0 79.0 15.0 102.0 28.0
194 55.0 81.0 12.0 227.0 28.0
195 100.0 14.0 5.0 67.0 40.0
196 55.0 53.0 19.0 120.0 41.0
197 61.0 59.0 16.0 392.0 94.0
198 35.0 24.0 18.0 23.0 77.0
199 88.0 45.0 17.0 56.0 63.0
200 59.0 93.0 13.0 284.0 69.0
201 32.0 50.0 13.0 65.0 16.0
202 70.0 0.0 11.0 392.0 78.0
203 1.0 97.0 9.0 41.0 55.0
204 0.0 23.0 18.0 241.0 88.0
205 53.0 92.0 8.0 145.0 45.0
206 32.0 41.0 6.0 352.0 84.0
207 65.0 40.0 10.0 176.0 78.0
208 82.0 63.0 8.0 367.0 68.0
209 67.0 14.0 6.0 153.0 16.0
210 90.0 61.0 18.0 230.0 18.0
211 1.0 23.0 7.0 143.0 20.0
212 37.0 69.0 12.0 390.0 18.0
213 19.0 19.0 18.0 162.0 62.0
214 73.0 72.0 11.0 65.0 77.0
215 3.0 15.0 4.0 387.0 97.0
216 85.0 14.0 12.0 146.0 92.0
217 23.0 38.0 9.0 94.0 25.0
218 30.0 13.0 13.0 291.0 45.0
219 14.0 10.0 4.0 159.0 67.0
220 17.0 57.0 5.0 269.0 88.0
221 2.0 88.0 18.0 237.0 50.0
222 54.0 84.0 7.0 138.0 78.0
223 36.0 64.0 17.0 160.0 42.0
224 41.0 9.0 18.0 368.0 79.0
225 35.0 4.0 5.0 110.0 80.0
226 81.0 1.0 10.0 322.0 28.0
227 48.0 43.0 12.0 54.0 52.0
228 7.0 61.0 6.0 371.0 90.0
229 2.0 48.0 17.0 115.0 19.0
230 22.0 44.0 16.0 228.0 51.0
231 97.0 54.0 6.0 361.0 95.0
232 68.0 44.0 16.0 253.0 42.0
233 40.0 99.0 7.0 150.0 68.0
234 28.0 56.0 11.0 83.0 82.0
235 36.0 30.0 15.0 76.0 43.0
236 43.0 5.0 9.0 16.0 22.0
237 83.0 87.0 13.0 215.0 39.0
238 97.0 77.0 12.0 247.0 60.0
239 68.0 45.0 15.0 315.0 48.0
240 24.0 36.0 4.0 266.0 44.0
241 2.0 98.0 8.0 32.0 26.0
242 20.0 98.0 13.0 101.0 88.0
243 77.0 4.0 12.0 142.0 16.0
244 45.0 42.0 17.0 185.0 22.0
245 87.0 62.0 16.0 384.0 53.0
246 32.0 99.0 13.0 140.0 19.0
247 8.0 85.0 4.0 385.0 98.0
248 84.0 88.0 10.0 302.0 81.0
249 63.0 36.0 14.0 356.0 78.0
250 66.0 81.0 12.0 288.0 71.0
251 49.0 36.0 7.0 78.0 65.0
252 5.0 59.0 13.0 186.0 95.0
253 97.0 28.0 15.0 331.0 26.0
254 0.0 85.0 19.0 185.0 49.0
255 27.0 64.0 14.0 336.0 51.0
256 14.0 89.0 14.0 31.0 37.0
257 81.0 73.0 19.0 289.0 97.0
258 48.0 15.0 14.0 44.0 16.0
259 21.0 17.0 10.0 291.0 77.0
260 48.0 63.0 16.0 162.0 76.0
261 49.0 57.0 5.0 305.0 19.0
262 5.0 69.0 7.0 141.0 49.0
263 65.0 23.0 17.0 358.0 32.0
264 100.0 90.0 4.0 104.0 63.0
265 73.0 67.0 11.0 316.0 48.0
266 40.0 89.0 12.0 188.0 97.0
267 80.0 24.0 5.0 210.0 50.0
268 61.0 16.0 8.0 17.0 23.0
269 94.0 30.0 19.0 380.0 82.0
270 52.0 87.0 4.0 387.0 59.0
271 26.0 66.0 5.0 258.0 35.0
272 91.0 72.0 15.0 384.0 29.0
273 59.0 47.0 13.0 306.0 98.0
274 49.0 14.0 19.0 195.0 33.0
275 75.0 9.0 9.0 231.0 61.0
276 72.0 21.0 6.0 334.0 89.0
277 3.0 22.0 14.0 189.0 97.0
278 70.0 81.0 17.0 279.0 88.0
279 95.0 23.0 10.0 57.0 82.0
280 14.0 31.0 9.0 312.0 71.0
281 40.0 93.0 14.0 144.0 79.0
282 29.0 76.0 14.0 166.0 32.0
283 42.0 91.0 18.0 49.0 78.0
284 34.0 77.0 11.0 253.0 76.0
285 43.0 87.0 8.0 36.0 50.0
286 91.0 19.0 19.0 146.0 95.0
287 14.0 99.0 4.0 299.0 43.0
288 42.0 96.0 4.0 66.0 74.0
289 91.0 42.0 11.0 96.0 65.0
290 53.0 98.0 4.0 232.0 97.0
291 98.0 2.0 5.0 377.0 91.0
292 48.0 1.0 5.0 309.0 23.0
293 53.0 87.0 11.0 213.0 34.0
294 64.0 79.0 8.0 126.0 89.0
295 13.0 83.0 7.0 39.0 66.0
296 6.0 92.0 6.0 280.0 64.0
297 11.0 41.0 16.0 120.0 81.0
298 17.0 76.0 10.0 100.0 89.0
299 45.0 66.0 14.0 216.0 82.0
300 20.0 8.0 16.0 360.0 17.0
301 36.0 66.0 13.0 261.0 81.0
302 36.0 2.0 17.0 172.0 20.0
303 53.0 20.0 16.0 104.0 35.0
304 94.0 99.0 10.0 215.0 35.0
305 38.0 74.0 5.0 212.0 28.0
306 19.0 23.0 9.0 294.0 80.0
307 23.0 92.0 16.0 216.0 23.0
308 72.0 0.0 6.0 143.0 97.0
309 2.0 0.0 14.0 333.0 82.0
310 22.0 65.0 11.0 35.0 27.0
311 19.0 38.0 10.0 202.0 45.0
312 36.0 43.0 8.0 96.0 31.0
313 22.0 21.0 9.0 353.0 96.0
314 3.0 83.0 16.0 355.0 57.0
315 76.0 8.0 19.0 169.0 54.0
316 60.0 46.0 5.0 324.0 17.0
317 1.0 43.0 13.0 393.0 32.0
318 44.0 41.0 15.0 44.0 99.0
319 98.0 63.0 9.0 43.0 83.0
320 29.0 72.0 11.0 356.0 81.0
321 37.0 70.0 8.0 221.0 65.0
322 63.0 44.0 5.0 313.0 76.0
323 17.0 26.0 18.0 313.0 39.0
324 16.0 24.0 12.0 196.0 87.0
325 55.0 5.0 16.0 72.0 80.0
326 81.0 96.0 19.0 132.0 76.0
327 95.0 66.0 11.0 110.0 25.0
328 75.0 24.0 16.0 103.0 18.0
329 78.0 47.0 6.0 232.0 68.0
330 57.0 6.0 8.0 230.0 67.0
331 73.0 62.0 12.0 234.0 99.0
332 44.0 9.0 10.0 287.0 98.0
333 23.0 29.0 13.0 232.0 82.0
334 27.0 98.0 14.0 312.0 49.0
335 66.0 85.0 16.0 78.0 36.0
336 23.0 93.0 10.0 253.0 27.0
337 17.0 24.0 18.0 204.0 44.0
338 45.0 39.0 11.0 352.0 68.0
339 81.0 99.0 4.0 300.0 71.0
340 4.0 84.0 18.0 98.0 47.0
341 85.0 64.0 10.0 196.0 29.0
342 83.0 26.0 15.0 121.0 98.0
343 46.0 91.0 15.0 218.0 90.0
344 68.0 32.0 14.0 19.0 56.0
345 12.0 70.0 4.0 299.0 45.0
346 82.0 13.0 13.0 220.0 82.0
347 83.0 64.0 5.0 154.0 75.0
348 83.0 74.0 5.0 243.0 31.0
349 37.0 48.0 14.0 99.0 97.0
350 0.0 40.0 17.0 298.0 28.0
351 9.0 30.0 7.0 344.0 90.0
352 35.0 2.0 4.0 167.0 56.0
353 1.0 64.0 17.0 55.0 67.0
354 91.0 36.0 19.0 37.0 43.0
355 83.0 70.0 14.0 389.0 19.0
356 50.0 64.0 19.0 97.0 39.0
357 36.0 10.0 5.0 93.0 71.0
358 41.0 45.0 17.0 315.0 89.0
359 14.0 78.0 15.0 321.0 52.0
360 44.0 71.0 18.0 231.0 20.0
361 78.0 86.0 6.0 49.0 75.0
362 42.0 66.0 16.0 154.0 79.0
363 50.0 1.0 8.0 378.0 82.0
364 76.0 21.0 18.0 110.0 57.0
365 79.0 69.0 15.0 207.0 90.0
366 81.0 64.0 13.0 162.0 27.0
367 62.0 21.0 15.0 303.0 58.0
368 99.0 22.0 17.0 281.0 30.0
369 14.0 40.0 8.0 246.0 38.0
370 80.0 50.0 12.0 392.0 29.0
371 59.0 9.0 13.0 209.0 27.0
372 95.0 45.0 11.0 135.0 31.0
373 82.0 98.0 19.0 96.0 43.0
374 70.0 58.0 15.0 211.0 36.0
375 3.0 92.0 17.0 212.0 34.0
376 42.0 25.0 4.0 111.0 37.0
377 82.0 21.0 12.0 278.0 75.0
378 68.0 87.0 6.0 257.0 24.0
379 90.0 98.0 17.0 86.0 81.0
380 46.0 55.0 8.0 256.0 27.0
381 49.0 92.0 12.0 54.0 79.0
382 74.0 9.0 10.0 174.0 69.0
383 73.0 21.0 5.0 383.0 49.0
384 13.0 24.0 16.0 56.0 90.0
385 10.0 72.0 5.0 393.0 95.0
386 1.0 91.0 11.0 101.0 28.0
387 95.0 68.0 13.0 183.0 42.0
388 79.0 28.0 15.0 194.0 95.0
389 39.0 39.0 11.0 314.0 40.0
390 38.0 85.0 13.0 157.0 33.0
391 89.0 82.0 10.0 271.0 93.0
392 4.0 94.0 12.0 374.0 17.0
393 94.0 12.0 13.0 135.0 67.0
394 68.0 71.0 7.0 132.0 32.0
395 41.0 97.0 15.0 105.0 61.0
396 81.0 16.0 17.0 49.0 99.0
397 5.0 94.0 18.0 122.0 53.0
398 22.0 81.0 7.0 86.0 15.0
399 21.0 53.0 15.0 62.0 36.0
400 57.0 74.0 4.0 199.0 75.0
401 87.0 95.0 5.0 64.0 42.0
402 31.0 74.0 5.0 51.0 58.0
403 97.0 84.0 12.0 252.0 57.0
404 18.0 61.0 7.0 32.0 71.0
405 37.0 86.0 11.0 116.0 26.0
406 49.0 8.0 5.0 108.0 34.0
407 76.0 99.0 17.0 332.0 98.0
408 54.0 18.0 12.0 205.0 91.0
409 87.0 10.0 16.0 309.0 59.0
410 93.0 92.0 16.0 67.0 76.0
411 74.0 59.0 19.0 255.0 42.0
412 96.0 96.0 7.0 299.0 23.0
413 81.0 14.0 6.0 43.0 80.0
414 49.0 58.0 15.0 67.0 82.0
415 51.0 21.0 18.0 30.0 76.0
416 12.0 92.0 18.0 182.0 84.0
417 72.0 20.0 19.0 124.0 21.0
418 85.0 18.0 11.0 300.0 24.0
419 25.0 3.0 7.0 93.0 30.0
420 67.0 84.0 9.0 210.0 49.0
421 31.0 8.0 14.0 299.0 81.0
422 44.0 84.0 10.0 388.0 75.0
423 60.0 43.0 4.0 106.0 26.0
424 46.0 56.0 9.0 378.0 15.0
425 84.0 52.0 19.0 272.0 22.0
426 90.0 92.0 15.0 166.0 64.0
427 71.0 74.0 7.0 230.0 70.0
428 53.0 12.0 11.0 87.0 63.0
429 16.0 72.0 7.0 142.0 99.0
430 63.0 62.0 14.0 329.0 92.0
431 23.0 3.0 12.0 99.0 99.0
432 36.0 65.0 6.0 165.0 20.0
433 19.0 26.0 12.0 303.0 62.0
434 96.0 11.0 15.0 315.0 71.0
435 81.0 94.0 9.0 204.0 43.0
436 14.0 54.0 14.0 217.0 66.0
437 11.0 47.0 6.0 65.0 96.0
438 90.0 69.0 18.0 316.0 25.0
439 88.0 96.0 8.0 268.0 64.0
440 77.0 14.0 9.0 71.0 37.0
441 58.0 80.0 4.0 49.0 69.0
442 66.0 51.0 10.0 393.0 68.0
443 88.0 30.0 9.0 136.0 88.0
444 71.0 47.0 11.0 221.0 64.0
445 51.0 29.0 19.0 295.0 94.0
446 40.0 27.0 12.0 282.0 54.0
447 62.0 87.0 6.0 204.0 18.0
448 2.0 28.0 4.0 279.0 74.0
449 95.0 95.0 7.0 21.0 70.0
450 52.0 3.0 16.0 23.0 20.0
451 84.0 36.0 10.0 274.0 50.0
452 5.0 67.0 13.0 358.0 55.0
453 18.0 20.0 13.0 55.0 88.0
454 2.0 68.0 17.0 173.0 31.0
455 56.0 100.0 15.0 257.0 25.0
456 27.0 29.0 17.0 250.0 96.0
457 62.0 78.0 9.0 374.0 40.0
458 36.0 36.0 18.0 110.0 95.0
459 30.0 94.0 5.0 334.0 26.0
460 36.0 80.0 18.0 26.0 79.0
461 16.0 35.0 7.0 34.0 70.0
462 45.0 7.0 19.0 145.0 61.0
463 15.0 36.0 7.0 38.0 86.0
464 9.0 92.0 14.0 99.0 59.0
465 9.0 78.0 13.0 252.0 96.0
466 42.0 11.0 9.0 141.0 32.0
467 81.0 86.0 15.0 113.0 98.0
468 64.0 20.0 12.0 157.0 98.0
469 95.0 70.0 14.0 183.0 41.0
470 97.0 64.0 10.0 106.0 44.0
471 19.0 80.0 11.0 105.0 60.0
472 9.0 70.0 17.0 213.0 81.0
473 0.0 19.0 16.0 220.0 62.0
474 68.0 10.0 10.0 46.0 24.0
475 28.0 47.0 4.0 185.0 57.0
476 62.0 5.0 15.0 378.0 70.0
477 66.0 74.0 9.0 356.0 44.0
478 81.0 75.0 13.0 302.0 52.0
479 77.0 2.0 6.0 308.0 62.0
480 14.0 28.0 9.0 366.0 60.0
481 23.0 79.0 17.0 370.0 89.0
482 79.0 5.0 9.0 375.0 27.0
483 45.0 32.0 9.0 396.0 34.0
484 85.0 100.0 9.0 365.0 24.0
485 99.0 88.0 8.0 79.0 44.0
486 23.0 68.0 9.0 40.0 47.0
487 30.0 57.0 5.0 262.0 44.0
488 64.0 4.0 19.0 98.0 48.0
489 86.0 3.0 4.0 210.0 86.0
490 22.0 60.0 8.0 340.0 55.0
491 45.0 36.0 6.0 106.0 26.0
492 6.0 31.0 11.0 297.0 65.0
493 96.0 36.0 8.0 152.0 79.0
494 26.0 58.0 6.0 77.0 68.0
495 38.0 89.0 7.0 64.0 73.0
496 93.0 88.0 12.0 203.0 82.0
497 29.0 18.0 7.0 132.0 71.0
498 63.0 5.0 5.0 144.0 65.0
499 86.0 37.0 8.0 62.0 89.0
500 50.0 35.0 9.0 329.0 50.0
501 12.0 4.0 8.0 302.0 45.0
502 63.0 9.0 13.0 206.0 78.0
503 48.0 61.0 14.0 382.0 89.0
504 8.0 82.0 6.0 363.0 71.0
505 64.0 45.0 17.0 291.0 26.0
506 7.0 9.0 9.0 238.0 31.0
507 3.0 25.0 16.0 322.0 30.0
508 96.0 53.0 18.0 109.0 48.0
509 47.0 69.0 5.0 52.0 81.0
510 12.0 78.0 12.0 281.0 78.0
511 47.0 46.0 6.0 334.0 74.0
512 49.0 39.0 15.0 298.0 71.0
513 82.0 50.0 12.0 353.0 82.0
514 15.0 54.0 17.0 180.0 99.0
515 89.0 19.0 15.0 302.0 66.0
516 51.0 6.0 5.0 345.0 93.0
517 88.0 93.0 15.0 21.0 25.0
518 97.0 37.0 11.0 107.0 93.0
519 46.0 63.0 15.0 319.0 78.0
520 25.0 77.0 14.0 200.0 19.0
521 21.0 47.0 10.0 28.0 45.0
522 87.0 60.0 9.0 181.0 71.0
523 60.0 98.0 16.0 70.0 19.0
524 90.0 96.0 17.0 39.0 86.0
525 32.0 51.0 13.0 31.0 81.0
526 68.0 27.0 18.0 351.0 66.0
527 72.0 6.0 5.0 112.0 91.0
528 24.0 43.0 9.0 389.0 24.0
529 63.0 91.0 6.0 234.0 36.0
530 40.0 82.0 17.0 232.0 29.0
531 11.0 62.0 16.0 394.0 46.0
532 13.0 33.0 17.0 346.0 95.0
533 14.0 60.0 13.0 362.0 82.0
534 43.0 82.0 14.0 99.0 50.0
535 99.0 27.0 18.0 193.0 90.0
536 72.0 9.0 13.0 378.0 78.0
537 93.0 61.0 19.0 99.0 65.0
538 16.0 87.0 8.0 307.0 52.0
539 43.0 98.0 17.0 196.0 20.0
540 68.0 37.0 11.0 367.0 47.0
541 92.0 19.0 13.0 274.0 92.0
542 43.0 62.0 17.0 142.0 53.0
543 69.0 95.0 13.0 335.0 86.0
544 37.0 40.0 5.0 151.0 18.0
545 80.0 15.0 16.0 95.0 20.0
546 46.0 58.0 18.0 297.0 64.0
547 13.0 27.0 17.0 297.0 70.0
548 100.0 58.0 7.0 128.0 95.0
549 42.0 43.0 10.0 290.0 90.0
550 33.0 15.0 9.0 71.0 52.0
551 18.0 53.0 9.0 91.0 68.0
552 34.0 44.0 19.0 188.0 60.0
553 29.0 69.0 16.0 66.0 77.0
554 22.0 79.0 18.0 23.0 64.0
555 70.0 16.0 7.0 50.0 39.0
556 53.0 86.0 5.0 86.0 41.0
557 32.0 78.0 7.0 302.0 84.0
558 94.0 78.0 13.0 312.0 19.0
559 89.0 93.0 4.0 67.0 91.0
560 33.0 11.0 13.0 22.0 46.0
561 91.0 97.0 6.0 253.0 39.0
562 12.0 18.0 15.0 291.0 88.0
563 87.0 37.0 17.0 245.0 30.0
564 19.0 89.0 4.0 211.0 31.0
565 18.0 32.0 6.0 154.0 69.0
566 22.0 26.0 14.0 272.0 28.0
567 89.0 40.0 18.0 198.0 28.0
568 51.0 12.0 5.0 147.0 97.0
569 51.0 80.0 4.0 164.0 52.0
570 64.0 66.0 8.0 328.0 61.0
571 34.0 75.0 9.0 216.0 20.0
572 25.0 97.0 14.0 170.0 25.0
573 8.0 73.0 16.0 375.0 18.0
574 16.0 31.0 7.0 87.0 33.0
575 56.0 66.0 18.0 351.0 90.0
576 7.0 38.0 7.0 141.0 32.0
577 31.0 83.0 12.0 346.0 93.0
578 15.0 15.0 13.0 114.0 37.0
579 86.0 47.0 16.0 47.0 19.0
580 81.0 22.0 19.0 156.0 28.0
581 83.0 41.0 13.0 258.0 90.0
582 32.0 70.0 17.0 358.0 27.0
583 48.0 47.0 8.0 166.0 89.0
584 55.0 90.0 6.0 69.0 76.0
585 22.0 95.0 10.0 370.0 75.0
586 91.0 25.0 15.0 294.0 94.0
587 73.0 52.0 5.0 336.0 18.0
588 7.0 57.0 11.0 271.0 50.0
589 83.0 28.0 10.0 391.0 15.0
590 32.0 21.0 9.0 231.0 80.0
591 37.0 27.0 7.0 245.0 91.0
592 15.0 38.0 19.0 148.0 42.0
593 97.0 52.0 16.0 52.0 62.0
594 66.0 44.0 9.0 173.0 48.0
595 75.0 57.0 9.0 218.0 26.0
596 80.0 49.0 4.0 303.0 85.0
597 57.0 4.0 15.0 208.0 75.0
598 30.0 8.0 17.0 138.0 26.0
599 66.0 76.0 5.0 232.0 38.0
600 97.0 35.0 19.0 356.0 68.0
601 41.0 16.0 16.0 197.0 58.0
602 71.0 10.0 5.0 29.0 43.0
603 5.0 56.0 7.0 399.0 19.0
604 87.0 40.0 7.0 283.0 24.0
605 19.0 37.0 17.0 362.0 83.0
606 28.0 64.0 5.0 28.0 76.0
607 64.0 81.0 7.0 158.0 60.0
608 76.0 16.0 15.0 199.0 85.0
609 47.0 70.0 4.0 219.0 51.0
610 40.0 55.0 18.0 217.0 75.0
611 50.0 4.0 14.0 116.0 16.0
612 18.0 6.0 10.0 48.0 75.0
613 86.0 72.0 18.0 110.0 62.0
614 45.0 40.0 12.0 371.0 46.0
615 8.0 37.0 6.0 95.0 78.0
616 55.0 46.0 8.0 16.0 90.0
617 77.0 80.0 6.0 269.0 98.0
618 6.0 26.0 8.0 94.0 29.0
619 28.0 1.0 9.0 128.0 33.0
620 72.0 26.0 10.0 337.0 82.0
621 52.0 34.0 14.0 264.0 78.0
622 73.0 31.0 12.0 399.0 85.0
623 28.0 76.0 16.0 254.0 79.0
624 30.0 98.0 10.0 80.0 39.0
625 19.0 99.0 10.0 259.0 73.0
626 41.0 54.0 11.0 277.0 55.0
627 63.0 45.0 9.0 252.0 87.0
628 90.0 17.0 8.0 383.0 83.0
629 7.0 30.0 8.0 308.0 43.0
630 94.0 9.0 4.0 27.0 63.0
631 63.0 20.0 8.0 74.0 72.0
632 91.0 48.0 11.0 155.0 19.0
633 4.0 7.0 9.0 324.0 44.0
634 20.0 3.0 13.0 376.0 91.0
635 30.0 78.0 7.0 383.0 68.0
636 92.0 94.0 18.0 283.0 36.0
637 16.0 95.0 6.0 174.0 93.0
638 46.0 78.0 11.0 134.0 89.0
639 75.0 80.0 13.0 296.0 25.0
640 80.0 53.0 10.0 243.0 36.0
641 79.0 36.0 6.0 62.0 78.0
642 58.0 27.0 17.0 301.0 67.0
643 84.0 47.0 17.0 43.0 15.0
644 83.0 91.0 15.0 228.0 31.0
645 13.0 45.0 19.0 20.0 92.0
646 76.0 72.0 7.0 164.0 78.0
647 50.0 56.0 5.0 298.0 23.0
648 47.0 28.0 13.0 358.0 44.0
649 3.0 30.0 18.0 347.0 57.0
650 68.0 72.0 10.0 29.0 50.0
651 46.0 5.0 5.0 230.0 89.0
652 37.0 88.0 8.0 33.0 50.0
653 1.0 87.0 19.0 158.0 47.0
654 90.0 71.0 8.0 334.0 73.0
655 66.0 68.0 15.0 81.0 53.0
656 60.0 21.0 16.0 200.0 93.0
657 3.0 48.0 5.0 254.0 24.0
658 62.0 43.0 8.0 175.0 21.0
659 46.0 38.0 5.0 107.0 97.0
660 87.0 9.0 4.0 220.0 99.0
661 18.0 31.0 9.0 367.0 55.0
662 84.0 41.0 4.0 249.0 24.0
663 100.0 68.0 14.0 196.0 66.0
664 36.0 71.0 18.0 254.0 78.0
665 95.0 47.0 12.0 87.0 20.0
666 36.0 34.0 19.0 254.0 38.0
667 28.0 63.0 9.0 389.0 50.0
668 8.0 30.0 16.0 330.0 17.0
669 35.0 41.0 4.0 43.0 85.0
670 40.0 49.0 12.0 173.0 34.0
671 36.0 53.0 11.0 44.0 38.0
672 28.0 8.0 5.0 54.0 58.0
673 76.0 55.0 7.0 53.0 91.0
674 76.0 4.0 9.0 37.0 94.0
675 80.0 7.0 14.0 73.0 35.0
676 23.0 9.0 8.0 88.0 75.0
677 74.0 78.0 4.0 294.0 83.0
678 70.0 12.0 19.0 354.0 67.0
679 68.0 20.0 8.0 108.0 30.0
680 93.0 30.0 5.0 299.0 54.0
681 49.0 11.0 13.0 222.0 72.0
682 46.0 32.0 8.0 33.0 80.0
683 64.0 19.0 4.0 60.0 52.0
684 81.0 18.0 17.0 73.0 92.0
685 98.0 94.0 13.0 382.0 78.0
686 76.0 83.0 17.0 244.0 83.0
687 35.0 63.0 6.0 380.0 99.0
688 51.0 30.0 5.0 349.0 60.0
689 18.0 84.0 4.0 32.0 42.0
690 89.0 81.0 4.0 91.0 38.0
691 41.0 2.0 6.0 229.0 60.0
692 23.0 10.0 16.0 386.0 70.0
693 6.0 77.0 11.0 339.0 17.0
694 83.0 67.0 4.0 274.0 41.0
695 94.0 24.0 15.0 315.0 46.0
696 64.0 36.0 11.0 239.0 35.0
697 21.0 60.0 18.0 296.0 72.0
698 51.0 61.0 15.0 50.0 34.0
699 41.0 51.0 14.0 16.0 79.0
2071
0 246
0 233
0 178
0 281
0 1
1 395
1 288
1 281
1 233
2 98
2 407
2 339
2 484
3 190
3 443
3 49
4 317
4 350
4 576
4 657
4 97
4 65
5 539
5 288
5 77
5 283
5 343
5 381
6 109
6 451
6 581
6 329
6 106
6 147
6 641
7 345
7 429
7 385
7 510
7 359
7 298
8 455
8 290
8 81
8 523
8 31
8 200
9 257
9 646
9 478
9 677
9 617
9 175
9 29
10 605
10 217
10 240
10 333
10 661
10 565
10 461
11 424
11 626
11 188
11 542
11 610
11 546
12 622
12 159
12 137
12 641
12 388
12 49
12 589
13 665
13 372
13 63
13 632
13 289
13 199
14 15
14 357
14 560
14 421
14 225
15 691
15 302
15 357
15 236
15 225
15 224
15 352
16 506
16 562
16 100
16 45
16 167
16 215
17 685
17 264
17 412
17 304
17 34
18 44
18 577
18 459
18 246
18 652
18 178
19 382
19 86
19 73
19 440
19 74
19 275
19 315
20 209
20 683
20 631
20 268
20 502
21 548
21 123
21 231
21 176
21 537
22 289
22 37
22 567
22 354
22 493
23 371
23 330
23 181
23 428
23 516
23 325
24 326
24 373
24 155
24 439
24 401
24 644
24 435
25 527
25 308
25 674
25 105
25 243
26 460
26 577
26 405
26 530
26 390
27 533
27 220
27 404
27 162
27 697
28 507
28 277
28 45
28 547
28 384
28 562
28 618
29 391
29 237
29 175
29 361
29 686
29 617
29 467
30 194
30 569
30 222
30 556
31 543
31 523
31 114
31 529
31 200
32 599
32 294
32 75
32 400
32 457
32 477
33 169
33 475
33 160
34 304
34 379
34 484
35 626
35 424
35 699
35 60
35 380
36 258
36 415
36 130
36 102
36 110
36 601
37 518
37 372
37 289
37 493
38 537
38 470
38 210
38 327
38 438
38 387
39 649
39 350
39 492
39 576
39 615
40 287
40 154
40 455
40 246
40 625
40 241
40 203
41 632
41 99
41 141
41 199
41 579
42 338
42 389
42 483
42 491
42 666
42 659
42 458
43 404
43 429
43 310
43 126
43 486
43 271
44 69
44 577
44 113
44 307
44 459
44 140
45 562
45 277
45 167
46 88
46 256
46 538
46 87
46 295
46 247
47 60
47 380
47 647
47 121
47 583
47 511
48 262
48 454
48 193
48 693
48 573
48 472
48 103
49 641
49 190
49 451
49 443
49 342
49 589
50 454
50 353
50 452
50 228
50 531
50 103
51 350
51 649
51 211
51 204
51 507
51 448
52 149
52 663
52 403
52 485
52 150
53 344
53 622
53 620
53 526
53 179
54 406
54 462
54 516
54 611
54 187
54 651
55 136
55 619
55 501
55 431
55 634
55 612
56 301
56 212
56 360
56 119
56 305
56 432
56 362
56 321
57 393
57 628
57 216
57 409
57 660
57 630
58 226
58 308
58 489
58 108
58 291
58 173
58 660
58 630
59 340
59 221
59 247
59 88
59 296
59 464
59 118
60 699
60 670
60 380
60 358
60 511
61 170
61 663
61 238
61 96
61 469
61 387
62 600
62 493
62 535
62 253
62 269
63 665
63 593
63 632
63 144
64 213
64 313
64 497
64 259
65 97
65 576
65 297
66 615
66 68
66 532
66 463
66 592
66 369
67 69
67 577
67 557
67 623
67 520
67 635
67 481
68 615
68 297
68 369
69 577
69 398
69 113
69 481
70 249
70 125
70 82
70 512
70 616
70 500
70 171
70 621
70 423
71 229
71 161
71 657
71 186
71 603
72 594
72 207
72 658
72 505
72 322
73 417
73 555
73 608
73 86
73 440
74 440
74 608
74 346
74 156
74 413
74 545
74 315
75 400
75 575
75 85
75 180
75 477
76 687
76 606
76 432
76 301
76 553
76 582
76 212
76 664
77 539
77 233
77 455
77 290
77 381
78 667
78 487
78 494
78 255
78 490
79 503
79 698
79 260
79 356
80 633
80 309
80 182
81 584
81 205
81 200
81 290
82 125
82 642
82 445
82 621
82 688
83 504
83 295
83 693
83 465
83 510
84 431
84 634
84 300
84 612
84 131
85 430
85 575
85 477
85 570
85 655
86 602
86 678
86 536
86 382
86 555
86 104
87 504
87 295
87 247
88 256
88 247
88 416
88 118
89 430
89 374
89 442
89 164
89 197
90 422
90 285
90 530
90 652
90 405
90 495
90 390
90 266
91 638
91 305
91 460
91 530
91 534
92 443
92 342
92 586
92 695
92 127
92 680
92 269
93 183
93 645
93 369
93 311
93 230
93 592
94 435
94 189
94 644
94 467
94 237
94 248
95 381
95 205
95 177
95 343
95 270
96 469
96 438
96 387
97 657
97 186
97 437
97 297
98 407
98 339
98 543
98 435
98 326
98 373
99 522
99 425
99 141
99 128
99 176
99 632
99 144
100 182
100 633
100 129
100 506
100 215
101 418
101 377
101 342
101 586
101 286
101 515
102 415
102 110
102 376
102 648
103 262
103 472
103 452
103 531
103 345
104 209
104 678
104 679
104 555
105 527
105 382
105 243
105 275
105 315
106 329
106 159
106 147
106 641
107 479
107 226
107 482
107 243
108 291
108 173
109 451
109 581
109 499
109 604
109 662
110 151
110 198
110 550
110 601
110 376
111 256
111 564
111 112
111 637
111 307
111 336
111 585
111 192
112 416
112 256
112 287
112 637
113 398
113 564
113 307
113 689
114 543
114 529
114 378
114 447
114 335
115 685
115 264
115 410
115 496
115 403
115 485
116 136
116 309
116 633
116 506
116 501
117 331
117 265
117 214
117 394
117 570
117 655
118 416
118 464
119 360
119 362
119 299
120 312
120 669
120 544
121 583
121 196
121 616
121 647
121 227
122 547
122 384
122 480
122 323
122 324
123 372
123 665
123 518
123 548
123 231
123 593
123 535
123 195
124 259
124 692
124 578
124 300
124 131
124 132
125 249
125 696
125 642
125 179
125 158
126 320
126 520
126 486
126 554
126 429
126 298
127 443
127 680
127 354
128 176
128 522
128 210
128 245
129 182
129 473
129 215
130 258
130 466
130 601
131 501
131 219
131 612
131 300
131 132
132 578
132 219
133 180
133 400
133 569
133 457
133 441
133 194
134 308
134 202
134 527
134 488
134 474
135 403
135 496
135 391
135 237
135 690
135 426
135 558
135 248
136 292
136 202
136 619
136 309
136 501
137 620
137 622
137 388
137 267
137 328
138 505
138 442
138 239
138 232
138 594
139 408
139 303
139 642
139 656
139 268
139 181
140 459
140 307
140 185
140 334
140 336
141 425
141 513
141 643
141 579
142 415
142 303
142 258
142 408
142 428
142 568
142 274
143 279
143 368
143 195
143 393
143 541
144 632
144 593
144 508
144 176
144 231
145 267
145 364
145 684
145 377
145 580
146 666
146 235
146 446
146 376
146 648
146 483
147 641
148 207
148 249
148 171
148 658
148 423
149 663
149 485
149 264
150 558
150 403
150 238
150 170
150 663
151 198
151 590
151 550
152 175
152 690
152 613
152 558
152 272
153 346
153 216
153 684
153 418
153 396
153 413
154 287
154 464
154 241
154 203
154 397
154 392
155 484
155 373
155 439
155 379
156 675
156 489
156 660
156 346
156 409
156 315
157 691
157 292
157 187
157 651
157 236
158 540
158 696
158 344
158 179
159 540
159 232
159 444
159 329
159 622
159 641
160 399
160 521
160 169
160 230
160 528
160 475
161 350
161 353
161 252
161 603
161 317
161 229
162 310
162 404
162 697
163 442
163 587
163 374
163 673
163 595
163 411
164 196
164 273
164 442
164 197
165 475
165 206
165 458
165 666
165 456
165 240
165 217
165 528
166 607
166 250
166 420
166 335
166 447
167 277
167 473
167 215
168 329
168 587
168 370
168 596
168 643
169 201
169 475
169 525
169 399
169 234
170 663
170 238
171 249
171 423
172 218
172 497
172 672
172 692
172 259
173 195
173 291
173 434
173 630
174 562
174 384
174 453
174 213
174 578
174 337
174 324
175 391
175 690
175 613
175 348
175 478
176 231
176 537
176 210
177 584
177 205
177 293
177 270
178 281
178 495
178 246
178 652
179 642
179 344
179 526
179 263
180 509
180 609
180 356
180 575
180 400
180 569
180 360
180 638
181 268
181 371
181 428
181 408
182 473
182 633
183 551
183 521
183 645
183 230
184 378
184 543
184 189
184 686
184 278
184 361
184 420
185 572
185 334
185 585
185 336
186 436
186 588
186 603
186 657
186 437
187 292
187 611
187 651
188 542
188 223
188 687
188 487
188 671
188 610
189 543
189 435
189 361
189 467
190 499
190 451
190 563
190 354
190 443
191 471
191 554
191 298
191 359
191 295
192 637
192 625
192 585
192 242
193 454
193 353
193 350
193 693
193 314
193 254
194 569
194 441
194 222
195 535
195 291
195 368
195 393
195 434
196 273
196 616
196 647
196 698
196 197
197 430
197 575
197 698
198 235
198 456
198 590
198 376
198 446
198 591
199 632
199 289
199 567
199 604
199 662
199 579
200 529
200 447
200 584
201 552
201 349
201 475
201 671
201 525
202 292
202 363
202 597
202 488
202 308
203 241
203 392
203 375
203 386
203 254
204 211
204 473
205 584
205 290
205 381
206 458
206 669
206 475
206 552
207 249
207 696
207 540
207 232
207 594
207 658
208 640
208 522
208 673
208 595
208 245
208 341
208 411
208 347
208 366
209 474
209 502
209 678
209 683
209 679
210 537
210 245
210 438
211 473
211 277
211 507
212 301
212 664
212 321
213 453
213 313
213 578
213 259
214 646
214 265
214 394
214 677
214 427
214 650
215 473
216 346
216 418
216 628
216 409
217 605
217 311
217 230
217 240
217 528
218 550
218 497
218 672
218 560
218 598
219 506
219 562
219 501
219 578
220 533
220 436
220 514
220 551
220 399
220 697
221 340
221 653
221 386
221 375
221 296
222 584
222 447
222 293
222 441
222 556
223 542
223 687
223 432
223 362
224 332
224 466
224 236
224 357
225 421
225 619
225 352
226 308
226 489
226 479
226 482
227 512
227 616
227 583
227 511
227 614
227 244
228 252
228 588
228 353
228 531
229 317
229 657
230 311
230 528
230 521
231 593
231 508
232 540
232 444
232 239
232 594
233 539
233 395
233 455
233 246
234 494
234 487
234 525
234 399
235 456
235 666
235 446
235 591
236 691
236 332
236 462
236 651
237 391
237 248
237 467
238 558
238 272
238 469
239 444
239 442
240 456
240 333
242 625
242 572
242 334
242 585
243 479
243 674
243 482
243 315
244 511
244 614
244 318
244 549
245 522
245 341
245 438
246 455
246 625
246 334
246 624
246 459
247 504
247 340
248 644
248 517
248 426
249 696
250 607
250 294
250 599
250 278
250 420
251 659
251 512
251 500
251 491
251 682
252 603
252 588
252 353
253 535
253 279
253 695
253 269
254 314
254 340
254 653
254 386
255 667
255 606
255 271
255 310
255 490
256 538
256 564
256 416
257 348
257 355
257 478
257 365
257 646
258 415
258 466
258 332
258 681
258 274
259 692
259 497
259 578
260 299
260 356
260 519
260 503
261 414
261 647
261 380
261 424
261 546
262 454
262 452
263 526
263 642
263 367
263 468
263 679
264 685
264 485
265 331
265 646
265 366
265 365
266 281
266 283
266 495
266 285
267 364
267 388
267 342
267 580
267 328
268 371
268 502
268 656
268 631
269 680
269 695
269 354
269 493
270 422
270 343
270 556
270 569
270 293
271 553
271 486
271 606
271 310
272 558
272 613
272 654
272 469
272 438
273 616
273 442
273 316
273 423
274 681
274 568
275 382
275 315
276 383
276 417
276 679
276 620
277 473
277 507
278 599
278 686
278 420
278 639
278 677
278 427
279 368
279 535
279 541
279 695
280 574
280 480
280 532
280 351
281 283
281 288
281 495
282 402
282 557
282 320
282 623
282 635
283 343
283 285
283 288
284 571
284 557
284 460
284 305
285 343
285 422
286 541
286 586
286 628
286 515
287 625
287 464
287 416
287 637
288 395
288 539
289 372
289 567
290 455
290 381
292 619
292 302
292 363
292 691
292 611
293 584
293 556
294 607
294 599
294 457
295 504
295 689
295 471
295 538
295 510
295 359
296 397
296 464
296 392
296 375
297 369
297 645
297 576
297 437
297 615
298 554
298 429
298 359
299 356
299 519
299 509
299 542
299 362
299 360
300 692
300 676
300 431
301 432
302 619
302 691
302 352
303 415
303 642
303 408
304 412
304 379
304 561
304 449
305 360
305 638
305 664
305 571
305 460
305 321
306 566
306 313
306 453
306 433
306 337
307 564
307 336
308 527
308 479
308 674
309 633
310 404
310 490
310 697
311 605
311 592
312 549
312 544
312 552
312 669
312 349
312 358
313 566
313 456
313 590
313 497
313 453
314 693
314 504
314 340
315 675
315 482
316 442
316 627
316 658
316 423
317 350
317 657
318 549
318 389
318 338
318 614
319 548
319 663
319 470
319 537
320 520
320 486
320 402
320 582
320 553
320 623
321 664
322 658
322 627
322 505
323 480
323 574
323 661
323 433
323 337
323 324
324 337
324 384
325 450
325 597
325 330
325 516
326 373
326 435
327 470
327 663
327 387
328 620
328 364
328 383
329 587
329 444
329 581
329 643
330 371
330 476
330 597
331 430
331 374
331 411
331 366
331 570
332 406
332 462
332 681
332 466
333 661
333 566
333 456
333 433
334 625
334 624
334 572
334 459
335 447
335 378
335 420
336 585
337 433
337 453
338 389
338 614
338 659
339 484
339 373
340 653
340 504
341 347
341 694
341 438
342 388
342 443
342 586
342 377
342 580
342 589
343 422
343 381
344 622
344 540
345 385
345 472
345 531
345 404
345 429
346 413
346 409
347 694
347 366
348 613
348 355
348 478
349 552
349 358
349 670
349 671
350 353
350 649
350 576
351 618
351 547
351 480
351 532
351 615
351 668
352 619
353 454
354 567
354 563
354 493
354 443
354 680
355 613
355 694
355 365
356 509
356 575
356 698
357 601
357 466
357 550
357 560
358 549
358 670
358 511
359 510
360 609
360 509
360 638
361 686
361 467
362 542
362 432
363 597
363 611
363 450
364 684
364 608
364 383
365 646
365 366
365 694
366 694
366 411
367 631
367 656
367 642
367 468
368 535
369 645
369 592
370 587
370 596
370 513
370 640
370 673
371 476
371 502
372 665
372 518
373 484
374 442
374 430
374 411
375 392
375 386
376 446
376 648
377 684
377 418
377 580
378 543
378 420
379 524
379 439
379 484
379 561
380 424
380 647
382 536
382 527
383 417
383 620
383 608
384 562
384 547
385 472
385 573
385 465
385 510
386 653
387 438
387 663
388 589
389 458
389 544
389 549
390 405
390 530
391 690
392 397
393 541
393 628
393 434
393 630
394 655
394 477
394 650
395 539
396 684
396 413
396 545
397 464
398 481
398 554
398 689
398 471
399 551
399 521
399 494
399 490
399 697
400 457
401 439
401 644
401 517
401 559
402 557
402 571
402 582
403 496
403 485
403 558
404 429
404 533
404 531
405 652
405 577
406 462
406 681
406 568
406 516
407 543
407 523
407 484
407 455
408 428
409 660
410 496
410 685
410 426
410 636
410 449
411 595
412 685
412 449
413 545
414 503
414 698
414 647
414 546
415 642
415 445
415 648
416 464
417 555
417 608
417 679
418 684
418 628
418 515
419 672
419 619
419 431
419 676
421 560
421 619
421 598
422 638
422 569
422 534
422 530
423 658
423 616
424 626
424 546
425 522
425 513
425 640
426 496
426 559
426 517
426 636
427 477
427 599
427 677
427 650
428 568
428 516
430 575
430 570
431 634
431 619
431 676
432 687
433 661
433 566
434 630
435 644
435 543
436 588
436 533
436 514
436 437
437 514
437 645
437 551
438 469
438 694
438 654
438 613
439 524
439 559
440 608
441 607
441 447
441 457
442 587
442 444
442 505
442 627
444 587
445 642
445 648
445 688
446 591
447 607
447 529
447 584
448 649
448 507
448 618
449 561
449 636
449 685
450 516
450 611
450 597
451 499
451 641
452 454
455 523
455 484
456 566
456 590
456 666
457 607
458 669
458 544
458 666
459 624
460 557
460 577
460 530
461 574
461 565
461 532
461 463
461 605
462 651
463 532
463 592
463 605
465 693
465 573
465 510
466 601
468 631
468 683
468 679
470 663
470 537
471 554
471 689
472 573
474 527
474 678
474 602
474 488
474 502
474 536
474 498
475 552
475 528
476 502
476 498
476 488
476 597
477 599
477 655
477 650
479 674
480 574
480 547
481 520
481 554
482 489
482 675
483 682
483 491
483 666
483 648
486 553
487 687
487 667
487 671
487 525
487 494
488 498
488 597
489 675
489 660
490 494
490 697
491 659
491 682
492 649
492 615
492 629
492 668
493 518
493 600
495 652
497 590
497 550
498 502
499 604
499 563
500 512
500 621
500 682
500 688
501 506
501 612
503 519
503 698
503 546
504 693
505 627
505 594
506 633
506 562
507 618
508 593
509 609
511 583
511 549
512 616
512 659
512 614
513 596
513 640
513 643
514 551
515 628
516 611
516 568
517 644
517 559
518 535
518 600
519 542
519 546
520 623
520 554
521 551
522 640
523 543
524 636
524 559
524 561
525 671
526 620
526 679
527 536
530 534
531 588
531 533
532 615
532 574
533 588
534 638
535 600
536 602
537 548
538 564
538 689
540 696
540 622
541 628
541 695
541 586
542 546
544 669
544 549
545 608
545 684
547 618
548 663
550 590
550 601
550 560
551 645
552 669
553 582
553 606
555 679
556 569
557 577
557 571
557 635
558 690
559 636
560 598
561 636
562 578
563 567
563 604
564 689
565 661
565 574
567 604
568 681
569 638
570 655
571 664
571 582
572 585
573 693
574 661
575 698
576 615
577 652
579 643
579 662
581 662
581 643
582 664
586 695
587 673
588 603
592 605
593 665
595 673
596 643
598 672
598 619
602 678
604 662
606 687
606 667
608 684
610 626
610 671
612 634
613 694
613 654
614 659
615 668
617 686
617 639
617 677
618 649
618 629
618 668
619 672
620 622
620 679
621 688
623 635
625 637
626 699
626 671
627 658
629 649
629 668
630 660
631 656
631 683
639 686
639 677
640 673
642 656
643 662
646 677
647 698
648 688
648 682
667 687
670 699
670 671
671 699
672 692
672 676
676 692
679 683
682 688
10 0.5 0.5 0.5
