600
0 6.0 66.0 9.0 382.0 85.0
1 26.0 66.0 11.0 206.0 21.0
2 42.0 82.0 15.0 208.0 35.0
3 35.0 71.0 14.0 140.0 73.0
4 78.0 35.0 13.0 292.0 17.0
5 5.0 36.0 4.0 317.0 62.0
6 58.0 49.0 18.0 271.0 67.0
7 99.0 57.0 7.0 229.0 73.0
8 24.0 3.0 9.0 179.0 97.0
9 19.0 46.0 9.0 169.0 95.0
10 10.0 57.0 11.0 163.0 72.0
11 57.0 79.0 12.0 355.0 58.0
12 20.0 3.0 4.0 246.0 48.0
13 27.0 56.0 15.0 49.0 84.0
14 91.0 0.0 15.0 256.0 94.0
15 99.0 58.0 16.0 381.0 39.0
16 87.0 64.0 6.0 76.0 75.0
17 20.0 36.0 10.0 170.0 79.0
18 100.0 82.0 9.0 243.0 76.0
19 36.0 71.0 5.0 88.0 92.0
20 48.0 94.0 14.0 343.0 27.0
21 95.0 34.0 17.0 67.0 85.0
22 80.0 43.0 18.0 99.0 64.0
23 23.0 27.0 9.0 333.0 18.0
24 62.0 79.0 18.0 63.0 47.0
25 33.0 12.0 5.0 314.0 64.0
26 34.0 48.0 13.0 156.0 28.0
27 71.0 39.0 18.0 382.0 90.0
28 30.0 75.0 16.0 280.0 32.0
29 49.0 87.0 18.0 170.0 83.0
30 66.0 60.0 6.0 105.0 62.0
31 91.0 44.0 7.0 49.0 89.0
32 13.0 85.0 4.0 341.0 53.0
33 47.0 61.0 17.0 52.0 63.0
34 81.0 71.0 16.0 21.0 51.0
35 15.0 87.0 16.0 329.0 40.0
36 37.0 94.0 16.0 100.0 50.0
37 60.0 63.0 19.0 18.0 86.0
38 74.0 52.0 7.0 90.0 79.0
39 52.0 80.0 17.0 249.0 79.0
40 64.0 75.0 18.0 282.0 23.0
41 62.0 8.0 4.0 93.0 82.0
42 11.0 33.0 5.0 226.0 21.0
43 40.0 72.0 17.0 297.0 22.0
44 32.0 23.0 15.0 378.0 66.0
45 99.0 56.0 6.0 270.0 92.0
46 66.0 72.0 6.0 95.0 97.0
47 24.0 33.0 7.0 178.0 32.0
48 97.0 44.0 8.0 67.0 18.0
49 69.0 88.0 15.0 95.0 23.0
50 2.0 29.0 9.0 203.0 62.0
51 49.0 55.0 19.0 114.0 58.0
52 4.0 77.0 18.0 142.0 76.0
53 83.0 95.0 12.0 169.0 18.0
54 0.0 87.0 9.0 66.0 59.0
55 12.0 90.0 5.0 350.0 90.0
56 36.0 87.0 10.0 298.0 64.0
57 2.0 27.0 19.0 147.0 65.0
58 42.0 56.0 5.0 373.0 25.0
59 100.0 1.0 19.0 228.0 58.0
60 35.0 14.0 13.0 118.0 94.0
61 68.0 98.0 10.0 256.0 77.0
62 39.0 32.0 17.0 294.0 97.0
63 59.0 2.0 5.0 378.0 77.0
64 78.0 33.0 16.0 122.0 50.0
65 36.0 53.0 9.0 37.0 43.0
66 32.0 54.0 10.0 363.0 74.0
67 35.0 66.0 17.0 58.0 89.0
68 69.0 87.0 6.0 21.0 16.0
69 29.0 65.0 19.0 220.0 36.0
70 91.0 67.0 6.0 160.0 40.0
71 21.0 94.0 15.0 140.0 25.0
72 3.0 90.0 13.0 289.0 56.0
73 55.0 100.0 6.0 255.0 28.0
74 29.0 95.0 12.0 145.0 66.0
75 11.0 16.0 10.0 42.0 81.0
76 38.0 93.0 7.0 250.0 97.0
77 2.0 76.0 19.0 222.0 99.0
78 11.0 97.0 8.0 66.0 22.0
79 18.0 29.0 14.0 230.0 55.0
80 43.0 55.0 5.0 334.0 71.0
81 83.0 3.0 18.0 173.0 52.0
82 51.0 99.0 10.0 28.0 61.0
83 35.0 94.0 10.0 363.0 98.0
84 66.0 91.0 16.0 257.0 70.0
85 33.0 44.0 12.0 189.0 21.0
86 41.0 93.0 12.0 188.0 15.0
87 63.0 94.0 12.0 112.0 23.0
88 10.0 12.0 16.0 275.0 52.0
89 38.0 38.0 9.0 387.0 82.0
90 23.0 24.0 6.0 153.0 61.0
91 86.0 57.0 6.0 387.0 56.0
92 18.0 97.0 9.0 78.0 78.0
93 73.0 44.0 17.0 289.0 72.0
94 53.0 58.0 13.0 215.0 54.0
95 25.0 32.0 9.0 134.0 80.0
96 6.0 91.0 8.0 329.0 66.0
97 48.0 49.0 14.0 216.0 76.0
98 60.0 7.0 17.0 253.0 84.0
99 30.0 54.0 15.0 27.0 73.0
100 50.0 68.0 5.0 172.0 55.0
101 99.0 6.0 14.0 93.0 88.0
102 28.0 71.0 15.0 375.0 68.0
103 15.0 41.0 5.0 92.0 22.0
104 72.0 9.0 12.0 152.0 62.0
105 6.0 28.0 12.0 203.0 84.0
106 38.0 35.0 7.0 91.0 56.0
107 77.0 21.0 4.0 244.0 43.0
108 42.0 65.0 15.0 172.0 26.0
109 70.0 20.0 13.0 124.0 18.0
110 78.0 62.0 6.0 90.0 33.0
111 23.0 90.0 19.0 384.0 50.0
112 23.0 79.0 13.0 330.0 61.0
113 98.0 42.0 7.0 158.0 32.0
114 74.0 3.0 10.0 175.0 42.0
115 34.0 50.0 8.0 269.0 69.0
116 46.0 29.0 16.0 223.0 88.0
117 33.0 81.0 11.0 386.0 34.0
118 20.0 82.0 18.0 123.0 86.0
119 27.0 45.0 9.0 129.0 86.0
120 35.0 83.0 17.0 384.0 58.0
121 94.0 6.0 9.0 26.0 59.0
122 66.0 19.0 7.0 286.0 61.0
123 24.0 16.0 12.0 296.0 49.0
124 89.0 3.0 15.0 292.0 48.0
125 10.0 54.0 11.0 165.0 89.0
126 38.0 89.0 19.0 265.0 84.0
127 23.0 35.0 17.0 362.0 61.0
128 41.0 23.0 14.0 123.0 47.0
129 68.0 80.0 19.0 362.0 98.0
130 85.0 39.0 5.0 246.0 54.0
131 7.0 80.0 15.0 122.0 45.0
132 60.0 91.0 11.0 118.0 62.0
133 76.0 35.0 9.0 114.0 16.0
134 41.0 57.0 18.0 259.0 47.0
135 35.0 39.0 14.0 261.0 78.0
136 11.0 73.0 8.0 389.0 60.0
137 31.0 79.0 15.0 323.0 70.0
138 60.0 33.0 4.0 314.0 79.0
139 81.0 35.0 9.0 352.0 37.0
140 34.0 87.0 15.0 79.0 42.0
141 78.0 7.0 17.0 297.0 20.0
142 84.0 89.0 16.0 150.0 50.0
143 29.0 78.0 17.0 353.0 50.0
144 37.0 48.0 17.0 346.0 82.0
145 0.0 100.0 14.0 328.0 43.0
146 47.0 64.0 15.0 201.0 24.0
147 38.0 39.0 11.0 284.0 58.0
148 11.0 25.0 15.0 247.0 18.0
149 83.0 26.0 17.0 289.0 26.0
150 20.0 42.0 18.0 160.0 66.0
151 0.0 83.0 12.0 185.0 19.0
152 28.0 26.0 15.0 315.0 44.0
153 92.0 92.0 5.0 241.0 75.0
154 90.0 51.0 18.0 218.0 59.0
155 9.0 15.0 10.0 358.0 17.0
156 73.0 89.0 15.0 341.0 84.0
157 52.0 7.0 14.0 221.0 62.0
158 29.0 21.0 10.0 61.0 91.0
159 35.0 64.0 13.0 69.0 32.0
160 99.0 39.0 4.0 193.0 94.0
161 72.0 59.0 6.0 58.0 71.0
162 82.0 20.0 12.0 80.0 56.0
163 82.0 3.0 10.0 372.0 39.0
164 87.0 32.0 18.0 277.0 18.0
165 90.0 68.0 10.0 136.0 75.0
166 48.0 66.0 15.0 190.0 61.0
167 0.0 0.0 15.0 187.0 46.0
168 71.0 15.0 7.0 280.0 85.0
169 100.0 65.0 8.0 18.0 66.0
170 37.0 43.0 8.0 138.0 62.0
171 11.0 98.0 19.0 259.0 26.0
172 94.0 92.0 8.0 49.0 77.0
173 48.0 10.0 5.0 16.0 23.0
174 27.0 3.0 8.0 309.0 77.0
175 17.0 69.0 17.0 221.0 18.0
176 74.0 98.0 19.0 365.0 70.0
177 69.0 79.0 17.0 156.0 69.0
178 25.0 67.0 15.0 357.0 56.0
179 54.0 81.0 19.0 61.0 69.0
180 51.0 30.0 7.0 358.0 40.0
181 31.0 81.0 12.0 308.0 21.0
182 70.0 36.0 14.0 364.0 86.0
183 4.0 36.0 14.0 252.0 78.0
184 79.0 53.0 13.0 249.0 84.0
185 34.0 79.0 6.0 361.0 53.0
186 77.0 37.0 19.0 97.0 82.0
187 43.0 82.0 18.0 21.0 22.0
188 89.0 85.0 5.0 89.0 58.0
189 80.0 42.0 11.0 16.0 38.0
190 98.0 21.0 12.0 191.0 44.0
191 9.0 2.0 7.0 350.0 66.0
192 48.0 76.0 7.0 290.0 32.0
193 30.0 24.0 13.0 269.0 71.0
194 72.0 5.0 16.0 162.0 58.0
195 59.0 1.0 19.0 336.0 48.0
196 81.0 26.0 4.0 243.0 63.0
197 8.0 79.0 11.0 280.0 93.0
198 99.0 69.0 11.0 248.0 57.0
199 11.0 90.0 9.0 28.0 95.0
200 3.0 46.0 7.0 341.0 16.0
201 67.0 71.0 15.0 281.0 68.0
202 26.0 12.0 11.0 136.0 79.0
203 53.0 80.0 18.0 314.0 71.0
204 29.0 0.0 12.0 116.0 30.0
205 73.0 29.0 9.0 183.0 95.0
206 27.0 4.0 9.0 259.0 87.0
207 65.0 20.0 5.0 286.0 35.0
208 18.0 34.0 11.0 29.0 76.0
209 31.0 20.0 16.0 15.0 78.0
210 37.0 59.0 18.0 306.0 69.0
211 70.0 9.0 10.0 112.0 58.0
212 67.0 9.0 5.0 277.0 40.0
213 62.0 10.0 12.0 103.0 15.0
214 32.0 100.0 14.0 18.0 64.0
215 22.0 11.0 5.0 339.0 54.0
216 53.0 65.0 6.0 116.0 17.0
217 70.0 53.0 18.0 366.0 85.0
218 60.0 81.0 4.0 129.0 18.0
219 33.0 7.0 17.0 82.0 45.0
220 53.0 70.0 6.0 305.0 28.0
221 41.0 18.0 15.0 284.0 35.0
222 20.0 38.0 19.0 398.0 90.0
223 66.0 20.0 14.0 128.0 26.0
224 88.0 79.0 8.0 377.0 20.0
225 100.0 5.0 8.0 183.0 31.0
226 46.0 93.0 18.0 309.0 92.0
227 36.0 58.0 12.0 57.0 77.0
228 85.0 6.0 8.0 338.0 23.0
229 61.0 14.0 11.0 298.0 42.0
230 53.0 12.0 17.0 158.0 21.0
231 51.0 51.0 9.0 257.0 57.0
232 83.0 49.0 18.0 249.0 19.0
233 37.0 40.0 6.0 118.0 30.0
234 0.0 49.0 18.0 193.0 75.0
235 50.0 97.0 19.0 59.0 15.0
236 76.0 73.0 7.0 355.0 54.0
237 1.0 95.0 4.0 67.0 52.0
238 53.0 69.0 11.0 218.0 21.0
239 81.0 55.0 13.0 187.0 73.0
240 99.0 36.0 15.0 96.0 40.0
241 51.0 16.0 10.0 148.0 91.0
242 49.0 91.0 13.0 98.0 79.0
243 50.0 96.0 12.0 214.0 77.0
244 73.0 0.0 5.0 270.0 67.0
245 44.0 88.0 15.0 339.0 65.0
246 77.0 55.0 11.0 110.0 64.0
247 100.0 58.0 16.0 364.0 43.0
248 60.0 77.0 10.0 121.0 86.0
249 76.0 57.0 12.0 257.0 80.0
250 58.0 4.0 16.0 106.0 65.0
251 91.0 40.0 8.0 175.0 22.0
252 47.0 10.0 16.0 225.0 41.0
253 44.0 99.0 7.0 379.0 55.0
254 83.0 15.0 18.0 152.0 76.0
255 68.0 22.0 9.0 69.0 63.0
256 71.0 87.0 18.0 40.0 37.0
257 75.0 93.0 14.0 176.0 29.0
258 36.0 48.0 16.0 32.0 78.0
259 11.0 2.0 6.0 31.0 67.0
260 87.0 57.0 4.0 64.0 22.0
261 78.0 78.0 5.0 77.0 51.0
262 20.0 45.0 8.0 342.0 95.0
263 50.0 27.0 17.0 365.0 85.0
264 1.0 2.0 14.0 101.0 35.0
265 4.0 100.0 4.0 180.0 53.0
266 77.0 11.0 15.0 280.0 19.0
267 39.0 87.0 9.0 155.0 31.0
268 65.0 9.0 18.0 103.0 71.0
269 14.0 99.0 17.0 396.0 29.0
270 57.0 9.0 12.0 388.0 30.0
271 57.0 22.0 7.0 199.0 29.0
272 70.0 85.0 13.0 93.0 25.0
273 91.0 30.0 5.0 60.0 19.0
274 39.0 74.0 9.0 304.0 99.0
275 59.0 94.0 14.0 205.0 67.0
276 91.0 17.0 19.0 19.0 90.0
277 39.0 28.0 15.0 340.0 68.0
278 53.0 46.0 15.0 140.0 82.0
279 86.0 7.0 17.0 91.0 59.0
280 17.0 40.0 13.0 184.0 17.0
281 9.0 10.0 17.0 271.0 75.0
282 57.0 50.0 17.0 212.0 81.0
283 29.0 29.0 4.0 165.0 38.0
284 5.0 0.0 12.0 248.0 43.0
285 31.0 74.0 14.0 368.0 68.0
286 64.0 1.0 5.0 192.0 33.0
287 2.0 3.0 10.0 130.0 74.0
288 50.0 51.0 19.0 336.0 80.0
289 0.0 86.0 13.0 213.0 83.0
290 28.0 34.0 16.0 137.0 51.0
291 87.0 65.0 17.0 31.0 96.0
292 1.0 65.0 11.0 214.0 39.0
293 7.0 21.0 14.0 309.0 91.0
294 78.0 59.0 5.0 122.0 49.0
295 3.0 78.0 8.0 99.0 71.0
296 86.0 95.0 15.0 225.0 78.0
297 5.0 5.0 19.0 130.0 88.0
298 74.0 34.0 18.0 177.0 51.0
299 59.0 37.0 17.0 128.0 56.0
300 81.0 37.0 16.0 217.0 21.0
301 82.0 11.0 13.0 270.0 32.0
302 36.0 81.0 12.0 374.0 46.0
303 42.0 84.0 14.0 311.0 21.0
304 30.0 80.0 15.0 55.0 65.0
305 24.0 67.0 10.0 109.0 31.0
306 62.0 23.0 11.0 179.0 45.0
307 67.0 51.0 9.0 113.0 43.0
308 9.0 54.0 11.0 74.0 90.0
309 72.0 18.0 12.0 104.0 47.0
310 3.0 12.0 14.0 199.0 53.0
311 22.0 76.0 15.0 142.0 44.0
312 11.0 4.0 15.0 302.0 17.0
313 72.0 71.0 9.0 319.0 98.0
314 15.0 15.0 17.0 141.0 91.0
315 6.0 32.0 5.0 335.0 33.0
316 49.0 24.0 8.0 52.0 79.0
317 8.0 13.0 17.0 182.0 56.0
318 20.0 71.0 11.0 27.0 37.0
319 6.0 38.0 12.0 355.0 32.0
320 90.0 34.0 17.0 347.0 57.0
321 29.0 3.0 11.0 135.0 19.0
322 1.0 0.0 16.0 385.0 19.0
323 42.0 67.0 11.0 328.0 33.0
324 72.0 19.0 13.0 164.0 84.0
325 68.0 53.0 13.0 379.0 29.0
326 17.0 3.0 4.0 27.0 25.0
327 93.0 3.0 10.0 160.0 65.0
328 45.0 86.0 7.0 126.0 98.0
329 10.0 75.0 11.0 172.0 49.0
330 75.0 77.0 6.0 308.0 18.0
331 64.0 6.0 10.0 15.0 23.0
332 75.0 68.0 7.0 294.0 97.0
333 94.0 2.0 16.0 151.0 83.0
334 68.0 31.0 18.0 68.0 22.0
335 60.0 93.0 9.0 225.0 50.0
336 88.0 76.0 12.0 351.0 94.0
337 29.0 97.0 18.0 284.0 61.0
338 22.0 30.0 13.0 180.0 60.0
339 40.0 26.0 9.0 55.0 82.0
340 54.0 96.0 15.0 169.0 73.0
341 46.0 80.0 4.0 365.0 18.0
342 5.0 70.0 14.0 316.0 85.0
343 36.0 10.0 17.0 351.0 81.0
344 45.0 10.0 19.0 329.0 39.0
345 90.0 100.0 10.0 166.0 70.0
346 10.0 6.0 13.0 269.0 74.0
347 26.0 15.0 15.0 257.0 50.0
348 87.0 29.0 5.0 249.0 18.0
349 2.0 5.0 19.0 260.0 86.0
350 29.0 19.0 19.0 396.0 42.0
351 61.0 67.0 8.0 33.0 81.0
352 85.0 78.0 14.0 396.0 86.0
353 32.0 42.0 11.0 359.0 25.0
354 87.0 21.0 9.0 254.0 78.0
355 47.0 59.0 6.0 335.0 20.0
356 78.0 82.0 14.0 190.0 55.0
357 0.0 75.0 10.0 368.0 67.0
358 8.0 96.0 8.0 39.0 58.0
359 67.0 86.0 15.0 225.0 80.0
360 93.0 50.0 11.0 311.0 21.0
361 41.0 40.0 19.0 152.0 43.0
362 12.0 93.0 19.0 343.0 20.0
363 88.0 38.0 17.0 214.0 89.0
364 13.0 58.0 7.0 312.0 22.0
365 13.0 18.0 10.0 290.0 44.0
366 57.0 17.0 15.0 229.0 97.0
367 45.0 30.0 15.0 338.0 62.0
368 80.0 32.0 11.0 142.0 75.0
369 80.0 70.0 15.0 134.0 78.0
370 62.0 56.0 4.0 337.0 81.0
371 19.0 16.0 10.0 230.0 56.0
372 37.0 63.0 8.0 250.0 44.0
373 90.0 66.0 6.0 39.0 64.0
374 19.0 72.0 15.0 99.0 75.0
375 26.0 96.0 7.0 178.0 67.0
376 20.0 81.0 6.0 393.0 40.0
377 70.0 88.0 14.0 47.0 51.0
378 24.0 79.0 4.0 305.0 34.0
379 84.0 7.0 16.0 57.0 41.0
380 64.0 29.0 13.0 363.0 71.0
381 94.0 91.0 9.0 52.0 71.0
382 60.0 61.0 12.0 243.0 43.0
383 88.0 16.0 5.0 353.0 60.0
384 2.0 69.0 4.0 70.0 97.0
385 18.0 53.0 16.0 377.0 20.0
386 39.0 75.0 16.0 50.0 80.0
387 7.0 92.0 13.0 370.0 49.0
388 27.0 47.0 18.0 80.0 16.0
389 44.0 59.0 15.0 364.0 29.0
390 34.0 69.0 9.0 163.0 45.0
391 9.0 73.0 15.0 244.0 24.0
392 78.0 91.0 15.0 370.0 69.0
393 17.0 10.0 18.0 317.0 42.0
394 36.0 62.0 13.0 369.0 22.0
395 0.0 5.0 15.0 106.0 91.0
396 58.0 23.0 14.0 77.0 51.0
397 23.0 12.0 6.0 77.0 53.0
398 16.0 73.0 16.0 266.0 52.0
399 11.0 67.0 5.0 93.0 35.0
400 33.0 23.0 15.0 377.0 28.0
401 61.0 1.0 14.0 173.0 55.0
402 57.0 58.0 7.0 362.0 65.0
403 11.0 87.0 17.0 66.0 69.0
404 98.0 35.0 4.0 19.0 80.0
405 22.0 64.0 15.0 211.0 87.0
406 15.0 3.0 16.0 248.0 73.0
407 45.0 4.0 10.0 312.0 88.0
408 4.0 61.0 4.0 274.0 64.0
409 44.0 47.0 11.0 182.0 32.0
410 76.0 30.0 13.0 115.0 64.0
411 44.0 38.0 7.0 156.0 72.0
412 47.0 81.0 15.0 315.0 89.0
413 71.0 56.0 12.0 271.0 28.0
414 66.0 93.0 8.0 345.0 46.0
415 75.0 56.0 19.0 236.0 36.0
416 18.0 17.0 8.0 349.0 16.0
417 86.0 28.0 16.0 143.0 58.0
418 67.0 80.0 9.0 271.0 70.0
419 7.0 3.0 5.0 111.0 85.0
420 27.0 100.0 10.0 387.0 49.0
421 5.0 38.0 19.0 282.0 61.0
422 24.0 63.0 12.0 44.0 32.0
423 65.0 41.0 19.0 84.0 27.0
424 79.0 98.0 10.0 200.0 67.0
425 29.0 55.0 14.0 301.0 62.0
426 20.0 43.0 5.0 289.0 54.0
427 40.0 38.0 8.0 121.0 63.0
428 7.0 72.0 8.0 31.0 70.0
429 38.0 44.0 15.0 390.0 40.0
430 38.0 53.0 17.0 352.0 79.0
431 63.0 16.0 17.0 218.0 75.0
432 95.0 69.0 13.0 24.0 45.0
433 49.0 71.0 12.0 233.0 94.0
434 40.0 0.0 10.0 91.0 53.0
435 46.0 99.0 18.0 207.0 63.0
436 92.0 65.0 16.0 246.0 22.0
437 77.0 49.0 6.0 261.0 52.0
438 87.0 79.0 7.0 348.0 81.0
439 23.0 53.0 12.0 358.0 92.0
440 39.0 85.0 4.0 136.0 35.0
441 43.0 63.0 9.0 378.0 61.0
442 20.0 53.0 12.0 168.0 47.0
443 89.0 100.0 11.0 126.0 67.0
444 91.0 7.0 17.0 91.0 70.0
445 35.0 11.0 9.0 39.0 34.0
446 6.0 89.0 10.0 276.0 71.0
447 35.0 48.0 9.0 49.0 37.0
448 27.0 51.0 11.0 91.0 75.0
449 12.0 5.0 15.0 202.0 49.0
450 94.0 0.0 14.0 58.0 76.0
451 80.0 41.0 8.0 330.0 69.0
452 98.0 40.0 15.0 292.0 53.0
453 48.0 17.0 15.0 379.0 63.0
454 19.0 4.0 6.0 27.0 49.0
455 75.0 85.0 10.0 383.0 76.0
456 18.0 45.0 10.0 113.0 80.0
457 67.0 11.0 12.0 148.0 69.0
458 88.0 12.0 16.0 291.0 32.0
459 35.0 30.0 5.0 139.0 67.0
460 26.0 83.0 19.0 174.0 49.0
461 40.0 54.0 4.0 369.0 58.0
462 16.0 25.0 9.0 294.0 28.0
463 98.0 13.0 4.0 34.0 32.0
464 70.0 19.0 14.0 100.0 46.0
465 89.0 8.0 5.0 318.0 36.0
466 22.0 79.0 16.0 277.0 16.0
467 84.0 92.0 8.0 83.0 84.0
468 66.0 92.0 19.0 216.0 62.0
469 4.0 16.0 16.0 39.0 53.0
470 37.0 1.0 19.0 233.0 78.0
471 29.0 67.0 14.0 287.0 46.0
472 94.0 28.0 17.0 241.0 83.0
473 55.0 26.0 5.0 165.0 52.0
474 73.0 90.0 13.0 140.0 22.0
475 46.0 32.0 4.0 43.0 82.0
476 92.0 36.0 17.0 299.0 69.0
477 100.0 54.0 7.0 128.0 36.0
478 79.0 11.0 13.0 372.0 36.0
479 88.0 49.0 16.0 104.0 72.0
480 6.0 3.0 16.0 148.0 81.0
481 25.0 46.0 7.0 81.0 62.0
482 61.0 60.0 15.0 218.0 47.0
483 0.0 51.0 4.0 92.0 48.0
484 29.0 9.0 12.0 199.0 73.0
485 82.0 4.0 18.0 276.0 47.0
486 57.0 93.0 6.0 44.0 32.0
487 61.0 58.0 9.0 106.0 24.0
488 24.0 18.0 18.0 332.0 59.0
489 30.0 19.0 8.0 169.0 20.0
490 93.0 11.0 6.0 299.0 24.0
491 76.0 18.0 8.0 112.0 80.0
492 37.0 7.0 6.0 120.0 76.0
493 12.0 15.0 19.0 190.0 20.0
494 92.0 51.0 4.0 124.0 83.0
495 98.0 62.0 5.0 392.0 22.0
496 91.0 89.0 9.0 275.0 69.0
497 13.0 40.0 18.0 399.0 34.0
498 45.0 5.0 15.0 282.0 66.0
499 91.0 93.0 16.0 194.0 53.0
500 95.0 45.0 9.0 114.0 28.0
501 68.0 17.0 12.0 297.0 26.0
502 88.0 33.0 18.0 30.0 69.0
503 36.0 83.0 4.0 235.0 68.0
504 73.0 28.0 4.0 377.0 90.0
505 69.0 19.0 14.0 387.0 55.0
506 4.0 42.0 9.0 85.0 18.0
507 7.0 12.0 11.0 263.0 76.0
508 80.0 98.0 19.0 110.0 17.0
509 29.0 12.0 7.0 17.0 86.0
510 21.0 18.0 10.0 288.0 17.0
511 53.0 51.0 4.0 257.0 40.0
512 70.0 47.0 6.0 336.0 61.0
513 52.0 78.0 18.0 175.0 20.0
514 57.0 32.0 4.0 240.0 31.0
515 49.0 49.0 19.0 83.0 23.0
516 47.0 76.0 14.0 365.0 96.0
517 18.0 4.0 19.0 275.0 93.0
518 89.0 6.0 9.0 350.0 71.0
519 75.0 55.0 5.0 142.0 21.0
520 12.0 44.0 11.0 292.0 92.0
521 16.0 24.0 14.0 392.0 71.0
522 3.0 81.0 16.0 386.0 18.0
523 25.0 80.0 19.0 117.0 74.0
524 74.0 54.0 7.0 281.0 19.0
525 88.0 68.0 6.0 287.0 15.0
526 17.0 79.0 7.0 17.0 90.0
527 13.0 19.0 19.0 317.0 53.0
528 70.0 97.0 6.0 204.0 21.0
529 90.0 49.0 7.0 189.0 35.0
530 81.0 58.0 11.0 125.0 85.0
531 90.0 22.0 11.0 303.0 31.0
532 59.0 80.0 17.0 246.0 79.0
533 89.0 13.0 5.0 204.0 82.0
534 82.0 82.0 16.0 307.0 84.0
535 13.0 71.0 8.0 360.0 76.0
536 25.0 21.0 16.0 279.0 54.0
537 58.0 36.0 10.0 62.0 74.0
538 79.0 84.0 18.0 362.0 95.0
539 100.0 71.0 14.0 15.0 42.0
540 47.0 17.0 11.0 178.0 90.0
541 36.0 94.0 18.0 41.0 79.0
542 58.0 81.0 16.0 205.0 48.0
543 25.0 77.0 4.0 382.0 40.0
544 99.0 83.0 4.0 165.0 67.0
545 45.0 26.0 18.0 174.0 29.0
546 48.0 12.0 10.0 144.0 63.0
547 58.0 66.0 8.0 364.0 49.0
548 10.0 90.0 17.0 274.0 55.0
549 96.0 91.0 8.0 274.0 65.0
550 33.0 51.0 14.0 369.0 77.0
551 99.0 89.0 18.0 131.0 58.0
552 42.0 74.0 16.0 179.0 53.0
553 84.0 56.0 15.0 381.0 34.0
554 51.0 80.0 9.0 35.0 57.0
555 90.0 50.0 5.0 248.0 36.0
556 67.0 44.0 14.0 148.0 35.0
557 22.0 98.0 6.0 231.0 50.0
558 27.0 88.0 10.0 98.0 42.0
559 61.0 85.0 12.0 197.0 18.0
560 67.0 85.0 6.0 244.0 22.0
561 7.0 26.0 14.0 274.0 19.0
562 83.0 45.0 18.0 354.0 19.0
563 12.0 7.0 13.0 166.0 68.0
564 39.0 24.0 17.0 63.0 24.0
565 42.0 14.0 19.0 365.0 83.0
566 20.0 80.0 15.0 173.0 48.0
567 64.0 67.0 18.0 232.0 64.0
568 8.0 56.0 13.0 155.0 89.0
569 52.0 64.0 9.0 19.0 38.0
570 95.0 96.0 17.0 255.0 72.0
571 83.0 89.0 9.0 219.0 92.0
572 58.0 65.0 15.0 126.0 36.0
573 92.0 8.0 12.0 217.0 38.0
574 83.0 88.0 9.0 267.0 20.0
575 92.0 43.0 13.0 196.0 76.0
576 71.0 18.0 5.0 253.0 17.0
577 47.0 0.0 13.0 153.0 15.0
578 83.0 21.0 16.0 258.0 24.0
579 69.0 73.0 8.0 58.0 86.0
580 3.0 94.0 10.0 277.0 44.0
581 28.0 65.0 19.0 214.0 36.0
582 78.0 30.0 17.0 15.0 95.0
583 11.0 84.0 13.0 66.0 93.0
584 26.0 35.0 14.0 177.0 98.0
585 20.0 74.0 12.0 367.0 52.0
586 43.0 46.0 14.0 38.0 91.0
587 28.0 58.0 4.0 214.0 94.0
588 86.0 43.0 19.0 289.0 98.0
589 43.0 32.0 18.0 303.0 33.0
590 56.0 21.0 18.0 17.0 81.0
591 25.0 20.0 9.0 181.0 31.0
592 86.0 77.0 10.0 283.0 90.0
593 46.0 21.0 4.0 79.0 24.0
594 31.0 13.0 16.0 397.0 88.0
595 3.0 31.0 10.0 267.0 45.0
596 82.0 69.0 4.0 87.0 37.0
597 6.0 68.0 10.0 274.0 35.0
598 37.0 28.0 11.0 397.0 98.0
599 67.0 29.0 5.0 146.0 83.0
1765
0 399
0 597
0 408
0 292
0 10
0 384
1 581
1 422
1 178
1 305
1 471
2 552
2 386
2 303
2 187
2 302
2 440
3 390
3 285
3 19
3 185
3 386
4 64
4 139
4 133
4 186
4 300
5 315
5 183
5 421
5 319
5 42
6 370
6 307
6 282
6 556
6 423
6 278
6 299
7 15
7 260
7 494
7 45
7 247
8 215
8 206
8 454
8 174
8 204
8 12
9 442
9 439
9 385
9 481
9 262
9 456
10 408
10 568
10 125
10 364
10 399
11 203
11 513
11 542
11 179
11 532
11 248
11 220
12 454
12 326
12 204
12 517
13 422
13 587
13 439
13 425
13 448
14 333
14 450
14 327
14 163
14 244
14 124
14 81
15 495
15 260
15 247
16 436
16 260
16 596
16 291
16 373
16 91
16 530
16 110
17 127
17 222
17 208
17 280
18 224
18 544
18 551
18 539
18 336
19 323
19 43
19 67
19 274
19 390
19 386
20 435
20 226
20 242
20 243
20 235
21 452
21 404
21 472
21 476
21 273
21 320
22 437
22 562
22 93
22 189
23 338
23 79
23 462
23 90
23 283
23 152
23 95
24 248
24 40
24 218
24 559
24 418
24 532
25 219
25 484
25 445
25 594
25 60
25 509
26 85
26 388
26 447
26 115
26 550
27 93
27 556
27 423
27 182
27 133
27 298
27 186
28 102
28 543
28 143
28 137
28 285
28 185
29 559
29 179
29 486
29 554
29 328
29 245
29 242
29 412
30 567
30 332
30 161
30 413
30 325
30 370
30 487
30 482
30 37
31 575
31 500
31 529
31 360
31 479
31 588
31 251
32 403
32 583
32 35
32 118
32 526
33 389
33 441
33 146
33 355
33 94
33 569
34 596
34 369
34 352
34 592
34 261
34 236
34 336
35 71
35 111
35 403
35 55
35 118
35 362
36 214
36 541
36 253
36 76
36 86
37 572
37 382
37 351
37 567
37 482
38 437
38 512
38 217
38 524
38 246
38 184
39 554
39 179
39 203
39 513
40 248
40 177
40 579
40 418
40 46
40 351
41 331
41 98
41 213
41 268
42 79
42 148
42 105
42 315
42 319
42 208
42 497
43 552
43 323
43 274
44 400
44 193
44 209
44 158
45 360
45 477
45 494
45 247
46 579
46 201
46 567
46 351
47 127
47 584
47 338
47 95
48 113
48 477
48 500
48 575
49 359
49 84
49 68
49 377
49 468
50 105
50 57
50 595
50 234
50 183
51 511
51 94
51 80
51 97
51 355
51 288
51 231
52 295
52 131
52 77
52 428
52 197
52 329
52 391
53 508
53 443
53 424
53 296
53 467
53 392
54 145
54 237
54 72
54 289
55 403
55 362
55 199
56 126
56 267
56 140
56 440
56 503
56 120
57 310
57 469
57 395
57 234
57 293
57 561
57 105
58 461
58 134
58 389
58 80
59 333
59 225
59 450
60 594
60 489
60 209
60 445
60 400
60 221
60 565
60 343
61 73
61 176
61 528
61 87
61 414
62 459
62 106
62 598
62 277
62 589
63 401
63 98
63 250
63 195
64 410
64 582
64 368
64 298
64 133
64 139
65 227
65 430
65 66
65 144
65 550
65 115
65 258
66 227
66 587
66 425
66 99
66 550
67 159
67 69
67 471
67 372
67 323
67 390
68 359
68 377
68 256
68 272
68 560
69 159
69 587
69 581
69 471
70 373
70 165
70 436
70 432
71 362
71 92
71 111
71 375
71 557
72 237
72 96
72 446
72 580
72 289
73 176
73 443
73 340
73 82
73 275
73 435
73 253
73 214
73 87
74 111
74 558
74 140
74 83
74 375
74 337
75 293
75 527
75 155
75 365
75 493
76 541
76 86
76 126
77 295
77 357
77 428
77 342
77 384
78 362
78 269
78 358
78 171
79 148
79 338
79 462
79 208
80 461
80 409
80 97
80 389
80 355
81 228
81 124
81 163
81 485
82 340
82 435
82 235
83 214
83 541
83 140
83 337
83 126
84 132
84 559
84 87
84 359
84 468
85 353
85 170
85 388
85 447
85 119
86 245
86 226
86 253
86 126
87 335
87 275
87 132
87 414
87 468
88 563
88 393
88 281
88 314
88 493
88 317
88 155
88 507
89 135
89 106
89 147
89 427
90 510
90 521
90 462
90 152
90 536
91 260
91 530
91 553
92 362
92 269
92 557
93 512
93 556
93 437
93 186
93 189
93 451
94 511
94 402
94 355
94 569
95 338
95 283
95 290
95 584
96 446
96 580
96 548
96 387
97 278
97 409
97 515
97 288
98 331
98 401
98 250
98 270
98 213
99 425
99 448
99 550
100 220
100 433
100 166
100 569
100 216
100 238
101 333
101 121
101 490
101 463
101 225
102 543
102 311
102 318
102 305
102 178
102 471
102 285
102 390
103 497
103 520
103 280
103 456
104 168
104 211
104 266
104 141
104 194
105 315
105 148
105 561
105 595
106 459
106 135
106 589
106 427
107 504
107 196
107 162
107 491
107 324
108 441
108 372
108 323
108 146
109 255
109 504
109 505
109 324
109 464
110 530
110 294
110 596
110 161
110 332
110 369
111 558
111 460
111 118
111 375
112 311
112 466
112 543
112 523
112 118
112 378
113 477
113 160
113 452
113 575
114 163
114 244
114 141
114 194
115 447
115 258
115 550
116 180
116 475
116 263
116 545
116 367
117 120
117 302
117 185
117 181
117 137
118 460
118 376
118 526
118 523
118 466
119 353
119 388
119 481
119 584
119 150
120 140
120 503
120 302
120 181
121 333
121 490
121 327
121 573
121 444
122 207
122 431
122 501
122 505
122 223
123 371
123 510
123 397
123 347
123 488
124 327
124 228
124 518
125 364
125 385
125 520
125 308
125 568
126 267
126 541
126 140
126 245
127 584
127 222
127 338
127 208
128 339
128 545
128 593
128 221
128 564
129 177
129 272
129 418
129 560
130 363
130 502
130 588
130 189
130 139
130 300
130 451
130 164
131 446
131 583
131 522
131 295
131 197
132 559
132 486
132 335
133 298
133 186
134 461
134 227
134 210
134 441
134 389
135 353
135 170
135 459
135 233
135 290
135 147
136 398
136 329
136 535
136 391
137 143
137 304
137 181
137 185
138 299
138 537
138 514
138 380
138 334
138 182
138 423
139 164
139 368
139 300
140 558
140 181
141 163
141 485
141 266
141 194
141 379
141 301
141 478
142 574
142 571
142 496
142 467
142 188
143 523
143 304
143 543
144 586
144 409
144 429
144 258
144 430
144 461
145 237
145 265
146 441
146 323
146 166
146 569
147 233
147 361
147 427
148 527
148 521
148 293
148 561
148 462
149 417
149 368
149 196
149 354
149 578
150 481
150 222
150 584
150 280
150 426
150 456
151 289
151 522
151 295
151 357
152 283
152 193
152 158
152 536
153 172
153 499
153 496
153 381
154 260
154 494
154 555
154 479
154 553
155 317
155 469
155 293
155 493
156 256
156 377
156 455
156 474
156 392
157 407
157 577
157 498
157 250
157 173
157 230
157 270
158 193
158 209
158 489
158 350
158 591
158 536
159 587
159 394
159 372
160 477
160 240
160 452
161 332
161 294
161 249
161 413
161 415
162 196
162 578
162 491
162 254
163 244
163 485
164 368
164 417
164 348
164 273
164 502
165 373
165 525
165 432
165 336
166 323
166 433
166 569
167 395
167 264
167 322
168 211
168 457
168 501
168 266
168 491
168 576
168 309
169 539
169 198
169 432
169 495
169 247
170 429
170 361
170 353
170 258
170 233
170 447
171 269
171 358
171 265
172 549
172 570
172 499
172 381
173 230
173 546
173 498
173 252
174 321
174 204
174 206
175 364
175 405
175 374
175 318
175 398
175 535
175 399
175 305
176 424
176 443
176 528
176 257
177 455
177 272
177 330
177 579
177 418
178 305
178 471
179 559
179 554
179 542
179 203
180 514
180 537
180 411
180 475
180 473
180 263
181 460
181 304
181 558
182 423
182 334
182 298
183 506
183 234
183 421
183 315
183 595
184 437
184 232
184 239
184 246
185 302
185 386
185 285
186 300
186 451
187 412
187 328
187 341
187 303
187 552
188 574
188 534
188 438
188 496
188 224
188 544
189 588
189 562
189 451
190 404
190 240
190 472
190 531
190 225
190 463
190 276
191 259
191 284
191 419
191 312
191 346
192 513
192 433
192 516
192 554
192 341
192 412
193 459
193 400
193 283
194 211
194 212
194 331
194 286
194 244
195 250
195 577
195 401
195 244
196 582
196 368
196 410
196 504
196 578
197 583
197 526
197 329
198 539
198 432
199 403
199 548
199 362
200 234
200 483
200 506
200 308
200 520
201 313
201 567
201 579
202 484
202 215
202 509
202 347
202 397
203 513
204 470
204 434
204 321
204 284
204 259
204 326
205 410
205 504
205 298
205 334
205 599
206 484
206 321
206 215
207 431
207 306
207 255
207 223
208 338
208 497
208 280
209 400
209 489
210 394
210 372
210 227
210 441
211 212
211 457
212 457
212 268
212 331
213 270
213 229
213 457
213 268
214 541
214 253
214 337
214 420
215 484
215 454
215 393
215 371
215 397
216 572
216 547
216 402
216 569
216 238
217 512
217 307
217 325
217 413
217 524
218 542
218 559
218 532
219 484
219 321
219 470
219 492
219 445
219 343
220 513
220 433
220 248
220 351
220 547
220 238
221 540
221 565
221 593
221 400
221 564
222 584
222 280
223 505
223 255
224 544
224 336
224 438
225 463
225 240
225 333
225 477
226 253
226 435
226 245
226 242
227 587
227 394
227 461
227 430
228 485
228 379
228 518
228 279
229 457
229 431
229 366
229 270
230 241
230 546
230 366
230 270
231 511
231 288
231 515
231 278
232 479
232 562
232 437
232 239
232 553
233 361
234 483
234 506
234 395
235 340
235 243
235 435
236 313
236 332
236 369
236 330
236 261
237 580
237 265
238 547
239 246
239 530
239 553
240 477
240 404
240 452
241 590
241 366
241 316
241 546
241 453
242 486
242 340
242 243
242 245
243 340
244 401
244 286
244 577
245 328
245 267
245 303
246 294
246 249
246 530
246 519
246 415
246 524
247 495
247 477
248 532
248 351
249 294
249 415
250 577
250 270
251 575
251 452
251 476
251 363
251 588
252 344
252 546
252 498
253 435
254 458
254 383
254 301
254 478
254 491
254 578
254 354
255 380
255 306
255 504
255 599
255 505
256 377
256 455
256 272
257 528
257 424
257 474
257 392
258 429
258 447
259 284
259 326
259 406
259 312
260 436
260 495
260 494
260 553
261 352
261 534
261 356
261 330
262 481
262 426
262 456
263 316
263 473
263 545
264 395
264 322
264 287
265 358
265 580
265 269
265 420
266 491
266 478
267 303
267 440
268 457
268 331
269 362
269 557
269 420
270 366
271 306
271 366
271 590
271 473
271 396
272 455
272 560
273 472
273 531
273 348
273 502
273 320
274 552
274 386
275 340
275 335
275 486
276 354
276 531
276 463
276 490
276 383
276 533
277 598
277 339
277 589
277 367
278 299
278 537
278 411
278 409
278 282
278 515
278 511
279 379
279 518
279 301
279 458
279 465
280 497
280 456
281 297
281 507
281 563
281 346
282 370
282 511
282 402
283 459
283 290
284 419
284 287
284 480
284 322
285 390
286 401
286 331
287 395
287 349
287 480
287 297
287 322
288 515
289 522
289 446
290 459
290 584
290 353
291 596
291 525
291 373
292 483
292 357
292 408
292 384
293 469
293 561
293 527
294 530
295 357
295 522
296 467
296 499
296 443
297 349
297 480
297 507
297 419
297 310
297 346
298 410
298 334
299 537
299 423
300 451
301 458
301 379
301 478
302 386
302 440
302 503
303 328
303 440
304 523
304 460
305 422
305 405
305 318
306 431
306 366
306 396
306 380
307 512
307 556
307 325
307 370
308 483
308 568
308 520
309 324
309 491
309 576
310 507
310 469
310 349
310 395
311 318
311 585
311 466
311 566
311 543
311 526
312 406
312 449
312 346
313 567
313 332
313 330
313 579
314 493
314 365
314 416
314 371
314 393
315 595
316 590
316 473
316 453
316 593
316 545
317 469
317 507
318 585
318 374
319 421
319 506
319 520
319 497
320 363
320 502
320 476
321 470
321 484
323 372
323 433
323 552
324 491
324 504
324 576
324 464
325 413
325 370
326 406
326 517
327 333
327 444
327 518
328 412
329 526
329 398
329 391
330 455
330 356
330 579
331 401
332 567
332 369
333 450
334 380
334 599
335 486
336 539
336 432
336 525
336 592
336 596
336 438
337 375
337 420
339 545
339 598
339 564
339 367
340 486
341 516
341 412
341 552
342 428
342 597
342 384
343 565
343 492
343 445
344 565
344 546
344 498
344 492
345 570
345 499
345 443
346 449
346 563
346 419
347 509
347 594
347 350
347 397
347 488
348 531
348 417
349 395
350 489
350 594
350 591
350 488
351 567
351 547
351 572
352 592
352 534
352 438
353 584
354 531
354 417
354 383
354 578
355 389
356 534
356 538
356 455
357 483
357 384
358 362
358 387
358 580
359 560
359 559
360 500
360 477
360 494
360 529
360 555
361 429
361 586
361 411
361 427
362 548
362 387
363 502
363 476
363 588
364 385
364 405
364 399
365 493
365 416
365 527
366 590
366 431
367 475
367 589
367 545
368 417
368 582
369 596
370 402
370 487
371 393
371 416
371 510
371 397
372 394
372 441
373 436
373 525
374 585
374 398
375 557
375 420
376 466
376 566
376 526
377 468
377 474
378 543
378 523
379 485
380 514
380 473
380 396
380 599
381 549
381 496
381 551
382 402
382 572
382 482
382 487
383 533
383 458
384 597
385 405
385 442
385 520
385 456
386 552
387 548
387 580
388 481
388 448
388 550
389 441
390 471
391 399
391 428
391 535
392 455
392 538
392 571
392 467
392 474
392 574
392 424
393 454
393 517
393 563
394 587
396 473
398 526
398 585
398 535
399 535
399 597
399 428
400 459
400 598
400 564
402 511
402 572
402 487
402 569
403 583
403 446
403 548
404 452
404 472
405 422
405 442
406 449
406 563
406 517
407 434
407 577
407 498
407 492
408 483
408 568
409 586
409 411
409 461
410 504
410 582
411 586
411 537
411 475
411 589
411 427
412 554
413 524
413 415
414 528
414 468
414 474
415 519
415 524
416 527
416 521
416 510
417 531
418 560
418 559
419 480
420 557
421 506
422 587
422 581
422 439
422 442
423 556
424 443
424 508
425 587
425 448
426 481
426 456
427 589
428 597
429 586
430 461
431 501
431 457
432 539
432 436
432 495
433 513
433 516
433 552
434 470
434 492
434 577
436 495
437 562
437 512
438 534
438 592
439 442
439 448
439 481
440 503
443 499
443 508
444 573
444 518
444 465
446 583
446 548
446 522
448 481
448 550
449 563
452 575
452 476
453 546
453 540
453 593
454 517
455 538
456 520
457 501
458 533
458 490
458 465
459 598
460 558
460 523
462 521
463 490
464 505
464 576
464 501
465 518
465 573
465 490
466 566
467 496
467 499
467 571
468 474
469 507
470 492
471 581
472 531
473 590
473 514
474 528
475 589
477 500
478 491
479 562
479 588
479 555
479 529
479 553
482 487
483 568
484 509
486 559
488 510
488 591
489 594
490 573
490 533
492 498
492 565
494 555
496 499
496 544
496 551
497 520
499 570
500 575
501 505
501 576
504 599
506 520
509 594
510 521
510 536
510 591
512 556
513 554
514 537
516 552
517 563
519 524
521 527
523 543
525 596
526 583
526 566
526 585
529 555
530 553
532 542
534 538
534 574
536 591
538 574
540 565
540 546
540 593
542 559
544 551
545 593
546 565
547 572
549 570
549 551
551 570
559 560
562 588
564 598
571 574
581 587
10 0.5 0.5 0.5
