700
0 72.0 6.0 11.0 274.0 63.0
1 70.0 1.0 12.0 92.0 71.0
2 77.0 11.0 8.0 95.0 46.0
3 24.0 26.0 18.0 206.0 70.0
4 38.0 95.0 5.0 221.0 72.0
5 68.0 27.0 14.0 134.0 67.0
6 4.0 68.0 13.0 272.0 94.0
7 95.0 7.0 7.0 39.0 75.0
8 16.0 93.0 19.0 363.0 22.0
9 67.0 25.0 13.0 240.0 45.0
10 11.0 56.0 5.0 306.0 49.0
11 58.0 90.0 11.0 316.0 25.0
12 81.0 99.0 18.0 196.0 95.0
13 40.0 60.0 9.0 384.0 30.0
14 30.0 77.0 14.0 152.0 47.0
15 59.0 77.0 13.0 158.0 88.0
16 7.0 6.0 16.0 189.0 64.0
17 9.0 10.0 6.0 225.0 99.0
18 74.0 30.0 17.0 144.0 20.0
19 89.0 75.0 18.0 138.0 35.0
20 47.0 51.0 15.0 48.0 22.0
21 33.0 18.0 7.0 216.0 65.0
22 45.0 39.0 10.0 135.0 95.0
23 100.0 99.0 19.0 326.0 80.0
24 56.0 18.0 8.0 58.0 15.0
25 77.0 18.0 19.0 259.0 71.0
26 1.0 6.0 7.0 38.0 98.0
27 7.0 1.0 17.0 57.0 94.0
28 2.0 31.0 11.0 40.0 44.0
29 78.0 52.0 4.0 25.0 40.0
30 7.0 13.0 14.0 132.0 90.0
31 83.0 46.0 16.0 93.0 28.0
32 2.0 5.0 8.0 167.0 50.0
33 19.0 88.0 6.0 311.0 54.0
34 28.0 100.0 12.0 86.0 77.0
35 56.0 81.0 12.0 78.0 79.0
36 93.0 23.0 14.0 61.0 94.0
37 25.0 85.0 19.0 177.0 35.0
38 46.0 67.0 13.0 146.0 68.0
39 62.0 36.0 4.0 271.0 89.0
40 88.0 32.0 17.0 180.0 89.0
41 65.0 78.0 12.0 358.0 83.0
42 75.0 36.0 19.0 196.0 75.0
43 58.0 22.0 6.0 314.0 61.0
44 2.0 77.0 12.0 125.0 83.0
45 5.0 96.0 11.0 114.0 87.0
46 93.0 56.0 17.0 227.0 20.0
47 77.0 63.0 8.0 37.0 40.0
48 80.0 27.0 18.0 318.0 31.0
49 32.0 54.0 13.0 391.0 77.0
50 33.0 67.0 10.0 373.0 76.0
51 89.0 3.0 14.0 357.0 84.0
52 99.0 42.0 18.0 358.0 16.0
53 93.0 5.0 14.0 395.0 22.0
54 87.0 82.0 12.0 203.0 31.0
55 85.0 42.0 19.0 297.0 32.0
56 72.0 22.0 5.0 391.0 48.0
57 1.0 95.0 16.0 328.0 21.0
58 83.0 53.0 10.0 217.0 83.0
59 53.0 70.0 14.0 16.0 85.0
60 37.0 31.0 6.0 167.0 74.0
61 95.0 79.0 18.0 148.0 94.0
62 17.0 5.0 16.0 183.0 16.0
63 33.0 8.0 8.0 50.0 72.0
64 82.0 43.0 16.0 242.0 66.0
65 76.0 56.0 4.0 334.0 60.0
66 53.0 41.0 15.0 110.0 16.0
67 88.0 80.0 12.0 329.0 43.0
68 8.0 72.0 5.0 365.0 32.0
69 5.0 32.0 8.0 215.0 48.0
70 31.0 17.0 12.0 246.0 44.0
71 41.0 5.0 17.0 127.0 51.0
72 61.0 32.0 16.0 167.0 60.0
73 97.0 68.0 8.0 102.0 27.0
74 15.0 61.0 12.0 292.0 99.0
75 15.0 50.0 10.0 196.0 98.0
76 84.0 81.0 8.0 256.0 94.0
77 74.0 41.0 6.0 149.0 31.0
78 33.0 43.0 5.0 50.0 87.0
79 23.0 90.0 19.0 361.0 78.0
80 27.0 80.0 5.0 389.0 87.0
81 82.0 98.0 4.0 349.0 33.0
82 4.0 61.0 16.0 58.0 93.0
83 75.0 24.0 6.0 239.0 96.0
84 16.0 14.0 6.0 209.0 39.0
85 75.0 35.0 4.0 364.0 39.0
86 89.0 70.0 19.0 52.0 40.0
87 95.0 80.0 12.0 240.0 44.0
88 19.0 1.0 17.0 197.0 86.0
89 57.0 49.0 8.0 27.0 77.0
90 27.0 73.0 13.0 115.0 25.0
91 49.0 68.0 13.0 77.0 41.0
92 55.0 65.0 7.0 349.0 23.0
93 1.0 35.0 6.0 379.0 39.0
94 32.0 60.0 16.0 270.0 44.0
95 32.0 95.0 10.0 375.0 67.0
96 42.0 20.0 4.0 203.0 67.0
97 71.0 87.0 5.0 385.0 47.0
98 1.0 52.0 16.0 166.0 29.0
99 69.0 88.0 12.0 20.0 84.0
100 92.0 77.0 9.0 210.0 26.0
101 92.0 71.0 8.0 21.0 47.0
102 14.0 89.0 12.0 82.0 76.0
103 9.0 58.0 14.0 18.0 26.0
104 54.0 88.0 18.0 150.0 66.0
105 36.0 14.0 10.0 25.0 78.0
106 61.0 1.0 14.0 128.0 44.0
107 35.0 23.0 7.0 336.0 63.0
108 74.0 80.0 4.0 306.0 39.0
109 0.0 27.0 16.0 246.0 36.0
110 7.0 45.0 8.0 226.0 59.0
111 17.0 79.0 8.0 306.0 72.0
112 16.0 29.0 5.0 255.0 33.0
113 98.0 15.0 7.0 43.0 71.0
114 9.0 80.0 9.0 191.0 26.0
115 38.0 15.0 12.0 74.0 85.0
116 76.0 82.0 8.0 34.0 82.0
117 46.0 50.0 16.0 144.0 45.0
118 47.0 56.0 18.0 76.0 29.0
119 55.0 92.0 16.0 336.0 23.0
120 2.0 27.0 14.0 256.0 83.0
121 4.0 70.0 7.0 318.0 68.0
122 59.0 19.0 16.0 86.0 69.0
123 71.0 31.0 6.0 265.0 75.0
124 83.0 97.0 15.0 394.0 19.0
125 42.0 36.0 19.0 158.0 77.0
126 62.0 22.0 16.0 77.0 53.0
127 62.0 81.0 14.0 74.0 22.0
128 83.0 71.0 13.0 50.0 21.0
129 17.0 1.0 14.0 317.0 43.0
130 85.0 96.0 16.0 293.0 37.0
131 55.0 39.0 17.0 178.0 26.0
132 4.0 79.0 12.0 216.0 93.0
133 88.0 77.0 16.0 66.0 80.0
134 27.0 70.0 8.0 32.0 50.0
135 36.0 74.0 11.0 266.0 80.0
136 18.0 26.0 6.0 320.0 51.0
137 93.0 74.0 14.0 288.0 53.0
138 80.0 59.0 10.0 159.0 50.0
139 74.0 17.0 11.0 217.0 39.0
140 72.0 93.0 15.0 360.0 58.0
141 37.0 71.0 8.0 398.0 17.0
142 6.0 41.0 9.0 393.0 67.0
143 67.0 43.0 19.0 179.0 72.0
144 33.0 85.0 18.0 67.0 24.0
145 15.0 96.0 8.0 43.0 15.0
146 69.0 96.0 11.0 42.0 19.0
147 22.0 25.0 18.0 106.0 58.0
148 67.0 32.0 17.0 243.0 89.0
149 89.0 65.0 4.0 90.0 86.0
150 62.0 4.0 13.0 345.0 37.0
151 14.0 71.0 16.0 393.0 16.0
152 71.0 88.0 18.0 153.0 88.0
153 61.0 12.0 12.0 54.0 59.0
154 6.0 1.0 10.0 302.0 83.0
155 68.0 18.0 14.0 46.0 67.0
156 0.0 92.0 13.0 178.0 95.0
157 68.0 68.0 12.0 63.0 23.0
158 90.0 40.0 17.0 264.0 93.0
159 78.0 58.0 16.0 150.0 35.0
160 46.0 71.0 19.0 148.0 44.0
161 5.0 9.0 7.0 255.0 42.0
162 33.0 62.0 8.0 160.0 15.0
163 76.0 33.0 18.0 236.0 16.0
164 70.0 3.0 7.0 224.0 65.0
165 94.0 71.0 15.0 61.0 26.0
166 76.0 38.0 10.0 184.0 20.0
167 77.0 0.0 19.0 334.0 90.0
168 74.0 96.0 8.0 351.0 62.0
169 59.0 32.0 7.0 373.0 99.0
170 61.0 76.0 10.0 201.0 84.0
171 43.0 80.0 19.0 324.0 17.0
172 60.0 49.0 17.0 376.0 55.0
173 71.0 63.0 14.0 100.0 45.0
174 98.0 34.0 14.0 225.0 57.0
175 73.0 58.0 15.0 368.0 89.0
176 79.0 33.0 14.0 65.0 36.0
177 10.0 18.0 12.0 172.0 47.0
178 14.0 98.0 10.0 256.0 52.0
179 93.0 59.0 18.0 212.0 57.0
180 50.0 1.0 18.0 397.0 93.0
181 62.0 40.0 7.0 116.0 43.0
182 37.0 86.0 8.0 319.0 44.0
183 25.0 35.0 5.0 346.0 98.0
184 54.0 87.0 7.0 178.0 56.0
185 58.0 85.0 11.0 30.0 97.0
186 75.0 48.0 6.0 176.0 17.0
187 67.0 80.0 14.0 357.0 82.0
188 92.0 84.0 5.0 221.0 44.0
189 48.0 7.0 7.0 151.0 27.0
190 96.0 85.0 8.0 196.0 54.0
191 51.0 85.0 19.0 51.0 24.0
192 51.0 4.0 9.0 334.0 76.0
193 84.0 13.0 19.0 202.0 17.0
194 60.0 1.0 19.0 159.0 49.0
195 24.0 62.0 18.0 275.0 43.0
196 22.0 77.0 17.0 235.0 61.0
197 98.0 65.0 13.0 124.0 34.0
198 42.0 24.0 7.0 224.0 92.0
199 91.0 33.0 19.0 42.0 43.0
200 70.0 100.0 6.0 177.0 86.0
201 83.0 24.0 15.0 228.0 49.0
202 83.0 20.0 17.0 78.0 43.0
203 90.0 41.0 7.0 200.0 84.0
204 88.0 75.0 10.0 139.0 91.0
205 31.0 93.0 8.0 168.0 29.0
206 79.0 9.0 17.0 257.0 48.0
207 59.0 66.0 14.0 95.0 36.0
208 88.0 7.0 14.0 354.0 61.0
209 28.0 8.0 5.0 304.0 74.0
210 65.0 54.0 6.0 193.0 22.0
211 91.0 51.0 7.0 392.0 22.0
212 2.0 81.0 18.0 344.0 15.0
213 86.0 49.0 4.0 214.0 23.0
214 68.0 64.0 18.0 289.0 77.0
215 81.0 26.0 10.0 191.0 71.0
216 92.0 90.0 5.0 154.0 99.0
217 78.0 15.0 16.0 16.0 59.0
218 54.0 32.0 18.0 321.0 41.0
219 51.0 84.0 16.0 342.0 87.0
220 85.0 35.0 11.0 228.0 49.0
221 1.0 21.0 13.0 214.0 40.0
222 60.0 31.0 19.0 126.0 73.0
223 58.0 51.0 9.0 337.0 38.0
224 99.0 95.0 11.0 135.0 75.0
225 21.0 46.0 6.0 360.0 27.0
226 40.0 84.0 7.0 94.0 97.0
227 26.0 84.0 7.0 305.0 59.0
228 21.0 97.0 19.0 28.0 51.0
229 38.0 84.0 19.0 310.0 82.0
230 13.0 18.0 12.0 363.0 53.0
231 80.0 82.0 10.0 240.0 62.0
232 89.0 62.0 10.0 89.0 61.0
233 27.0 68.0 19.0 40.0 48.0
234 38.0 81.0 8.0 217.0 82.0
235 84.0 29.0 11.0 117.0 22.0
236 84.0 83.0 13.0 29.0 55.0
237 83.0 4.0 12.0 180.0 71.0
238 26.0 43.0 7.0 143.0 44.0
239 9.0 0.0 12.0 170.0 53.0
240 9.0 41.0 17.0 28.0 75.0
241 67.0 9.0 17.0 261.0 98.0
242 7.0 80.0 18.0 174.0 51.0
243 62.0 78.0 6.0 348.0 20.0
244 56.0 86.0 9.0 239.0 51.0
245 83.0 99.0 19.0 105.0 73.0
246 93.0 34.0 6.0 259.0 45.0
247 9.0 53.0 5.0 291.0 38.0
248 89.0 87.0 17.0 338.0 91.0
249 34.0 60.0 5.0 265.0 33.0
250 77.0 92.0 16.0 374.0 67.0
251 50.0 26.0 6.0 167.0 57.0
252 29.0 54.0 8.0 354.0 17.0
253 46.0 46.0 13.0 302.0 39.0
254 60.0 59.0 6.0 118.0 54.0
255 9.0 62.0 8.0 315.0 79.0
256 57.0 7.0 18.0 255.0 81.0
257 55.0 57.0 6.0 394.0 79.0
258 86.0 1.0 14.0 163.0 40.0
259 71.0 36.0 5.0 398.0 15.0
260 51.0 100.0 6.0 297.0 15.0
261 16.0 76.0 11.0 137.0 95.0
262 55.0 47.0 7.0 370.0 32.0
263 46.0 62.0 4.0 275.0 75.0
264 45.0 47.0 15.0 87.0 75.0
265 42.0 84.0 18.0 355.0 29.0
266 40.0 100.0 12.0 276.0 97.0
267 32.0 48.0 19.0 61.0 21.0
268 48.0 53.0 12.0 310.0 25.0
269 0.0 24.0 12.0 264.0 77.0
270 72.0 84.0 6.0 178.0 22.0
271 29.0 32.0 17.0 157.0 46.0
272 20.0 8.0 18.0 144.0 73.0
273 19.0 87.0 13.0 386.0 56.0
274 24.0 19.0 9.0 207.0 32.0
275 49.0 37.0 9.0 191.0 71.0
276 78.0 60.0 12.0 396.0 25.0
277 6.0 84.0 4.0 104.0 75.0
278 48.0 28.0 5.0 90.0 63.0
279 70.0 67.0 16.0 189.0 88.0
280 42.0 52.0 11.0 129.0 56.0
281 47.0 21.0 19.0 189.0 52.0
282 5.0 8.0 4.0 381.0 68.0
283 53.0 3.0 9.0 309.0 15.0
284 42.0 38.0 13.0 137.0 65.0
285 84.0 99.0 17.0 231.0 72.0
286 65.0 55.0 12.0 57.0 91.0
287 84.0 63.0 18.0 274.0 23.0
288 49.0 83.0 18.0 321.0 40.0
289 11.0 17.0 17.0 379.0 68.0
290 84.0 59.0 4.0 274.0 39.0
291 33.0 2.0 4.0 112.0 33.0
292 30.0 27.0 13.0 257.0 80.0
293 84.0 3.0 6.0 152.0 74.0
294 9.0 95.0 14.0 142.0 92.0
295 19.0 39.0 5.0 364.0 65.0
296 83.0 58.0 11.0 196.0 92.0
297 84.0 92.0 16.0 157.0 54.0
298 63.0 52.0 9.0 390.0 18.0
299 83.0 62.0 13.0 190.0 74.0
300 88.0 27.0 4.0 16.0 25.0
301 49.0 52.0 13.0 271.0 75.0
302 57.0 39.0 18.0 96.0 71.0
303 0.0 81.0 8.0 173.0 91.0
304 42.0 8.0 4.0 381.0 64.0
305 6.0 76.0 14.0 333.0 28.0
306 24.0 82.0 19.0 20.0 25.0
307 29.0 50.0 17.0 33.0 82.0
308 66.0 6.0 11.0 362.0 19.0
309 30.0 15.0 7.0 62.0 24.0
310 23.0 63.0 17.0 252.0 78.0
311 28.0 65.0 4.0 347.0 75.0
312 0.0 70.0 15.0 317.0 29.0
313 66.0 52.0 12.0 141.0 52.0
314 98.0 31.0 11.0 288.0 94.0
315 45.0 20.0 7.0 99.0 69.0
316 18.0 74.0 17.0 52.0 82.0
317 62.0 61.0 6.0 18.0 79.0
318 32.0 36.0 9.0 341.0 57.0
319 37.0 93.0 16.0 371.0 16.0
320 25.0 66.0 6.0 66.0 40.0
321 78.0 71.0 17.0 218.0 60.0
322 17.0 36.0 14.0 90.0 46.0
323 45.0 68.0 18.0 39.0 24.0
324 91.0 22.0 18.0 172.0 74.0
325 61.0 69.0 6.0 57.0 46.0
326 92.0 27.0 10.0 116.0 20.0
327 85.0 7.0 4.0 193.0 86.0
328 42.0 79.0 11.0 288.0 85.0
329 35.0 96.0 10.0 143.0 21.0
330 38.0 57.0 11.0 220.0 94.0
331 17.0 15.0 6.0 308.0 60.0
332 29.0 83.0 4.0 204.0 46.0
333 19.0 35.0 6.0 294.0 28.0
334 48.0 35.0 6.0 273.0 17.0
335 85.0 91.0 7.0 127.0 90.0
336 44.0 94.0 4.0 282.0 17.0
337 100.0 2.0 18.0 126.0 31.0
338 12.0 31.0 14.0 155.0 95.0
339 95.0 66.0 19.0 226.0 28.0
340 39.0 28.0 14.0 142.0 89.0
341 76.0 46.0 12.0 93.0 23.0
342 19.0 73.0 19.0 324.0 49.0
343 72.0 4.0 13.0 278.0 57.0
344 31.0 8.0 18.0 387.0 84.0
345 62.0 75.0 4.0 213.0 51.0
346 76.0 37.0 9.0 312.0 22.0
347 93.0 94.0 15.0 254.0 56.0
348 93.0 41.0 19.0 310.0 58.0
349 22.0 78.0 10.0 371.0 55.0
350 70.0 75.0 7.0 195.0 97.0
351 89.0 74.0 18.0 357.0 87.0
352 78.0 26.0 8.0 131.0 20.0
353 73.0 22.0 18.0 385.0 86.0
354 77.0 76.0 5.0 50.0 82.0
355 23.0 57.0 10.0 333.0 74.0
356 68.0 13.0 15.0 397.0 59.0
357 97.0 88.0 13.0 138.0 15.0
358 85.0 80.0 11.0 36.0 63.0
359 97.0 71.0 8.0 350.0 45.0
360 14.0 74.0 11.0 361.0 53.0
361 100.0 92.0 7.0 105.0 38.0
362 88.0 14.0 4.0 210.0 70.0
363 26.0 81.0 12.0 122.0 39.0
364 91.0 60.0 19.0 307.0 67.0
365 47.0 99.0 19.0 70.0 41.0
366 100.0 23.0 12.0 207.0 60.0
367 1.0 47.0 13.0 163.0 60.0
368 86.0 20.0 16.0 80.0 92.0
369 46.0 56.0 7.0 382.0 77.0
370 75.0 92.0 19.0 244.0 96.0
371 97.0 49.0 12.0 19.0 51.0
372 20.0 38.0 16.0 260.0 44.0
373 2.0 94.0 11.0 221.0 96.0
374 3.0 50.0 11.0 26.0 32.0
375 68.0 40.0 12.0 160.0 94.0
376 0.0 17.0 5.0 84.0 83.0
377 61.0 19.0 7.0 160.0 25.0
378 40.0 7.0 14.0 23.0 96.0
379 51.0 77.0 18.0 225.0 86.0
380 40.0 80.0 13.0 274.0 38.0
381 68.0 43.0 15.0 317.0 76.0
382 56.0 12.0 14.0 29.0 40.0
383 60.0 61.0 11.0 56.0 88.0
384 78.0 75.0 17.0 235.0 21.0
385 100.0 47.0 10.0 376.0 45.0
386 94.0 33.0 11.0 245.0 54.0
387 22.0 1.0 7.0 287.0 90.0
388 20.0 17.0 7.0 360.0 51.0
389 15.0 1.0 16.0 176.0 62.0
390 80.0 44.0 9.0 226.0 74.0
391 78.0 73.0 18.0 268.0 21.0
392 15.0 17.0 8.0 58.0 23.0
393 36.0 51.0 17.0 245.0 61.0
394 2.0 11.0 15.0 218.0 57.0
395 0.0 18.0 19.0 311.0 86.0
396 71.0 43.0 13.0 75.0 39.0
397 85.0 86.0 19.0 252.0 95.0
398 38.0 32.0 11.0 198.0 20.0
399 20.0 64.0 5.0 168.0 34.0
400 29.0 56.0 15.0 274.0 27.0
401 38.0 42.0 18.0 258.0 91.0
402 82.0 75.0 7.0 180.0 88.0
403 71.0 28.0 5.0 71.0 15.0
404 70.0 38.0 13.0 173.0 32.0
405 44.0 89.0 6.0 128.0 94.0
406 21.0 39.0 6.0 135.0 79.0
407 35.0 35.0 13.0 167.0 72.0
408 27.0 27.0 19.0 336.0 30.0
409 49.0 60.0 14.0 382.0 19.0
410 53.0 7.0 17.0 317.0 58.0
411 40.0 72.0 16.0 236.0 52.0
412 79.0 41.0 7.0 237.0 84.0
413 95.0 65.0 16.0 123.0 29.0
414 55.0 84.0 16.0 171.0 36.0
415 66.0 51.0 11.0 165.0 48.0
416 82.0 65.0 15.0 327.0 23.0
417 76.0 8.0 8.0 231.0 57.0
418 94.0 24.0 7.0 290.0 79.0
419 83.0 39.0 13.0 266.0 64.0
420 15.0 41.0 13.0 259.0 94.0
421 51.0 0.0 16.0 274.0 70.0
422 34.0 11.0 17.0 116.0 63.0
423 68.0 1.0 13.0 85.0 22.0
424 89.0 45.0 11.0 378.0 94.0
425 64.0 60.0 13.0 293.0 89.0
426 92.0 66.0 16.0 252.0 83.0
427 32.0 2.0 13.0 267.0 85.0
428 37.0 76.0 14.0 232.0 59.0
429 95.0 34.0 16.0 97.0 61.0
430 76.0 1.0 15.0 176.0 22.0
431 79.0 60.0 12.0 101.0 49.0
432 51.0 58.0 12.0 166.0 98.0
433 99.0 82.0 4.0 25.0 65.0
434 18.0 43.0 11.0 161.0 51.0
435 8.0 62.0 9.0 196.0 37.0
436 46.0 59.0 5.0 368.0 98.0
437 76.0 75.0 4.0 97.0 37.0
438 69.0 0.0 12.0 387.0 24.0
439 12.0 63.0 18.0 312.0 44.0
440 11.0 50.0 10.0 24.0 18.0
441 88.0 99.0 19.0 213.0 83.0
442 84.0 31.0 19.0 234.0 83.0
443 57.0 90.0 12.0 236.0 86.0
444 9.0 91.0 5.0 302.0 19.0
445 46.0 6.0 7.0 206.0 71.0
446 46.0 87.0 12.0 189.0 51.0
447 94.0 65.0 15.0 288.0 74.0
448 16.0 100.0 19.0 249.0 35.0
449 23.0 94.0 14.0 124.0 89.0
450 92.0 32.0 10.0 331.0 95.0
451 5.0 16.0 5.0 399.0 45.0
452 64.0 80.0 16.0 361.0 95.0
453 0.0 9.0 6.0 240.0 16.0
454 18.0 88.0 5.0 313.0 50.0
455 28.0 18.0 4.0 313.0 72.0
456 19.0 2.0 4.0 258.0 72.0
457 41.0 90.0 12.0 61.0 69.0
458 59.0 68.0 15.0 220.0 53.0
459 9.0 1.0 8.0 356.0 79.0
460 90.0 17.0 19.0 28.0 90.0
461 16.0 2.0 16.0 304.0 26.0
462 28.0 94.0 14.0 202.0 22.0
463 5.0 27.0 12.0 59.0 29.0
464 34.0 77.0 9.0 193.0 69.0
465 82.0 17.0 4.0 137.0 93.0
466 22.0 41.0 17.0 334.0 79.0
467 99.0 60.0 19.0 50.0 38.0
468 26.0 22.0 9.0 285.0 16.0
469 6.0 91.0 18.0 196.0 65.0
470 70.0 14.0 17.0 129.0 92.0
471 21.0 100.0 15.0 250.0 91.0
472 48.0 83.0 10.0 209.0 29.0
473 3.0 24.0 5.0 116.0 24.0
474 55.0 53.0 8.0 352.0 26.0
475 84.0 6.0 15.0 16.0 29.0
476 12.0 38.0 4.0 128.0 37.0
477 28.0 47.0 19.0 56.0 64.0
478 96.0 84.0 6.0 125.0 82.0
479 42.0 53.0 7.0 237.0 73.0
480 99.0 61.0 10.0 58.0 34.0
481 26.0 85.0 14.0 79.0 48.0
482 0.0 53.0 15.0 23.0 15.0
483 45.0 50.0 6.0 361.0 98.0
484 57.0 54.0 15.0 118.0 51.0
485 48.0 70.0 12.0 285.0 24.0
486 84.0 40.0 5.0 195.0 65.0
487 23.0 69.0 16.0 364.0 83.0
488 80.0 24.0 4.0 182.0 38.0
489 77.0 22.0 7.0 112.0 71.0
490 52.0 18.0 9.0 125.0 83.0
491 67.0 90.0 6.0 48.0 64.0
492 14.0 92.0 4.0 388.0 53.0
493 44.0 96.0 12.0 66.0 32.0
494 91.0 2.0 9.0 148.0 81.0
495 43.0 63.0 16.0 380.0 76.0
496 87.0 39.0 4.0 86.0 38.0
497 16.0 43.0 4.0 373.0 16.0
498 53.0 46.0 7.0 392.0 60.0
499 80.0 78.0 19.0 327.0 17.0
500 62.0 5.0 12.0 182.0 98.0
501 56.0 94.0 8.0 20.0 65.0
502 75.0 91.0 15.0 343.0 80.0
503 51.0 57.0 13.0 102.0 91.0
504 15.0 40.0 11.0 75.0 29.0
505 27.0 18.0 18.0 213.0 45.0
506 36.0 98.0 7.0 148.0 87.0
507 79.0 75.0 19.0 306.0 43.0
508 97.0 37.0 14.0 31.0 56.0
509 74.0 46.0 11.0 340.0 75.0
510 8.0 41.0 14.0 188.0 60.0
511 23.0 3.0 11.0 115.0 57.0
512 66.0 0.0 16.0 385.0 29.0
513 94.0 32.0 12.0 27.0 47.0
514 91.0 26.0 4.0 368.0 32.0
515 13.0 86.0 14.0 200.0 60.0
516 95.0 85.0 6.0 367.0 32.0
517 81.0 88.0 12.0 269.0 15.0
518 93.0 31.0 15.0 377.0 75.0
519 44.0 32.0 11.0 273.0 20.0
520 89.0 61.0 9.0 224.0 88.0
521 45.0 25.0 16.0 40.0 78.0
522 28.0 44.0 16.0 83.0 53.0
523 48.0 86.0 12.0 369.0 61.0
524 87.0 89.0 4.0 107.0 52.0
525 62.0 62.0 14.0 381.0 96.0
526 39.0 81.0 15.0 375.0 21.0
527 71.0 27.0 5.0 321.0 30.0
528 10.0 68.0 7.0 120.0 99.0
529 30.0 3.0 18.0 239.0 35.0
530 64.0 36.0 10.0 97.0 97.0
531 54.0 69.0 10.0 166.0 72.0
532 100.0 33.0 18.0 228.0 34.0
533 12.0 58.0 12.0 62.0 52.0
534 29.0 29.0 15.0 238.0 94.0
535 62.0 72.0 5.0 356.0 25.0
536 73.0 26.0 19.0 257.0 73.0
537 5.0 26.0 7.0 253.0 40.0
538 17.0 19.0 14.0 43.0 51.0
539 80.0 83.0 6.0 108.0 89.0
540 50.0 54.0 8.0 140.0 93.0
541 21.0 15.0 17.0 16.0 51.0
542 34.0 36.0 8.0 310.0 61.0
543 10.0 90.0 5.0 194.0 80.0
544 38.0 14.0 7.0 335.0 47.0
545 91.0 45.0 18.0 137.0 99.0
546 99.0 46.0 5.0 207.0 77.0
547 93.0 91.0 16.0 21.0 46.0
548 45.0 64.0 13.0 397.0 26.0
549 36.0 37.0 14.0 162.0 40.0
550 74.0 20.0 7.0 165.0 20.0
551 64.0 87.0 11.0 151.0 79.0
552 99.0 38.0 4.0 225.0 77.0
553 86.0 73.0 15.0 142.0 61.0
554 100.0 80.0 18.0 142.0 64.0
555 42.0 43.0 17.0 328.0 85.0
556 79.0 6.0 13.0 47.0 54.0
557 22.0 71.0 6.0 89.0 76.0
558 37.0 84.0 8.0 341.0 66.0
559 100.0 82.0 11.0 270.0 46.0
560 65.0 85.0 7.0 21.0 32.0
561 52.0 66.0 13.0 210.0 96.0
562 33.0 15.0 16.0 101.0 39.0
563 33.0 39.0 10.0 29.0 87.0
564 31.0 53.0 15.0 146.0 57.0
565 56.0 56.0 7.0 26.0 23.0
566 41.0 92.0 10.0 163.0 28.0
567 23.0 75.0 10.0 24.0 90.0
568 82.0 34.0 8.0 100.0 38.0
569 90.0 0.0 18.0 155.0 41.0
570 81.0 37.0 13.0 24.0 18.0
571 68.0 44.0 6.0 58.0 55.0
572 99.0 47.0 7.0 306.0 52.0
573 87.0 75.0 17.0 204.0 70.0
574 96.0 77.0 11.0 71.0 99.0
575 95.0 61.0 4.0 175.0 82.0
576 82.0 40.0 15.0 34.0 76.0
577 57.0 10.0 9.0 354.0 57.0
578 46.0 20.0 11.0 347.0 72.0
579 24.0 61.0 19.0 292.0 83.0
580 18.0 9.0 14.0 163.0 81.0
581 86.0 45.0 15.0 307.0 57.0
582 36.0 28.0 19.0 358.0 30.0
583 100.0 65.0 14.0 64.0 21.0
584 33.0 14.0 13.0 297.0 42.0
585 60.0 94.0 9.0 191.0 59.0
586 21.0 18.0 6.0 143.0 38.0
587 35.0 11.0 16.0 264.0 24.0
588 74.0 57.0 15.0 167.0 44.0
589 77.0 31.0 18.0 127.0 55.0
590 64.0 70.0 18.0 368.0 53.0
591 64.0 56.0 13.0 308.0 64.0
592 90.0 3.0 11.0 286.0 80.0
593 58.0 23.0 13.0 217.0 38.0
594 2.0 75.0 19.0 213.0 17.0
595 68.0 28.0 19.0 76.0 19.0
596 28.0 67.0 18.0 225.0 40.0
597 98.0 93.0 10.0 363.0 60.0
598 33.0 27.0 9.0 388.0 84.0
599 55.0 40.0 16.0 175.0 64.0
600 39.0 45.0 18.0 226.0 63.0
601 84.0 15.0 19.0 25.0 30.0
602 92.0 6.0 16.0 356.0 44.0
603 55.0 76.0 13.0 353.0 26.0
604 91.0 57.0 5.0 41.0 89.0
605 85.0 53.0 6.0 384.0 71.0
606 63.0 11.0 9.0 234.0 23.0
607 83.0 57.0 14.0 359.0 60.0
608 66.0 33.0 16.0 128.0 92.0
609 1.0 74.0 9.0 191.0 21.0
610 21.0 59.0 12.0 347.0 73.0
611 63.0 68.0 9.0 162.0 52.0
612 45.0 58.0 7.0 41.0 18.0
613 83.0 44.0 6.0 166.0 94.0
614 54.0 44.0 18.0 186.0 50.0
615 82.0 57.0 14.0 44.0 39.0
616 56.0 89.0 7.0 198.0 22.0
617 0.0 58.0 12.0 101.0 40.0
618 30.0 9.0 12.0 239.0 55.0
619 57.0 29.0 4.0 391.0 83.0
620 3.0 60.0 7.0 94.0 52.0
621 9.0 77.0 10.0 28.0 76.0
622 65.0 60.0 11.0 46.0 61.0
623 40.0 27.0 15.0 58.0 46.0
624 84.0 96.0 13.0 398.0 99.0
625 89.0 2.0 19.0 232.0 52.0
626 41.0 34.0 17.0 68.0 31.0
627 95.0 76.0 15.0 234.0 47.0
628 14.0 83.0 17.0 31.0 62.0
629 12.0 50.0 9.0 333.0 75.0
630 84.0 72.0 13.0 301.0 46.0
631 72.0 57.0 6.0 355.0 88.0
632 62.0 87.0 4.0 244.0 17.0
633 67.0 56.0 5.0 170.0 54.0
634 77.0 53.0 8.0 166.0 88.0
635 39.0 97.0 14.0 110.0 97.0
636 21.0 16.0 11.0 70.0 34.0
637 45.0 27.0 17.0 61.0 62.0
638 29.0 96.0 14.0 342.0 40.0
639 43.0 86.0 18.0 242.0 56.0
640 25.0 33.0 19.0 189.0 80.0
641 52.0 69.0 13.0 129.0 40.0
642 13.0 99.0 14.0 15.0 95.0
643 39.0 36.0 19.0 196.0 95.0
644 69.0 73.0 18.0 376.0 51.0
645 41.0 39.0 12.0 326.0 91.0
646 14.0 15.0 16.0 183.0 40.0
647 0.0 72.0 15.0 398.0 97.0
648 33.0 63.0 14.0 359.0 26.0
649 10.0 11.0 9.0 171.0 96.0
650 40.0 51.0 4.0 253.0 69.0
651 77.0 5.0 12.0 113.0 31.0
652 44.0 14.0 7.0 115.0 88.0
653 18.0 90.0 10.0 122.0 38.0
654 9.0 45.0 10.0 352.0 92.0
655 64.0 47.0 5.0 19.0 16.0
656 35.0 74.0 14.0 274.0 68.0
657 14.0 25.0 13.0 79.0 47.0
658 72.0 63.0 15.0 185.0 73.0
659 24.0 24.0 4.0 364.0 69.0
660 6.0 90.0 4.0 90.0 80.0
661 57.0 63.0 8.0 395.0 30.0
662 38.0 17.0 19.0 372.0 48.0
663 23.0 1.0 5.0 130.0 66.0
664 75.0 8.0 13.0 32.0 47.0
665 29.0 79.0 19.0 47.0 89.0
666 39.0 59.0 14.0 32.0 35.0
667 17.0 43.0 5.0 365.0 30.0
668 33.0 59.0 17.0 168.0 58.0
669 31.0 34.0 17.0 40.0 81.0
670 46.0 9.0 5.0 143.0 23.0
671 5.0 90.0 15.0 238.0 36.0
672 93.0 22.0 11.0 380.0 37.0
673 70.0 70.0 9.0 363.0 60.0
674 95.0 40.0 10.0 357.0 71.0
675 58.0 72.0 5.0 93.0 92.0
676 3.0 80.0 8.0 252.0 93.0
677 57.0 58.0 4.0 86.0 99.0
678 64.0 59.0 16.0 62.0 62.0
679 7.0 96.0 13.0 328.0 52.0
680 77.0 70.0 18.0 126.0 61.0
681 54.0 62.0 9.0 169.0 80.0
682 94.0 45.0 18.0 296.0 94.0
683 68.0 72.0 4.0 263.0 18.0
684 20.0 44.0 6.0 187.0 80.0
685 76.0 9.0 11.0 292.0 80.0
686 94.0 23.0 19.0 296.0 56.0
687 27.0 4.0 6.0 364.0 63.0
688 8.0 66.0 18.0 272.0 95.0
689 24.0 46.0 13.0 33.0 93.0
690 98.0 58.0 8.0 277.0 73.0
691 10.0 58.0 13.0 160.0 92.0
692 49.0 28.0 9.0 60.0 35.0
693 28.0 9.0 7.0 21.0 65.0
694 37.0 80.0 10.0 316.0 55.0
695 90.0 71.0 16.0 334.0 31.0
696 65.0 58.0 19.0 72.0 72.0
697 13.0 76.0 15.0 48.0 44.0
698 8.0 13.0 19.0 207.0 84.0
699 13.0 20.0 17.0 189.0 82.0
2060
0 651
0 343
0 164
0 664
0 470
0 308
0 241
1 343
1 164
1 423
1 438
1 430
2 685
2 206
2 217
2 139
2 470
3 136
3 147
3 659
3 408
3 640
4 329
4 319
4 635
4 506
4 566
5 527
5 9
5 595
5 403
6 82
6 312
6 121
6 688
6 528
7 53
7 602
7 362
7 113
7 337
8 228
8 449
8 145
8 492
8 653
9 126
9 222
9 155
9 56
9 527
9 595
10 103
10 247
10 533
10 75
10 629
10 691
11 501
11 585
11 443
11 632
11 185
11 616
12 168
12 200
12 245
12 250
12 81
13 648
13 249
13 495
13 612
13 666
14 464
14 656
14 90
14 665
14 80
15 675
15 603
15 35
15 127
15 243
15 170
16 27
16 154
16 32
16 459
16 62
16 282
16 17
17 62
17 649
17 161
17 30
17 282
17 698
18 352
18 536
18 589
18 163
18 123
18 403
19 204
19 133
19 351
19 100
19 137
20 301
20 268
20 117
20 483
20 253
20 479
20 369
20 498
21 107
21 662
21 468
21 455
21 70
21 562
21 105
22 555
22 253
22 275
22 334
22 125
22 66
22 645
22 284
23 441
23 200
23 361
23 224
23 347
24 490
24 382
24 153
24 122
24 43
25 465
25 202
25 489
25 217
25 139
25 550
26 282
26 453
26 32
27 239
27 154
27 459
28 120
28 109
28 463
28 69
28 93
29 634
29 186
29 341
29 31
29 58
29 615
30 161
30 394
30 451
30 698
31 581
31 213
31 58
31 341
31 390
31 613
32 154
32 282
33 653
33 454
33 273
33 79
34 228
34 471
34 449
34 638
34 95
34 266
34 506
35 379
35 219
35 603
35 414
35 185
35 127
36 514
36 418
36 686
36 672
36 324
37 481
37 227
37 306
37 79
37 273
38 323
38 548
38 485
38 91
38 263
39 181
39 302
39 530
39 169
39 72
40 235
40 300
40 442
40 220
40 199
40 450
41 644
41 683
41 452
41 187
41 350
41 345
41 243
42 166
42 77
42 346
42 259
42 85
43 593
43 126
43 490
43 122
44 609
44 303
44 594
44 305
44 676
44 132
44 212
45 642
45 679
45 57
45 373
45 469
46 371
46 211
46 690
46 604
46 179
47 276
47 175
47 658
47 680
47 416
47 431
48 442
48 235
48 176
48 215
48 589
48 352
48 488
49 330
49 393
49 668
49 564
49 252
49 400
50 648
50 311
50 656
50 141
50 495
50 134
50 596
51 258
51 625
51 293
51 592
51 208
52 546
52 385
52 682
52 674
52 552
52 532
53 494
53 337
53 602
53 592
54 236
54 397
54 67
54 188
54 358
54 76
54 248
55 581
55 424
55 203
55 496
55 486
55 64
55 613
56 155
56 527
56 536
56 353
56 550
57 642
57 373
57 156
58 605
58 213
58 607
58 615
59 641
59 485
59 379
59 531
59 603
59 675
60 407
60 669
60 598
60 582
60 398
60 340
61 574
61 554
61 627
61 87
61 100
62 459
62 649
62 272
62 456
62 461
62 580
63 291
63 378
63 427
63 529
63 587
63 422
63 344
64 486
64 576
64 412
64 390
64 613
65 634
65 159
65 588
66 253
66 275
66 599
66 614
66 498
66 131
67 133
67 358
67 100
67 188
68 305
68 121
68 621
68 151
68 528
68 360
68 697
69 463
69 93
69 142
69 510
69 476
69 338
70 455
70 309
70 562
71 180
71 445
71 304
71 378
71 291
72 222
72 169
72 530
72 608
72 148
72 595
73 359
73 583
73 165
73 197
73 339
74 533
74 439
74 610
74 399
75 533
75 629
75 225
75 667
75 355
75 497
75 610
76 499
76 358
76 236
76 231
77 166
77 404
77 396
77 509
77 341
77 412
77 259
78 522
78 267
78 563
78 401
78 600
79 653
79 449
79 462
79 481
79 273
80 332
80 665
80 567
80 90
80 196
80 349
80 363
81 250
81 245
81 124
82 620
82 312
82 103
82 435
82 688
83 536
83 352
83 489
83 353
84 580
84 649
84 646
84 331
84 392
85 259
85 123
85 346
85 163
86 695
86 101
86 630
86 128
86 553
86 426
86 149
86 351
86 416
87 478
87 433
87 554
87 188
87 100
88 129
88 456
88 239
88 387
89 474
89 223
89 172
89 262
90 134
90 656
90 557
90 567
91 641
91 561
91 263
91 485
92 561
92 681
92 661
92 207
92 531
92 458
93 142
93 367
93 109
93 482
94 668
94 249
94 162
94 311
94 579
94 400
95 638
95 319
95 205
95 506
95 329
96 652
96 662
96 315
96 107
96 198
97 502
97 270
97 152
97 99
97 560
98 482
98 617
98 374
98 247
98 367
98 620
99 551
99 491
99 152
99 140
99 560
100 627
100 137
100 133
100 188
101 165
101 137
101 695
101 426
102 454
102 515
102 543
102 492
102 653
103 247
103 620
103 435
103 255
103 691
104 523
104 119
104 191
104 184
104 616
105 662
105 562
105 115
105 544
105 587
105 584
106 194
106 512
106 150
107 662
107 468
107 598
107 582
107 623
107 292
107 198
108 116
108 270
108 350
108 187
108 354
108 437
109 120
109 269
109 482
110 142
110 367
110 374
110 440
110 654
110 510
111 697
111 628
111 349
111 306
111 196
111 273
111 261
111 316
112 338
112 322
112 136
112 657
112 640
112 333
113 366
113 337
113 362
113 460
113 672
113 686
114 515
114 277
114 628
114 242
114 621
114 697
115 652
115 662
115 544
116 502
116 270
116 517
116 539
116 354
116 499
116 231
117 264
117 253
117 483
118 409
118 432
118 540
118 268
118 503
118 369
118 436
119 365
119 260
119 336
119 501
119 446
119 523
119 443
119 616
120 269
120 473
120 463
120 537
121 312
121 647
121 609
121 305
121 594
121 528
122 153
122 377
122 126
123 259
123 148
123 163
123 595
123 403
124 250
124 297
124 624
124 245
124 285
124 130
125 334
125 519
125 626
125 643
125 284
126 222
126 593
126 155
126 377
127 185
127 243
127 452
127 632
127 560
128 402
128 391
128 321
128 630
128 416
129 456
129 239
129 389
129 461
130 285
130 441
130 347
130 335
130 297
130 624
131 275
131 599
131 218
131 302
132 242
132 676
132 305
133 358
133 204
133 573
134 656
134 557
134 596
134 487
134 233
135 656
135 428
135 141
135 411
136 147
136 538
136 657
136 640
137 359
137 165
137 627
137 351
137 695
138 431
138 159
138 299
138 296
138 615
139 217
139 470
139 155
139 550
140 146
140 168
140 491
140 502
140 152
140 370
141 656
141 411
141 495
142 367
142 510
143 381
143 571
143 655
143 181
143 375
144 558
144 182
144 694
144 481
144 205
144 464
144 665
144 332
144 319
145 294
145 178
145 228
145 448
145 492
146 168
146 200
146 585
146 491
147 538
147 586
147 659
148 608
148 259
148 595
149 426
149 232
149 287
149 416
150 194
150 256
150 500
150 512
150 308
151 528
151 439
151 360
151 399
151 316
151 342
152 502
153 377
153 577
153 256
153 382
153 606
154 239
155 377
155 470
155 356
155 550
155 606
156 671
156 303
156 373
157 279
157 214
157 611
157 590
157 673
157 683
158 203
158 496
158 199
158 348
158 246
159 588
159 276
159 634
159 431
159 615
160 323
160 411
160 485
160 379
160 171
160 328
161 394
161 282
162 648
162 249
162 311
163 176
163 589
163 346
164 343
164 423
164 308
165 359
165 339
165 426
166 346
166 570
166 412
167 258
167 569
167 293
167 237
167 556
167 651
167 430
167 438
168 200
168 370
168 250
169 222
169 302
169 218
169 619
170 675
170 345
170 243
171 379
171 328
171 380
171 265
171 472
172 298
172 223
172 655
172 181
172 262
173 279
173 214
173 658
173 175
173 631
173 622
174 314
174 532
174 552
174 508
174 429
175 276
175 658
175 588
175 631
176 442
176 568
176 570
176 346
176 589
177 537
177 473
177 451
177 699
177 289
177 698
177 230
178 642
178 448
178 294
179 575
179 364
179 604
179 690
180 291
180 421
180 445
180 283
180 192
181 530
181 375
181 614
181 302
181 655
181 262
182 457
182 226
182 319
182 558
182 229
183 669
183 318
183 271
183 640
183 333
183 406
183 466
183 372
183 238
184 414
184 244
184 191
184 616
185 414
185 244
185 632
185 616
186 415
186 313
186 634
186 631
186 509
186 341
187 452
187 350
187 270
187 560
188 478
188 516
188 248
188 216
189 192
189 445
189 410
189 670
190 357
190 516
190 478
190 433
190 559
191 414
191 219
191 523
191 288
192 283
192 410
192 445
193 206
193 327
193 601
193 362
193 208
193 217
194 512
194 421
194 283
194 256
195 579
195 311
195 320
195 310
196 349
196 567
196 316
196 342
197 583
197 480
197 575
197 413
197 339
198 623
198 637
198 315
198 521
199 450
199 496
199 220
199 246
200 441
200 285
200 585
200 260
200 245
201 202
201 488
201 368
201 300
201 235
201 215
202 488
202 368
202 465
202 489
203 545
203 348
203 424
203 496
204 573
204 351
205 319
205 638
205 462
205 481
206 327
206 475
206 556
206 417
206 685
206 217
207 661
207 383
207 525
207 611
207 325
207 458
208 602
208 362
208 592
208 327
208 293
209 529
209 687
209 272
209 693
209 511
209 618
209 344
210 633
210 313
210 298
210 591
210 286
211 605
211 213
211 371
211 682
211 424
211 545
211 604
212 676
212 277
212 671
212 303
213 605
213 424
213 581
214 525
214 611
214 279
214 622
215 488
215 235
216 357
216 516
216 248
216 524
216 335
216 347
216 547
217 465
217 601
218 302
218 619
218 251
218 334
218 275
218 692
219 379
219 414
219 288
220 568
220 570
220 419
220 496
220 442
221 269
221 473
221 395
221 451
222 619
222 593
222 595
223 474
223 298
223 484
224 361
224 347
224 597
225 667
225 684
225 689
225 355
225 434
226 457
226 526
226 229
226 639
226 265
226 380
227 481
227 306
227 332
227 363
228 471
228 448
228 449
229 526
229 234
229 558
230 392
230 699
230 289
230 646
231 499
231 539
231 236
232 520
232 364
232 426
232 447
232 287
233 596
233 320
233 487
234 558
234 694
234 526
234 380
235 300
235 442
236 397
236 517
236 539
237 293
237 475
237 556
238 522
238 689
238 466
238 318
238 563
239 459
239 389
239 663
239 421
239 387
240 476
240 510
240 654
240 420
241 606
241 356
241 308
241 470
242 676
242 277
242 305
242 621
243 452
243 345
244 414
244 616
245 285
246 674
246 508
246 429
246 450
246 386
246 348
247 374
247 440
247 620
247 629
248 397
248 524
249 330
249 668
249 648
249 666
250 370
250 502
250 517
250 297
251 593
251 619
251 490
251 281
251 521
251 278
251 692
252 307
252 355
252 564
252 400
253 555
253 264
253 498
254 677
254 383
254 317
254 678
254 591
254 484
255 435
255 533
255 439
255 688
255 691
256 283
256 410
256 577
256 500
256 606
257 432
257 681
257 677
257 565
257 474
257 503
258 569
258 625
258 293
259 404
259 608
260 365
260 266
260 585
260 501
261 697
261 360
261 316
262 301
262 474
262 498
262 614
263 409
263 561
263 495
263 548
263 436
264 483
264 650
264 555
264 600
265 380
265 639
265 472
266 365
266 493
266 506
266 635
267 522
267 477
267 307
267 564
267 393
267 600
268 540
268 369
268 301
269 473
269 395
270 502
270 560
271 669
271 598
271 534
271 640
272 693
272 456
272 541
272 511
272 580
273 306
273 454
273 628
274 468
274 505
274 659
274 636
274 586
275 334
276 588
276 431
277 671
277 660
277 676
277 515
277 543
278 519
278 637
278 334
278 521
278 692
279 658
279 680
279 673
280 483
280 650
280 479
281 578
281 315
281 490
281 521
282 453
282 394
283 421
283 410
284 645
284 643
285 441
286 591
286 633
286 696
287 416
287 299
287 520
287 290
288 523
288 472
288 379
289 698
289 649
289 646
290 604
290 605
290 607
290 520
290 296
290 299
291 421
291 378
291 427
291 663
292 468
292 598
292 408
292 534
293 475
293 327
294 642
294 679
294 469
294 444
294 492
295 504
295 322
295 434
295 667
295 420
295 466
295 406
295 372
296 607
296 615
296 299
297 335
297 517
297 624
298 415
298 313
298 655
298 484
298 591
299 431
299 416
300 368
300 514
300 326
300 324
300 450
301 540
301 474
301 498
302 614
302 599
303 609
303 647
303 671
304 544
304 378
304 652
304 670
304 445
305 621
305 594
306 349
306 363
307 477
307 689
307 355
307 564
308 423
308 606
308 500
308 512
309 505
309 541
309 693
309 455
309 618
309 562
309 584
310 579
310 610
310 399
310 320
311 648
311 579
311 320
311 596
312 620
312 617
312 647
313 415
313 631
313 633
314 366
314 532
314 418
314 326
314 518
314 513
314 429
315 652
315 578
315 521
316 360
316 342
317 525
317 383
317 678
317 425
318 669
318 542
318 563
319 457
319 329
319 566
320 399
320 596
320 487
321 391
321 680
321 416
322 338
322 476
322 504
322 333
322 372
323 411
323 485
323 495
323 548
324 672
324 460
324 368
324 514
325 611
325 590
325 535
325 675
325 458
326 418
326 518
326 514
326 450
327 475
328 411
328 428
328 380
329 506
330 650
330 393
330 668
330 479
330 666
331 392
331 538
331 580
331 541
331 388
332 665
332 481
332 363
333 640
333 372
334 519
334 692
335 397
335 517
335 347
335 524
336 365
336 493
336 635
336 566
336 405
336 446
337 366
337 569
337 494
338 476
338 463
338 657
339 413
339 426
339 447
340 623
340 582
340 398
340 519
341 509
341 390
341 412
342 567
342 557
342 399
343 651
343 430
344 529
344 618
344 422
345 535
345 683
345 675
346 570
347 441
347 597
347 547
348 682
348 674
348 545
349 363
350 644
350 673
350 437
351 695
351 553
351 573
352 536
352 489
352 488
352 589
353 489
353 536
353 550
354 507
354 499
354 384
354 437
355 689
355 610
355 579
355 400
356 470
356 606
357 559
357 361
357 597
357 516
357 547
358 402
358 499
358 573
359 583
359 554
359 574
359 627
360 697
361 559
361 597
362 602
362 601
362 368
362 460
364 575
364 604
364 520
364 447
365 493
366 532
366 418
366 686
367 482
367 374
368 601
368 465
368 460
369 612
369 479
369 436
370 502
371 690
371 385
371 682
371 546
371 572
372 406
373 469
373 671
374 440
375 404
375 530
375 396
375 381
376 394
376 453
376 451
376 395
377 606
378 544
378 587
379 485
379 603
379 472
380 694
380 428
380 526
381 396
381 571
382 410
382 670
382 490
382 577
383 661
383 677
383 525
384 507
384 391
384 437
385 467
385 583
385 690
385 546
385 572
385 532
386 429
386 513
386 450
387 456
387 511
387 663
388 636
388 541
388 586
388 538
389 459
389 461
390 412
390 613
391 402
391 680
391 507
391 437
392 538
392 699
392 646
393 650
393 564
393 600
394 453
394 451
395 451
396 404
396 571
396 509
397 517
397 524
398 407
398 643
398 519
398 626
399 439
399 610
399 487
399 557
400 668
400 579
401 645
401 555
401 549
401 563
401 600
402 499
402 507
402 630
402 553
402 573
403 595
403 536
403 527
404 530
404 608
405 566
405 457
405 446
405 639
406 466
407 542
407 669
407 643
407 549
408 659
408 468
408 640
408 534
409 561
409 681
409 432
409 436
410 670
410 577
411 428
411 495
412 570
412 576
413 575
413 447
415 509
415 571
415 655
416 680
416 431
417 556
417 651
417 685
417 664
418 514
418 686
419 496
419 570
419 576
419 486
420 497
420 667
420 476
420 504
420 654
421 512
421 663
422 587
422 584
422 618
423 438
423 512
424 545
424 581
425 678
425 622
425 525
426 447
427 529
427 663
428 656
428 464
428 694
429 508
429 513
430 651
430 438
432 681
432 503
433 559
433 554
433 478
434 466
434 684
434 667
435 688
436 495
436 612
437 680
437 673
438 512
439 533
439 528
439 688
440 654
440 629
442 568
443 501
443 616
444 660
444 469
444 492
444 543
445 670
446 523
446 639
446 472
447 575
448 642
448 471
449 638
449 462
449 653
450 518
450 513
451 473
451 698
452 560
454 515
454 628
454 653
455 505
455 468
456 461
456 511
457 566
457 639
458 675
458 531
459 461
460 672
462 638
462 481
463 537
463 657
464 656
464 694
464 665
465 601
466 684
466 689
467 583
467 690
467 480
467 575
468 505
468 659
469 660
469 679
469 671
470 685
470 664
472 523
472 639
473 537
474 565
474 503
474 540
474 484
475 556
476 510
476 504
477 522
477 689
478 516
479 650
479 483
479 666
479 612
480 583
480 575
482 617
483 650
484 677
484 565
484 591
485 641
486 496
486 576
487 557
488 489
489 550
490 578
490 652
490 670
490 593
491 585
491 551
491 632
492 543
492 653
493 635
494 569
494 625
494 592
495 548
495 612
495 648
497 667
497 629
497 654
498 614
499 507
500 606
501 585
502 517
503 540
505 541
505 636
506 635
508 674
508 552
509 571
510 654
511 687
511 663
513 518
515 628
515 543
517 539
519 623
519 637
519 626
520 604
521 637
522 689
522 563
525 611
525 622
527 536
528 688
529 687
529 663
530 608
531 641
531 561
531 675
532 552
533 610
533 691
534 598
534 640
535 683
535 590
535 675
537 657
537 699
538 657
538 699
538 586
541 693
541 580
541 636
542 669
542 549
542 563
543 660
544 652
544 587
545 682
546 682
546 572
547 597
549 643
549 645
549 563
551 632
551 560
552 674
553 630
553 573
554 583
554 574
554 559
555 645
555 600
556 651
557 567
558 694
560 632
561 681
561 641
562 584
565 677
566 635
568 570
569 625
570 576
571 655
574 627
575 690
578 652
579 610
580 649
581 613
582 598
582 623
584 618
584 587
585 632
586 636
586 659
588 631
588 634
590 683
590 611
591 678
591 696
592 602
592 625
593 619
594 609
598 669
599 614
600 650
603 675
604 605
605 607
607 615
609 647
612 666
615 634
617 620
618 693
621 697
622 633
622 696
622 631
622 678
623 637
626 643
628 697
629 654
631 634
631 633
633 696
642 679
643 645
644 683
644 673
646 649
649 698
651 664
652 662
652 670
657 699
658 680
660 671
661 681
661 677
663 687
664 685
672 686
673 680
673 683
674 682
677 681
678 696
684 689
10 0.5 0.5 0.5
