500
0 24.0 2.0 15.0 120.0 60.0
1 53.0 27.0 8.0 393.0 82.0
2 53.0 73.0 16.0 324.0 36.0
3 60.0 31.0 10.0 397.0 51.0
4 14.0 19.0 11.0 231.0 67.0
5 31.0 39.0 4.0 382.0 24.0
6 56.0 45.0 7.0 163.0 40.0
7 97.0 71.0 14.0 319.0 92.0
8 42.0 54.0 8.0 23.0 74.0
9 60.0 0.0 7.0 73.0 16.0
10 13.0 60.0 17.0 306.0 79.0
11 88.0 48.0 6.0 198.0 53.0
12 74.0 99.0 16.0 396.0 55.0
13 93.0 55.0 10.0 17.0 55.0
14 12.0 68.0 9.0 292.0 69.0
15 34.0 65.0 10.0 236.0 48.0
16 12.0 61.0 19.0 264.0 58.0
17 69.0 57.0 4.0 112.0 31.0
18 15.0 22.0 6.0 202.0 92.0
19 78.0 24.0 18.0 24.0 91.0
20 96.0 66.0 11.0 22.0 29.0
21 45.0 63.0 4.0 270.0 66.0
22 23.0 60.0 4.0 17.0 21.0
23 61.0 52.0 9.0 108.0 47.0
24 70.0 28.0 13.0 242.0 78.0
25 70.0 96.0 13.0 102.0 88.0
26 23.0 20.0 15.0 294.0 29.0
27 79.0 33.0 11.0 239.0 96.0
28 84.0 2.0 16.0 56.0 99.0
29 85.0 3.0 18.0 391.0 82.0
30 75.0 18.0 9.0 155.0 26.0
31 91.0 9.0 18.0 239.0 29.0
32 30.0 84.0 12.0 55.0 69.0
33 63.0 31.0 13.0 193.0 17.0
34 43.0 17.0 12.0 220.0 69.0
35 96.0 72.0 12.0 120.0 48.0
36 66.0 92.0 14.0 23.0 22.0
37 47.0 76.0 16.0 141.0 15.0
38 99.0 67.0 19.0 332.0 57.0
39 40.0 36.0 15.0 61.0 59.0
40 28.0 91.0 15.0 312.0 69.0
41 17.0 40.0 10.0 107.0 75.0
42 71.0 77.0 17.0 304.0 96.0
43 93.0 19.0 14.0 48.0 37.0
44 91.0 38.0 16.0 136.0 98.0
45 32.0 13.0 9.0 207.0 98.0
46 30.0 8.0 14.0 266.0 28.0
47 47.0 34.0 12.0 219.0 59.0
48 0.0 10.0 11.0 378.0 94.0
49 52.0 50.0 19.0 172.0 59.0
50 63.0 43.0 12.0 112.0 69.0
51 44.0 91.0 19.0 96.0 80.0
52 32.0 51.0 9.0 382.0 43.0
53 28.0 87.0 15.0 225.0 95.0
54 43.0 32.0 14.0 202.0 83.0
55 76.0 28.0 11.0 164.0 39.0
56 31.0 95.0 8.0 45.0 90.0
57 32.0 85.0 5.0 130.0 86.0
58 50.0 62.0 12.0 295.0 97.0
59 94.0 95.0 8.0 314.0 86.0
60 55.0 97.0 7.0 124.0 47.0
61 91.0 29.0 5.0 222.0 70.0
62 53.0 1.0 6.0 315.0 71.0
63 18.0 19.0 11.0 153.0 53.0
64 30.0 25.0 14.0 100.0 85.0
65 82.0 5.0 6.0 35.0 77.0
66 43.0 97.0 18.0 23.0 55.0
67 22.0 56.0 14.0 250.0 66.0
68 13.0 2.0 16.0 174.0 93.0
69 97.0 88.0 9.0 42.0 61.0
70 36.0 12.0 5.0 23.0 32.0
71 8.0 36.0 6.0 368.0 63.0
72 53.0 57.0 9.0 158.0 65.0
73 2.0 92.0 15.0 90.0 65.0
74 35.0 89.0 16.0 38.0 25.0
75 51.0 92.0 5.0 390.0 92.0
76 0.0 6.0 12.0 107.0 99.0
77 22.0 73.0 5.0 251.0 80.0
78 93.0 86.0 16.0 97.0 42.0
79 47.0 98.0 10.0 204.0 60.0
80 0.0 1.0 13.0 257.0 29.0
81 55.0 56.0 18.0 44.0 17.0
82 99.0 68.0 13.0 377.0 74.0
83 43.0 98.0 7.0 163.0 54.0
84 30.0 95.0 19.0 347.0 91.0
85 76.0 33.0 16.0 74.0 78.0
86 59.0 78.0 8.0 345.0 99.0
87 16.0 40.0 10.0 208.0 65.0
88 27.0 68.0 4.0 366.0 24.0
89 5.0 16.0 14.0 144.0 69.0
90 37.0 9.0 15.0 228.0 40.0
91 90.0 29.0 5.0 221.0 65.0
92 24.0 69.0 10.0 147.0 61.0
93 75.0 62.0 11.0 240.0 44.0
94 17.0 18.0 4.0 272.0 47.0
95 9.0 47.0 6.0 358.0 30.0
96 16.0 82.0 12.0 214.0 92.0
97 60.0 27.0 14.0 108.0 65.0
98 30.0 61.0 19.0 278.0 82.0
99 89.0 30.0 14.0 313.0 15.0
100 78.0 8.0 7.0 101.0 78.0
101 42.0 40.0 16.0 121.0 39.0
102 82.0 76.0 15.0 222.0 34.0
103 36.0 77.0 8.0 95.0 56.0
104 58.0 80.0 4.0 199.0 77.0
105 92.0 98.0 17.0 235.0 67.0
106 54.0 81.0 12.0 30.0 38.0
107 51.0 72.0 18.0 133.0 31.0
108 67.0 5.0 11.0 50.0 47.0
109 2.0 74.0 17.0 353.0 26.0
110 78.0 97.0 4.0 141.0 71.0
111 58.0 32.0 15.0 267.0 82.0
112 46.0 67.0 17.0 44.0 78.0
113 79.0 74.0 18.0 225.0 59.0
114 40.0 76.0 14.0 148.0 54.0
115 49.0 59.0 6.0 141.0 56.0
116 10.0 46.0 7.0 309.0 68.0
117 52.0 66.0 12.0 157.0 43.0
118 96.0 89.0 12.0 297.0 39.0
119 34.0 42.0 7.0 344.0 36.0
120 89.0 18.0 18.0 300.0 24.0
121 43.0 38.0 6.0 73.0 54.0
122 75.0 3.0 4.0 380.0 70.0
123 73.0 86.0 8.0 357.0 65.0
124 58.0 7.0 4.0 166.0 83.0
125 12.0 3.0 15.0 29.0 96.0
126 51.0 35.0 12.0 70.0 89.0
127 57.0 59.0 13.0 345.0 52.0
128 57.0 37.0 11.0 294.0 56.0
129 41.0 6.0 6.0 230.0 89.0
130 41.0 73.0 11.0 245.0 50.0
131 98.0 8.0 10.0 356.0 92.0
132 77.0 88.0 12.0 240.0 96.0
133 99.0 57.0 6.0 171.0 34.0
134 98.0 92.0 7.0 398.0 21.0
135 85.0 71.0 18.0 201.0 32.0
136 21.0 85.0 18.0 248.0 28.0
137 18.0 42.0 12.0 327.0 79.0
138 40.0 11.0 5.0 141.0 48.0
139 1.0 77.0 4.0 49.0 55.0
140 40.0 1.0 4.0 292.0 94.0
141 1.0 48.0 4.0 94.0 66.0
142 71.0 53.0 8.0 20.0 15.0
143 94.0 52.0 13.0 67.0 33.0
144 5.0 60.0 10.0 100.0 68.0
145 72.0 21.0 9.0 172.0 79.0
146 28.0 9.0 16.0 47.0 47.0
147 77.0 37.0 17.0 59.0 68.0
148 100.0 34.0 13.0 130.0 46.0
149 80.0 31.0 5.0 397.0 75.0
150 32.0 67.0 6.0 80.0 78.0
151 67.0 45.0 15.0 20.0 29.0
152 20.0 81.0 11.0 89.0 59.0
153 54.0 97.0 19.0 219.0 48.0
154 79.0 59.0 9.0 119.0 76.0
155 44.0 44.0 19.0 16.0 75.0
156 36.0 74.0 10.0 248.0 32.0
157 44.0 4.0 19.0 211.0 82.0
158 62.0 70.0 9.0 378.0 98.0
159 44.0 49.0 5.0 161.0 36.0
160 26.0 56.0 8.0 119.0 78.0
161 31.0 14.0 7.0 50.0 99.0
162 44.0 43.0 6.0 219.0 29.0
163 70.0 56.0 6.0 334.0 42.0
164 12.0 19.0 19.0 227.0 96.0
165 66.0 75.0 5.0 39.0 94.0
166 23.0 7.0 6.0 188.0 63.0
167 41.0 88.0 18.0 270.0 57.0
168 45.0 57.0 16.0 245.0 53.0
169 28.0 73.0 15.0 40.0 42.0
170 33.0 73.0 4.0 310.0 28.0
171 1.0 30.0 16.0 175.0 46.0
172 77.0 41.0 7.0 232.0 70.0
173 31.0 10.0 5.0 80.0 60.0
174 43.0 57.0 4.0 170.0 30.0
175 78.0 54.0 15.0 358.0 33.0
176 53.0 30.0 17.0 212.0 45.0
177 90.0 82.0 7.0 289.0 29.0
178 91.0 100.0 4.0 169.0 30.0
179 10.0 71.0 13.0 132.0 83.0
180 9.0 99.0 19.0 263.0 42.0
181 72.0 70.0 13.0 254.0 18.0
182 100.0 58.0 16.0 349.0 46.0
183 18.0 27.0 9.0 97.0 77.0
184 37.0 80.0 17.0 349.0 26.0
185 93.0 39.0 4.0 157.0 65.0
186 15.0 49.0 19.0 164.0 57.0
187 52.0 79.0 11.0 338.0 50.0
188 51.0 80.0 6.0 73.0 93.0
189 69.0 3.0 11.0 139.0 36.0
190 89.0 96.0 19.0 172.0 26.0
191 49.0 24.0 9.0 48.0 73.0
192 90.0 20.0 17.0 109.0 30.0
193 70.0 94.0 5.0 120.0 42.0
194 37.0 88.0 16.0 285.0 66.0
195 65.0 68.0 13.0 78.0 88.0
196 28.0 76.0 10.0 335.0 29.0
197 39.0 88.0 15.0 156.0 45.0
198 91.0 27.0 18.0 158.0 50.0
199 62.0 53.0 16.0 116.0 55.0
200 61.0 62.0 19.0 226.0 34.0
201 53.0 53.0 10.0 345.0 28.0
202 19.0 48.0 7.0 60.0 90.0
203 44.0 53.0 18.0 85.0 85.0
204 52.0 6.0 10.0 331.0 42.0
205 21.0 42.0 19.0 345.0 31.0
206 15.0 61.0 15.0 381.0 76.0
207 65.0 17.0 10.0 307.0 94.0
208 3.0 63.0 14.0 132.0 41.0
209 66.0 45.0 8.0 187.0 57.0
210 2.0 46.0 10.0 25.0 26.0
211 44.0 37.0 4.0 75.0 57.0
212 94.0 57.0 7.0 240.0 50.0
213 100.0 98.0 10.0 296.0 55.0
214 23.0 17.0 5.0 353.0 22.0
215 25.0 7.0 6.0 378.0 33.0
216 77.0 53.0 14.0 396.0 19.0
217 22.0 68.0 10.0 47.0 79.0
218 88.0 6.0 5.0 318.0 54.0
219 71.0 94.0 7.0 74.0 56.0
220 48.0 36.0 5.0 131.0 95.0
221 29.0 40.0 10.0 322.0 33.0
222 48.0 93.0 9.0 18.0 36.0
223 3.0 99.0 6.0 236.0 17.0
224 72.0 67.0 11.0 210.0 20.0
225 74.0 52.0 19.0 389.0 75.0
226 35.0 23.0 8.0 347.0 77.0
227 17.0 30.0 10.0 126.0 21.0
228 11.0 91.0 12.0 78.0 69.0
229 51.0 99.0 13.0 308.0 95.0
230 7.0 44.0 8.0 198.0 62.0
231 88.0 0.0 16.0 166.0 86.0
232 45.0 16.0 13.0 240.0 74.0
233 73.0 91.0 14.0 337.0 45.0
234 46.0 61.0 5.0 265.0 18.0
235 14.0 46.0 17.0 337.0 61.0
236 5.0 100.0 10.0 35.0 86.0
237 88.0 66.0 5.0 380.0 16.0
238 57.0 72.0 4.0 131.0 75.0
239 20.0 59.0 16.0 214.0 23.0
240 0.0 72.0 12.0 23.0 94.0
241 86.0 39.0 4.0 71.0 90.0
242 95.0 39.0 7.0 76.0 91.0
243 17.0 88.0 6.0 150.0 35.0
244 64.0 11.0 11.0 272.0 74.0
245 98.0 23.0 7.0 248.0 63.0
246 53.0 61.0 10.0 325.0 46.0
247 51.0 16.0 5.0 266.0 37.0
248 5.0 50.0 19.0 116.0 57.0
249 0.0 76.0 10.0 206.0 38.0
250 75.0 11.0 4.0 56.0 66.0
251 0.0 94.0 17.0 207.0 53.0
252 14.0 69.0 17.0 143.0 90.0
253 14.0 99.0 16.0 211.0 79.0
254 22.0 22.0 19.0 163.0 30.0
255 71.0 69.0 8.0 294.0 45.0
256 61.0 25.0 16.0 330.0 55.0
257 81.0 61.0 5.0 385.0 26.0
258 76.0 70.0 16.0 42.0 38.0
259 85.0 41.0 9.0 318.0 51.0
260 25.0 48.0 5.0 352.0 54.0
261 28.0 54.0 19.0 40.0 19.0
262 65.0 37.0 7.0 384.0 54.0
263 27.0 32.0 10.0 261.0 99.0
264 5.0 31.0 15.0 53.0 97.0
265 13.0 55.0 10.0 280.0 82.0
266 94.0 86.0 17.0 196.0 42.0
267 55.0 96.0 7.0 162.0 80.0
268 52.0 54.0 18.0 304.0 39.0
269 43.0 22.0 5.0 94.0 24.0
270 18.0 86.0 10.0 91.0 74.0
271 47.0 56.0 8.0 104.0 58.0
272 18.0 84.0 9.0 18.0 68.0
273 56.0 97.0 19.0 365.0 56.0
274 68.0 0.0 7.0 144.0 67.0
275 27.0 55.0 6.0 37.0 34.0
276 9.0 84.0 11.0 156.0 20.0
277 65.0 48.0 14.0 138.0 29.0
278 97.0 67.0 11.0 273.0 43.0
279 87.0 89.0 9.0 70.0 54.0
280 93.0 57.0 4.0 348.0 96.0
281 6.0 51.0 9.0 324.0 47.0
282 9.0 41.0 11.0 81.0 33.0
283 70.0 59.0 4.0 140.0 50.0
284 30.0 92.0 17.0 144.0 62.0
285 56.0 12.0 8.0 355.0 79.0
286 96.0 80.0 13.0 81.0 31.0
287 57.0 74.0 11.0 281.0 50.0
288 66.0 32.0 17.0 94.0 49.0
289 42.0 19.0 13.0 397.0 25.0
290 59.0 75.0 9.0 371.0 62.0
291 94.0 36.0 11.0 17.0 36.0
292 36.0 39.0 18.0 188.0 15.0
293 33.0 90.0 7.0 51.0 93.0
294 19.0 38.0 19.0 229.0 96.0
295 78.0 9.0 8.0 339.0 64.0
296 94.0 34.0 6.0 301.0 66.0
297 24.0 13.0 18.0 180.0 37.0
298 24.0 34.0 6.0 384.0 20.0
299 77.0 63.0 17.0 355.0 81.0
300 86.0 31.0 13.0 365.0 96.0
301 78.0 40.0 8.0 343.0 70.0
302 100.0 47.0 18.0 121.0 83.0
303 32.0 48.0 13.0 140.0 47.0
304 17.0 17.0 18.0 293.0 61.0
305 82.0 55.0 12.0 325.0 40.0
306 58.0 27.0 9.0 317.0 57.0
307 22.0 34.0 5.0 333.0 51.0
308 65.0 81.0 13.0 341.0 18.0
309 12.0 91.0 18.0 63.0 34.0
310 13.0 44.0 6.0 96.0 62.0
311 58.0 47.0 6.0 130.0 45.0
312 48.0 11.0 18.0 106.0 84.0
313 100.0 40.0 14.0 128.0 75.0
314 98.0 2.0 4.0 158.0 85.0
315 33.0 39.0 6.0 379.0 92.0
316 98.0 93.0 10.0 21.0 35.0
317 65.0 36.0 16.0 47.0 39.0
318 46.0 63.0 18.0 286.0 40.0
319 71.0 2.0 11.0 388.0 24.0
320 90.0 45.0 15.0 172.0 42.0
321 52.0 25.0 4.0 120.0 59.0
322 15.0 29.0 7.0 198.0 42.0
323 64.0 38.0 7.0 213.0 91.0
324 59.0 60.0 16.0 260.0 67.0
325 31.0 4.0 9.0 35.0 72.0
326 29.0 2.0 14.0 294.0 83.0
327 61.0 100.0 13.0 397.0 30.0
328 9.0 88.0 8.0 144.0 79.0
329 61.0 82.0 8.0 360.0 91.0
330 88.0 29.0 4.0 331.0 70.0
331 74.0 56.0 11.0 179.0 76.0
332 93.0 1.0 8.0 215.0 73.0
333 52.0 75.0 10.0 45.0 27.0
334 68.0 13.0 7.0 326.0 48.0
335 83.0 38.0 19.0 71.0 73.0
336 49.0 94.0 12.0 110.0 72.0
337 89.0 23.0 6.0 244.0 40.0
338 35.0 27.0 8.0 360.0 56.0
339 28.0 61.0 11.0 338.0 60.0
340 98.0 72.0 6.0 381.0 96.0
341 22.0 12.0 7.0 227.0 41.0
342 19.0 4.0 7.0 283.0 95.0
343 30.0 30.0 9.0 70.0 68.0
344 68.0 68.0 15.0 67.0 44.0
345 76.0 92.0 15.0 69.0 84.0
346 12.0 37.0 12.0 55.0 85.0
347 8.0 15.0 8.0 238.0 57.0
348 16.0 10.0 12.0 73.0 82.0
349 15.0 33.0 11.0 213.0 89.0
350 16.0 74.0 18.0 197.0 19.0
351 81.0 3.0 15.0 248.0 58.0
352 91.0 28.0 13.0 224.0 65.0
353 41.0 53.0 6.0 85.0 48.0
354 16.0 93.0 6.0 287.0 65.0
355 66.0 17.0 9.0 218.0 61.0
356 43.0 26.0 12.0 107.0 29.0
357 80.0 6.0 11.0 166.0 82.0
358 100.0 67.0 11.0 318.0 23.0
359 24.0 75.0 8.0 199.0 40.0
360 78.0 61.0 15.0 374.0 25.0
361 31.0 13.0 4.0 129.0 94.0
362 5.0 42.0 7.0 236.0 52.0
363 15.0 95.0 18.0 73.0 86.0
364 71.0 62.0 11.0 159.0 73.0
365 14.0 76.0 4.0 206.0 30.0
366 68.0 64.0 13.0 242.0 84.0
367 87.0 96.0 9.0 134.0 48.0
368 47.0 1.0 13.0 391.0 91.0
369 36.0 18.0 7.0 293.0 95.0
370 94.0 87.0 13.0 380.0 31.0
371 5.0 78.0 16.0 61.0 93.0
372 84.0 16.0 16.0 208.0 78.0
373 41.0 81.0 17.0 181.0 15.0
374 45.0 14.0 19.0 243.0 15.0
375 56.0 21.0 4.0 277.0 31.0
376 18.0 81.0 6.0 292.0 49.0
377 20.0 84.0 4.0 93.0 27.0
378 69.0 98.0 14.0 202.0 58.0
379 41.0 31.0 16.0 40.0 59.0
380 7.0 91.0 9.0 188.0 33.0
381 49.0 42.0 10.0 43.0 40.0
382 20.0 6.0 14.0 352.0 76.0
383 17.0 76.0 5.0 67.0 55.0
384 66.0 20.0 17.0 99.0 72.0
385 47.0 24.0 4.0 379.0 29.0
386 4.0 73.0 12.0 309.0 96.0
387 18.0 75.0 12.0 43.0 67.0
388 35.0 11.0 12.0 118.0 47.0
389 49.0 3.0 12.0 273.0 98.0
390 58.0 62.0 19.0 149.0 99.0
391 65.0 97.0 9.0 18.0 69.0
392 12.0 54.0 12.0 101.0 24.0
393 94.0 70.0 6.0 308.0 95.0
394 58.0 33.0 10.0 366.0 57.0
395 8.0 34.0 9.0 48.0 39.0
396 24.0 67.0 13.0 241.0 31.0
397 31.0 72.0 16.0 167.0 57.0
398 95.0 81.0 13.0 222.0 17.0
399 28.0 26.0 18.0 182.0 20.0
400 98.0 15.0 10.0 349.0 19.0
401 67.0 28.0 9.0 299.0 40.0
402 18.0 78.0 7.0 248.0 43.0
403 32.0 61.0 18.0 160.0 42.0
404 57.0 41.0 16.0 140.0 60.0
405 32.0 22.0 15.0 145.0 28.0
406 11.0 31.0 15.0 283.0 40.0
407 82.0 69.0 18.0 162.0 86.0
408 37.0 30.0 6.0 40.0 60.0
409 21.0 26.0 16.0 266.0 23.0
410 62.0 95.0 10.0 274.0 71.0
411 28.0 84.0 19.0 218.0 88.0
412 24.0 61.0 17.0 143.0 51.0
413 84.0 86.0 10.0 86.0 60.0
414 69.0 31.0 9.0 327.0 80.0
415 40.0 56.0 11.0 114.0 28.0
416 46.0 1.0 5.0 147.0 69.0
417 68.0 54.0 7.0 111.0 52.0
418 97.0 47.0 16.0 17.0 74.0
419 87.0 49.0 5.0 163.0 32.0
420 12.0 33.0 5.0 73.0 20.0
421 95.0 32.0 12.0 237.0 89.0
422 21.0 89.0 6.0 55.0 93.0
423 47.0 35.0 8.0 390.0 67.0
424 25.0 52.0 6.0 204.0 44.0
425 52.0 47.0 19.0 208.0 65.0
426 49.0 49.0 8.0 305.0 37.0
427 47.0 3.0 5.0 255.0 15.0
428 36.0 22.0 8.0 257.0 26.0
429 89.0 11.0 12.0 363.0 75.0
430 9.0 79.0 9.0 377.0 31.0
431 62.0 15.0 14.0 274.0 85.0
432 37.0 31.0 8.0 37.0 23.0
433 50.0 97.0 4.0 51.0 86.0
434 72.0 93.0 17.0 381.0 53.0
435 23.0 51.0 5.0 160.0 59.0
436 59.0 91.0 14.0 208.0 44.0
437 26.0 49.0 18.0 242.0 25.0
438 87.0 83.0 16.0 238.0 35.0
439 66.0 73.0 14.0 154.0 19.0
440 26.0 10.0 14.0 91.0 55.0
441 22.0 42.0 4.0 252.0 43.0
442 42.0 24.0 8.0 100.0 53.0
443 69.0 2.0 12.0 293.0 20.0
444 16.0 80.0 18.0 355.0 27.0
445 87.0 78.0 6.0 36.0 37.0
446 54.0 43.0 17.0 308.0 23.0
447 54.0 57.0 12.0 249.0 41.0
448 29.0 49.0 13.0 83.0 80.0
449 51.0 41.0 11.0 175.0 28.0
450 76.0 73.0 15.0 140.0 80.0
451 40.0 22.0 4.0 32.0 76.0
452 92.0 33.0 13.0 154.0 17.0
453 14.0 60.0 7.0 63.0 56.0
454 53.0 10.0 6.0 158.0 47.0
455 33.0 40.0 18.0 42.0 43.0
456 90.0 92.0 5.0 86.0 51.0
457 21.0 35.0 15.0 220.0 37.0
458 39.0 4.0 4.0 57.0 91.0
459 49.0 15.0 19.0 237.0 32.0
460 33.0 56.0 4.0 93.0 43.0
461 90.0 55.0 14.0 45.0 54.0
462 97.0 86.0 15.0 310.0 81.0
463 23.0 44.0 16.0 89.0 19.0
464 49.0 69.0 12.0 291.0 17.0
465 83.0 69.0 8.0 262.0 48.0
466 36.0 13.0 11.0 287.0 73.0
467 19.0 20.0 16.0 139.0 97.0
468 82.0 61.0 7.0 359.0 74.0
469 90.0 28.0 8.0 43.0 23.0
470 38.0 58.0 7.0 386.0 71.0
471 62.0 4.0 11.0 362.0 32.0
472 82.0 59.0 14.0 316.0 18.0
473 45.0 49.0 18.0 61.0 49.0
474 89.0 67.0 19.0 133.0 74.0
475 1.0 98.0 11.0 369.0 31.0
476 54.0 19.0 11.0 260.0 30.0
477 64.0 7.0 12.0 93.0 26.0
478 59.0 52.0 17.0 98.0 45.0
479 31.0 69.0 16.0 148.0 45.0
480 68.0 96.0 9.0 261.0 66.0
481 78.0 77.0 6.0 84.0 15.0
482 49.0 78.0 13.0 396.0 54.0
483 98.0 6.0 7.0 60.0 96.0
484 69.0 38.0 14.0 26.0 35.0
485 36.0 29.0 6.0 161.0 94.0
486 47.0 57.0 17.0 161.0 80.0
487 54.0 54.0 13.0 380.0 27.0
488 75.0 19.0 18.0 50.0 19.0
489 59.0 44.0 9.0 155.0 15.0
490 38.0 33.0 4.0 162.0 83.0
491 78.0 10.0 13.0 154.0 16.0
492 37.0 20.0 16.0 294.0 31.0
493 14.0 27.0 17.0 147.0 37.0
494 50.0 56.0 16.0 142.0 69.0
495 80.0 82.0 11.0 395.0 98.0
496 66.0 4.0 11.0 44.0 72.0
497 35.0 12.0 8.0 382.0 48.0
498 0.0 88.0 14.0 309.0 32.0
499 65.0 20.0 17.0 194.0 93.0
1474
0 68
0 80
0 342
0 382
0 166
0 215
0 326
0 140
1 176
1 306
1 191
1 321
1 375
2 287
2 238
2 333
2 107
2 117
3 111
3 394
3 306
3 97
3 33
3 317
4 164
4 18
4 304
4 94
5 221
5 263
5 343
5 455
5 315
6 311
6 425
6 489
6 446
6 404
7 393
7 35
7 340
7 82
7 278
8 415
8 174
8 353
8 203
9 140
9 80
9 62
9 124
9 368
9 416
9 471
9 274
10 265
10 453
10 16
10 206
10 392
11 320
11 143
11 461
11 419
11 259
12 327
12 178
12 110
12 434
12 378
12 25
12 219
13 143
13 461
13 280
13 212
14 179
14 208
14 16
14 206
14 252
15 156
15 130
15 112
15 21
15 470
15 403
15 150
16 206
16 144
16 208
16 392
17 200
17 366
17 199
17 417
17 283
17 163
18 467
18 63
18 164
18 493
18 183
18 94
19 488
19 372
19 337
19 149
19 300
19 55
19 145
19 330
20 474
20 393
20 38
20 182
20 212
20 280
20 237
20 278
21 234
21 174
21 470
21 112
21 318
22 239
22 67
22 217
22 412
22 160
23 199
23 277
23 478
23 311
24 401
24 414
24 85
24 55
24 145
25 378
25 219
25 193
25 480
26 405
26 64
26 399
26 254
26 467
26 214
27 149
27 85
27 147
27 300
27 335
28 274
28 231
28 122
28 29
28 65
28 351
29 218
29 65
29 231
30 334
30 250
30 491
30 488
30 372
30 145
31 332
31 218
31 400
31 131
31 483
31 429
32 57
32 184
32 103
32 196
32 411
32 53
33 288
33 317
33 401
33 97
34 138
34 466
34 369
34 289
34 374
34 232
34 269
35 340
35 286
35 393
35 445
36 480
36 193
36 410
36 436
36 391
36 329
36 308
36 123
36 233
37 373
37 114
37 130
37 464
37 107
37 333
37 482
38 358
38 182
38 82
38 278
39 490
39 379
39 292
39 54
39 211
39 101
39 121
40 422
40 84
40 53
40 293
40 284
41 137
41 294
41 87
42 165
42 308
42 439
42 481
42 450
42 123
42 181
43 192
43 120
43 429
43 400
43 245
43 337
43 198
44 452
44 300
44 241
44 291
44 185
44 320
45 161
45 369
45 466
45 497
45 361
45 173
45 388
46 146
46 173
46 215
46 325
46 90
47 54
47 211
47 423
47 220
47 126
47 176
47 385
47 356
48 347
48 76
48 171
48 89
48 240
48 141
49 426
49 268
49 425
49 201
49 478
49 311
50 209
50 323
50 277
50 489
50 404
51 188
51 75
51 167
51 222
51 66
51 197
52 303
52 448
52 261
52 460
52 353
53 293
53 57
53 411
53 422
53 136
54 211
54 379
54 356
55 85
55 149
55 145
56 84
56 83
56 293
56 74
56 66
56 284
57 194
57 184
57 74
57 293
58 117
58 112
58 115
58 234
58 246
58 318
59 105
59 213
59 134
59 118
59 190
59 316
59 456
60 267
60 273
60 229
60 153
61 452
61 421
61 352
61 99
61 91
62 389
62 204
62 124
62 368
63 467
63 304
63 94
63 214
64 405
64 399
64 343
64 338
64 226
65 218
65 429
65 491
65 357
65 351
66 83
66 74
66 222
66 197
66 79
67 435
67 202
67 265
67 239
67 424
67 186
67 160
68 80
68 125
68 342
69 134
69 462
69 118
69 370
70 497
70 466
70 138
70 90
70 388
71 395
71 264
71 362
71 282
71 346
71 420
72 487
72 268
72 494
72 115
72 246
72 447
72 81
73 251
73 475
73 498
73 380
73 223
74 194
74 293
74 197
75 188
75 106
75 436
75 222
75 267
75 153
75 433
75 336
76 125
76 80
76 347
77 387
77 359
77 217
77 350
77 92
78 279
78 456
78 177
78 398
78 370
78 266
78 438
79 83
79 229
79 222
79 433
79 336
80 125
80 140
81 478
81 127
81 487
81 447
82 358
82 340
82 278
83 84
83 253
83 229
84 253
84 422
84 354
84 363
84 284
85 414
85 484
85 149
85 147
86 290
86 165
86 308
86 329
86 287
86 187
86 104
87 294
87 137
87 310
87 349
87 346
87 282
88 150
88 339
88 479
88 169
88 396
88 92
89 171
89 347
89 164
89 264
90 325
90 458
90 173
90 138
90 129
90 388
91 469
91 330
91 99
91 352
92 217
92 396
92 169
92 359
93 224
93 299
93 364
93 283
93 331
93 360
94 304
95 116
95 186
95 392
95 281
95 248
95 230
96 243
96 276
96 376
96 272
96 444
96 270
96 430
97 256
97 306
97 401
98 275
98 460
98 403
98 339
98 150
99 452
99 300
99 330
100 357
100 122
100 250
100 295
101 292
101 119
101 155
101 162
101 121
102 113
102 135
102 445
102 481
102 495
103 114
103 184
103 196
103 170
103 156
104 187
104 106
104 329
105 213
105 178
105 190
106 436
106 188
106 329
106 187
107 464
107 333
107 117
108 334
108 250
108 189
108 496
108 477
109 249
109 139
109 240
109 386
109 371
110 178
110 367
110 434
110 345
110 279
111 394
111 306
111 176
112 130
112 464
112 117
112 318
113 407
113 135
113 258
113 481
113 450
114 373
114 184
114 130
114 156
115 234
115 486
115 494
115 246
116 186
116 310
116 282
116 235
116 230
117 464
117 390
117 238
117 246
118 134
118 456
118 370
119 221
119 303
119 159
119 155
119 455
119 292
120 337
120 372
120 429
120 192
121 162
121 211
121 381
122 274
122 319
122 189
122 250
122 351
122 357
123 495
123 132
123 308
123 481
123 233
124 244
124 285
124 204
124 454
124 477
124 471
125 342
125 348
125 347
126 128
126 394
126 176
126 449
126 220
127 390
127 324
127 199
127 478
127 246
127 447
128 323
128 394
128 449
128 404
129 458
129 157
129 312
129 138
130 464
130 156
131 400
131 148
131 483
132 233
132 345
132 279
132 413
132 495
133 302
133 182
133 143
133 212
134 462
134 316
134 213
134 358
135 465
135 407
135 237
135 393
135 474
135 445
136 152
136 411
136 422
136 377
136 270
137 205
137 294
137 202
137 310
137 235
138 466
138 312
138 374
139 249
139 498
139 371
140 325
140 458
140 326
140 157
140 416
141 144
141 208
141 240
141 210
141 171
141 248
142 225
142 151
142 277
142 417
142 331
142 163
143 461
143 302
143 320
143 418
143 212
144 208
144 392
144 281
144 248
145 488
145 384
145 355
145 401
145 334
146 173
146 215
146 440
146 361
147 484
147 172
147 301
147 335
148 400
148 245
148 421
148 296
148 291
148 314
148 483
148 242
148 313
149 300
150 156
150 170
150 339
150 479
150 403
151 484
151 172
151 225
151 209
151 277
151 323
152 411
152 196
152 359
152 402
152 376
152 377
153 267
153 229
153 433
154 472
154 305
154 257
154 175
154 331
154 360
155 159
155 473
155 426
155 381
155 162
156 170
157 458
157 312
157 416
157 427
158 290
158 238
158 439
158 390
158 200
158 195
159 303
159 353
159 473
159 203
160 339
160 412
160 275
160 424
161 405
161 369
161 297
161 214
161 361
162 381
163 331
163 283
163 417
164 304
164 347
164 493
164 264
165 308
165 439
165 290
166 382
166 341
166 215
166 440
167 188
167 373
167 197
168 271
168 486
168 234
168 174
168 203
169 359
169 196
169 479
169 397
170 196
170 479
170 397
171 264
171 210
171 362
172 216
172 419
172 484
172 259
172 225
172 301
173 361
173 388
174 234
174 415
174 470
174 203
175 331
175 216
175 305
176 394
176 306
176 191
176 385
177 445
177 398
177 438
178 213
178 327
178 190
178 367
179 386
179 208
179 252
179 350
179 365
179 430
180 236
180 253
180 363
180 228
180 380
180 223
181 224
181 258
181 450
181 439
181 255
182 358
182 302
182 212
183 493
183 322
183 227
183 409
183 467
184 373
184 194
184 197
185 291
185 320
185 242
186 202
186 265
186 392
186 235
187 482
187 333
187 188
187 287
188 482
188 373
189 250
189 496
189 319
189 443
190 367
190 456
191 321
191 476
191 247
191 385
192 337
193 434
193 233
193 219
193 480
194 197
195 439
195 344
195 366
195 200
196 359
196 411
196 397
197 373
198 352
198 421
198 245
198 337
198 469
199 277
199 417
199 324
199 200
199 478
200 390
200 324
200 366
201 268
201 487
201 478
202 435
202 260
202 463
202 205
202 235
203 353
203 473
203 271
203 426
204 389
204 454
204 312
205 294
205 441
205 463
206 239
206 453
206 217
206 252
207 355
207 334
207 244
207 431
207 499
207 384
208 240
208 386
209 323
209 277
210 248
210 362
210 230
211 381
211 220
211 423
212 280
213 316
213 358
214 304
214 341
214 297
214 467
214 405
215 326
215 325
215 440
216 419
216 305
216 225
216 331
217 239
217 412
217 252
217 350
217 396
218 332
218 231
218 429
219 434
220 381
220 449
220 423
221 298
221 263
221 441
221 260
221 448
221 303
221 463
221 455
222 336
223 475
223 380
223 236
224 299
224 258
224 364
224 366
224 344
224 255
225 331
226 405
226 338
226 428
227 409
227 307
227 457
227 322
227 349
228 328
228 309
228 380
228 363
229 253
229 273
229 327
229 236
229 433
230 282
230 362
230 248
231 332
231 274
232 374
232 459
232 269
232 385
233 434
233 345
234 486
234 318
235 310
236 327
236 253
237 465
237 280
237 461
237 474
237 468
238 290
238 390
238 287
239 453
239 265
240 386
240 249
241 300
241 320
241 259
241 335
242 418
242 313
242 291
242 320
243 328
243 309
243 276
243 354
243 422
243 270
244 431
244 285
244 334
244 477
245 421
245 400
246 390
246 447
247 476
247 285
247 454
247 459
247 385
248 281
249 498
250 334
250 491
250 295
251 475
251 498
252 350
253 363
254 467
254 409
254 399
255 344
255 439
256 401
256 499
256 375
256 306
257 407
257 299
257 468
257 472
257 360
258 407
258 299
258 450
259 419
259 320
259 301
259 335
260 435
260 448
260 437
260 463
261 275
261 460
261 424
261 448
262 323
262 484
262 317
263 298
263 409
263 399
263 343
264 493
264 406
264 395
264 362
265 453
265 392
266 462
266 398
266 370
267 436
267 273
268 426
268 487
268 494
269 451
269 289
269 385
269 442
269 356
270 422
270 272
270 377
271 494
271 426
271 486
272 376
272 377
273 436
273 327
273 410
274 319
274 496
274 443
274 471
275 460
275 424
275 339
276 328
276 498
276 371
276 430
277 417
277 311
277 489
278 393
279 456
279 367
279 345
279 413
279 438
280 461
281 392
282 362
282 346
282 310
283 366
283 364
283 331
284 293
285 476
285 431
285 454
286 462
286 398
286 340
286 445
287 290
287 333
288 317
288 484
288 414
288 401
289 369
289 492
289 451
290 439
291 452
291 296
292 490
292 455
292 315
294 457
294 441
294 349
295 491
295 357
296 452
296 421
297 440
297 341
297 361
298 409
298 307
298 457
298 441
299 407
299 360
300 452
300 330
300 335
301 335
302 313
302 418
303 448
303 353
304 341
304 348
304 347
305 461
305 419
305 472
306 375
307 409
307 457
308 329
309 328
309 354
309 363
311 478
311 425
311 489
312 454
312 374
312 459
312 389
312 427
313 418
314 332
314 483
315 343
315 432
315 490
315 455
317 394
317 323
317 484
319 443
320 418
321 375
321 476
322 493
322 406
322 349
322 420
323 394
323 484
323 404
324 390
325 326
325 458
327 378
327 410
327 391
328 498
328 380
329 436
330 337
330 469
331 360
332 483
333 482
334 355
334 477
336 433
337 372
337 469
338 343
338 485
338 442
338 451
338 428
339 412
339 396
340 462
340 358
341 348
341 382
341 440
342 348
342 382
343 399
343 432
343 485
344 439
344 366
345 434
346 349
346 420
347 348
348 382
349 457
349 420
350 365
350 387
350 383
351 357
352 421
352 469
353 415
353 460
354 422
354 363
355 384
356 408
356 485
356 442
356 379
356 385
357 491
358 462
359 402
359 387
361 440
364 366
365 383
365 444
365 430
367 456
368 389
368 416
368 427
369 405
369 466
369 492
369 428
370 456
370 462
371 498
371 386
371 430
372 488
372 429
372 491
373 482
374 459
375 431
375 476
375 499
376 402
376 444
376 377
378 391
378 480
379 432
379 490
379 408
380 498
381 425
381 426
381 446
381 449
383 387
383 402
383 444
384 401
384 499
385 459
386 430
387 402
388 497
389 427
391 410
391 480
393 474
393 445
395 406
395 420
396 412
397 479
398 462
398 445
399 409
400 429
401 499
401 414
402 444
403 470
403 460
404 449
404 446
404 489
405 428
406 493
406 420
407 465
407 468
408 432
408 485
409 467
410 436
413 495
413 438
414 484
415 460
415 470
416 427
419 461
421 452
424 448
424 435
424 437
425 426
425 446
426 494
426 473
428 492
428 451
429 491
430 444
431 476
431 499
432 490
432 485
435 437
437 448
438 445
438 495
441 457
441 463
442 451
442 485
443 496
445 495
446 449
450 481
451 492
454 459
460 470
461 472
461 468
465 468
466 497
468 472
471 477
471 496
477 496
478 487
481 495
486 494
10 0.5 0.5 0.5
