600
0 69.0 97.0 5.0 351.0 66.0
1 88.0 45.0 5.0 46.0 69.0
2 81.0 33.0 10.0 123.0 33.0
3 46.0 33.0 15.0 345.0 18.0
4 100.0 99.0 12.0 273.0 29.0
5 12.0 59.0 17.0 199.0 66.0
6 12.0 86.0 17.0 329.0 83.0
7 72.0 14.0 11.0 365.0 74.0
8 85.0 69.0 11.0 283.0 93.0
9 30.0 37.0 16.0 140.0 59.0
10 4.0 43.0 14.0 113.0 27.0
11 74.0 24.0 14.0 349.0 30.0
12 19.0 66.0 13.0 311.0 17.0
13 20.0 26.0 16.0 28.0 64.0
14 57.0 73.0 5.0 201.0 32.0
15 46.0 44.0 19.0 339.0 77.0
16 26.0 32.0 18.0 208.0 76.0
17 30.0 51.0 4.0 352.0 87.0
18 19.0 77.0 19.0 94.0 80.0
19 41.0 77.0 16.0 219.0 58.0
20 62.0 76.0 6.0 31.0 50.0
21 99.0 90.0 9.0 260.0 82.0
22 87.0 51.0 5.0 249.0 94.0
23 20.0 60.0 4.0 226.0 46.0
24 98.0 9.0 9.0 116.0 70.0
25 17.0 42.0 19.0 303.0 80.0
26 86.0 11.0 14.0 42.0 91.0
27 23.0 18.0 11.0 23.0 33.0
28 52.0 21.0 18.0 128.0 89.0
29 66.0 97.0 15.0 174.0 45.0
30 27.0 85.0 13.0 371.0 80.0
31 38.0 7.0 9.0 291.0 86.0
32 50.0 55.0 5.0 20.0 54.0
33 54.0 90.0 7.0 123.0 40.0
34 93.0 24.0 5.0 131.0 89.0
35 53.0 10.0 15.0 130.0 28.0
36 99.0 0.0 17.0 254.0 17.0
37 76.0 78.0 18.0 218.0 17.0
38 31.0 85.0 16.0 155.0 79.0
39 50.0 3.0 9.0 263.0 38.0
40 98.0 83.0 8.0 21.0 29.0
41 0.0 65.0 6.0 228.0 64.0
42 73.0 73.0 18.0 242.0 94.0
43 69.0 18.0 10.0 292.0 54.0
44 33.0 36.0 19.0 244.0 59.0
45 73.0 75.0 4.0 305.0 38.0
46 33.0 73.0 7.0 170.0 90.0
47 21.0 22.0 6.0 363.0 30.0
48 87.0 53.0 14.0 297.0 55.0
49 24.0 21.0 19.0 103.0 25.0
50 71.0 5.0 13.0 149.0 94.0
51 72.0 25.0 18.0 28.0 34.0
52 56.0 72.0 15.0 286.0 50.0
53 65.0 92.0 6.0 383.0 62.0
54 78.0 96.0 14.0 171.0 22.0
55 76.0 70.0 16.0 371.0 51.0
56 98.0 99.0 10.0 273.0 28.0
57 14.0 10.0 10.0 113.0 65.0
58 23.0 82.0 4.0 360.0 83.0
59 26.0 11.0 9.0 129.0 62.0
60 13.0 24.0 10.0 29.0 37.0
61 94.0 43.0 19.0 30.0 94.0
62 26.0 94.0 14.0 163.0 75.0
63 25.0 39.0 19.0 305.0 16.0
64 68.0 96.0 15.0 257.0 67.0
65 16.0 22.0 17.0 373.0 42.0
66 68.0 36.0 15.0 113.0 59.0
67 25.0 81.0 15.0 120.0 27.0
68 4.0 60.0 15.0 152.0 67.0
69 78.0 91.0 10.0 81.0 89.0
70 38.0 65.0 10.0 98.0 95.0
71 19.0 26.0 16.0 242.0 83.0
72 8.0 57.0 5.0 283.0 93.0
73 16.0 97.0 18.0 34.0 29.0
74 73.0 35.0 15.0 221.0 51.0
75 3.0 78.0 16.0 330.0 95.0
76 13.0 5.0 11.0 150.0 52.0
77 48.0 64.0 15.0 101.0 52.0
78 75.0 94.0 4.0 58.0 94.0
79 92.0 74.0 5.0 173.0 68.0
80 66.0 45.0 11.0 394.0 46.0
81 23.0 72.0 12.0 226.0 23.0
82 21.0 73.0 8.0 196.0 42.0
83 70.0 14.0 12.0 298.0 63.0
84 95.0 75.0 14.0 292.0 94.0
85 52.0 3.0 13.0 220.0 97.0
86 50.0 26.0 5.0 166.0 36.0
87 63.0 50.0 5.0 28.0 50.0
88 55.0 44.0 19.0 299.0 53.0
89 43.0 72.0 10.0 386.0 69.0
90 29.0 3.0 17.0 315.0 27.0
91 28.0 49.0 6.0 182.0 45.0
92 24.0 73.0 9.0 314.0 55.0
93 2.0 53.0 6.0 146.0 33.0
94 59.0 19.0 10.0 277.0 68.0
95 34.0 94.0 4.0 193.0 77.0
96 100.0 0.0 11.0 266.0 78.0
97 15.0 93.0 13.0 116.0 91.0
98 44.0 27.0 14.0 337.0 98.0
99 55.0 21.0 14.0 268.0 18.0
100 29.0 28.0 6.0 223.0 89.0
101 84.0 17.0 14.0 311.0 49.0
102 1.0 6.0 10.0 202.0 27.0
103 81.0 83.0 10.0 180.0 95.0
104 100.0 41.0 16.0 75.0 60.0
105 47.0 80.0 12.0 393.0 26.0
106 53.0 48.0 19.0 134.0 19.0
107 81.0 18.0 11.0 125.0 94.0
108 11.0 92.0 16.0 152.0 83.0
109 86.0 83.0 10.0 237.0 28.0
110 34.0 97.0 17.0 380.0 28.0
111 56.0 39.0 18.0 185.0 24.0
112 29.0 87.0 8.0 17.0 93.0
113 6.0 2.0 15.0 146.0 16.0
114 18.0 57.0 9.0 287.0 90.0
115 38.0 12.0 6.0 315.0 33.0
116 95.0 74.0 8.0 338.0 30.0
117 93.0 18.0 14.0 219.0 88.0
118 63.0 57.0 7.0 187.0 17.0
119 67.0 35.0 15.0 143.0 31.0
120 74.0 2.0 11.0 135.0 88.0
121 53.0 23.0 9.0 388.0 79.0
122 30.0 3.0 13.0 253.0 71.0
123 46.0 51.0 14.0 57.0 94.0
124 25.0 48.0 9.0 141.0 20.0
125 25.0 34.0 17.0 44.0 65.0
126 75.0 48.0 19.0 15.0 87.0
127 39.0 23.0 17.0 319.0 34.0
128 67.0 89.0 7.0 106.0 45.0
129 50.0 43.0 15.0 49.0 95.0
130 64.0 33.0 10.0 366.0 57.0
131 36.0 84.0 17.0 223.0 70.0
132 46.0 93.0 4.0 374.0 87.0
133 93.0 80.0 4.0 152.0 95.0
134 70.0 40.0 12.0 113.0 29.0
135 94.0 93.0 5.0 185.0 67.0
136 15.0 37.0 11.0 394.0 34.0
137 36.0 77.0 10.0 301.0 97.0
138 45.0 87.0 7.0 274.0 44.0
139 93.0 53.0 12.0 323.0 89.0
140 47.0 56.0 6.0 113.0 43.0
141 98.0 90.0 9.0 110.0 62.0
142 90.0 70.0 4.0 35.0 72.0
143 88.0 21.0 14.0 69.0 88.0
144 60.0 31.0 6.0 85.0 71.0
145 19.0 100.0 15.0 69.0 67.0
146 62.0 37.0 7.0 102.0 44.0
147 76.0 19.0 11.0 159.0 74.0
148 61.0 94.0 13.0 227.0 62.0
149 13.0 30.0 16.0 96.0 62.0
150 39.0 58.0 17.0 218.0 58.0
151 47.0 42.0 15.0 148.0 85.0
152 77.0 11.0 8.0 91.0 95.0
153 96.0 81.0 4.0 286.0 36.0
154 4.0 5.0 7.0 368.0 35.0
155 77.0 32.0 9.0 234.0 45.0
156 20.0 23.0 14.0 68.0 80.0
157 47.0 63.0 18.0 99.0 93.0
158 83.0 88.0 18.0 351.0 37.0
159 23.0 19.0 8.0 161.0 17.0
160 82.0 60.0 13.0 28.0 29.0
161 78.0 46.0 6.0 220.0 23.0
162 67.0 90.0 14.0 165.0 34.0
163 7.0 59.0 16.0 367.0 22.0
164 83.0 93.0 13.0 159.0 96.0
165 82.0 36.0 18.0 92.0 63.0
166 20.0 29.0 12.0 114.0 72.0
167 49.0 13.0 13.0 275.0 86.0
168 80.0 15.0 14.0 47.0 90.0
169 72.0 11.0 17.0 39.0 47.0
170 85.0 56.0 13.0 32.0 70.0
171 22.0 100.0 13.0 195.0 24.0
172 46.0 6.0 4.0 245.0 56.0
173 63.0 76.0 7.0 105.0 24.0
174 52.0 17.0 13.0 139.0 47.0
175 57.0 83.0 14.0 203.0 63.0
176 90.0 9.0 4.0 177.0 51.0
177 83.0 100.0 18.0 260.0 18.0
178 14.0 85.0 9.0 346.0 99.0
179 57.0 85.0 17.0 70.0 31.0
180 68.0 72.0 17.0 202.0 87.0
181 34.0 98.0 6.0 54.0 32.0
182 0.0 8.0 11.0 159.0 70.0
183 81.0 98.0 4.0 244.0 60.0
184 67.0 27.0 12.0 109.0 32.0
185 85.0 85.0 17.0 339.0 71.0
186 70.0 87.0 6.0 32.0 84.0
187 42.0 88.0 13.0 185.0 56.0
188 63.0 88.0 18.0 211.0 41.0
189 36.0 50.0 17.0 332.0 36.0
190 24.0 51.0 19.0 27.0 85.0
191 43.0 43.0 14.0 105.0 62.0
192 82.0 76.0 9.0 34.0 23.0
193 60.0 41.0 8.0 58.0 41.0
194 71.0 20.0 5.0 332.0 87.0
195 12.0 35.0 8.0 354.0 66.0
196 87.0 6.0 4.0 171.0 35.0
197 1.0 47.0 18.0 181.0 99.0
198 47.0 35.0 18.0 172.0 39.0
199 67.0 96.0 19.0 270.0 40.0
200 2.0 52.0 18.0 244.0 71.0
201 84.0 23.0 6.0 189.0 86.0
202 65.0 76.0 18.0 332.0 15.0
203 97.0 14.0 8.0 281.0 21.0
204 11.0 87.0 12.0 357.0 77.0
205 79.0 38.0 16.0 18.0 75.0
206 3.0 4.0 11.0 271.0 43.0
207 89.0 35.0 13.0 129.0 90.0
208 65.0 35.0 17.0 270.0 29.0
209 33.0 22.0 9.0 229.0 85.0
210 63.0 13.0 13.0 375.0 31.0
211 79.0 44.0 9.0 349.0 78.0
212 10.0 30.0 10.0 301.0 28.0
213 78.0 61.0 17.0 177.0 78.0
214 57.0 46.0 4.0 24.0 20.0
215 1.0 99.0 9.0 376.0 65.0
216 93.0 33.0 8.0 160.0 47.0
217 32.0 93.0 18.0 308.0 77.0
218 87.0 70.0 7.0 45.0 35.0
219 39.0 67.0 12.0 125.0 50.0
220 62.0 67.0 19.0 372.0 38.0
221 10.0 25.0 4.0 87.0 88.0
222 87.0 69.0 12.0 338.0 84.0
223 66.0 15.0 13.0 261.0 62.0
224 7.0 43.0 11.0 142.0 57.0
225 3.0 22.0 6.0 285.0 73.0
226 95.0 0.0 11.0 21.0 90.0
227 27.0 49.0 9.0 207.0 41.0
228 51.0 56.0 12.0 40.0 92.0
229 10.0 23.0 12.0 261.0 79.0
230 40.0 28.0 10.0 73.0 94.0
231 30.0 16.0 12.0 377.0 23.0
232 91.0 63.0 17.0 397.0 69.0
233 61.0 53.0 17.0 83.0 86.0
234 50.0 25.0 14.0 246.0 21.0
235 82.0 52.0 13.0 248.0 34.0
236 68.0 80.0 6.0 256.0 89.0
237 10.0 93.0 9.0 271.0 52.0
238 98.0 66.0 10.0 337.0 48.0
239 12.0 3.0 6.0 171.0 80.0
240 50.0 93.0 19.0 135.0 96.0
241 59.0 91.0 17.0 338.0 42.0
242 40.0 35.0 18.0 22.0 76.0
243 1.0 96.0 18.0 167.0 81.0
244 87.0 30.0 6.0 261.0 73.0
245 41.0 30.0 12.0 266.0 77.0
246 18.0 18.0 10.0 338.0 22.0
247 21.0 91.0 8.0 217.0 80.0
248 93.0 51.0 16.0 298.0 73.0
249 76.0 9.0 12.0 398.0 44.0
250 42.0 3.0 4.0 122.0 71.0
251 98.0 40.0 11.0 287.0 38.0
252 45.0 65.0 17.0 151.0 52.0
253 60.0 6.0 6.0 87.0 97.0
254 71.0 72.0 19.0 253.0 75.0
255 69.0 23.0 8.0 358.0 18.0
256 30.0 65.0 16.0 360.0 53.0
257 29.0 67.0 15.0 322.0 50.0
258 22.0 6.0 19.0 353.0 18.0
259 67.0 32.0 10.0 278.0 53.0
260 49.0 35.0 4.0 387.0 35.0
261 70.0 92.0 14.0 249.0 22.0
262 80.0 73.0 12.0 361.0 39.0
263 24.0 78.0 10.0 214.0 78.0
264 48.0 4.0 10.0 164.0 72.0
265 15.0 52.0 6.0 186.0 46.0
266 78.0 84.0 12.0 355.0 80.0
267 79.0 0.0 14.0 201.0 97.0
268 16.0 13.0 9.0 172.0 68.0
269 99.0 11.0 8.0 333.0 66.0
270 74.0 72.0 4.0 182.0 99.0
271 49.0 86.0 12.0 383.0 90.0
272 42.0 41.0 6.0 228.0 74.0
273 13.0 1.0 4.0 356.0 48.0
274 23.0 90.0 8.0 110.0 68.0
275 25.0 53.0 6.0 36.0 63.0
276 50.0 52.0 19.0 151.0 93.0
277 68.0 6.0 5.0 208.0 88.0
278 0.0 36.0 17.0 256.0 51.0
279 47.0 90.0 13.0 37.0 62.0
280 0.0 16.0 11.0 348.0 27.0
281 6.0 41.0 6.0 226.0 29.0
282 7.0 5.0 19.0 174.0 23.0
283 30.0 75.0 11.0 370.0 31.0
284 85.0 33.0 10.0 174.0 74.0
285 19.0 98.0 7.0 284.0 41.0
286 43.0 74.0 18.0 314.0 68.0
287 45.0 63.0 18.0 268.0 35.0
288 56.0 58.0 11.0 189.0 16.0
289 30.0 91.0 7.0 129.0 89.0
290 30.0 15.0 4.0 86.0 27.0
291 41.0 91.0 16.0 49.0 27.0
292 25.0 98.0 7.0 359.0 47.0
293 3.0 35.0 7.0 218.0 69.0
294 14.0 4.0 16.0 82.0 23.0
295 56.0 88.0 12.0 250.0 21.0
296 100.0 8.0 10.0 100.0 36.0
297 20.0 17.0 8.0 214.0 63.0
298 40.0 94.0 10.0 188.0 87.0
299 93.0 10.0 7.0 270.0 53.0
300 11.0 52.0 15.0 167.0 53.0
301 57.0 80.0 12.0 329.0 85.0
302 35.0 95.0 5.0 334.0 88.0
303 35.0 8.0 17.0 154.0 69.0
304 72.0 41.0 19.0 213.0 61.0
305 67.0 86.0 7.0 181.0 66.0
306 82.0 61.0 14.0 114.0 88.0
307 11.0 35.0 6.0 317.0 92.0
308 52.0 9.0 11.0 123.0 21.0
309 16.0 9.0 14.0 283.0 23.0
310 93.0 40.0 14.0 376.0 29.0
311 33.0 43.0 17.0 235.0 19.0
312 24.0 63.0 7.0 348.0 48.0
313 15.0 100.0 13.0 285.0 34.0
314 72.0 81.0 8.0 366.0 77.0
315 94.0 16.0 10.0 376.0 83.0
316 40.0 5.0 16.0 85.0 47.0
317 63.0 74.0 14.0 29.0 31.0
318 41.0 21.0 7.0 357.0 89.0
319 11.0 34.0 10.0 296.0 67.0
320 19.0 82.0 16.0 352.0 60.0
321 89.0 63.0 16.0 169.0 36.0
322 63.0 34.0 16.0 262.0 16.0
323 67.0 98.0 9.0 38.0 20.0
324 86.0 20.0 19.0 376.0 19.0
325 46.0 36.0 10.0 323.0 61.0
326 38.0 25.0 18.0 46.0 32.0
327 37.0 83.0 10.0 242.0 24.0
328 91.0 72.0 13.0 261.0 88.0
329 85.0 8.0 13.0 331.0 55.0
330 22.0 91.0 16.0 330.0 31.0
331 98.0 49.0 5.0 333.0 41.0
332 99.0 5.0 11.0 241.0 29.0
333 64.0 11.0 19.0 60.0 95.0
334 54.0 1.0 18.0 173.0 50.0
335 11.0 6.0 16.0 162.0 57.0
336 69.0 20.0 6.0 292.0 31.0
337 51.0 84.0 14.0 284.0 92.0
338 90.0 17.0 14.0 207.0 59.0
339 51.0 62.0 10.0 225.0 79.0
340 74.0 62.0 12.0 296.0 34.0
341 15.0 73.0 17.0 282.0 33.0
342 48.0 66.0 19.0 39.0 96.0
343 40.0 44.0 10.0 170.0 48.0
344 58.0 30.0 17.0 377.0 72.0
345 78.0 48.0 16.0 196.0 22.0
346 9.0 64.0 16.0 194.0 60.0
347 91.0 20.0 13.0 65.0 98.0
348 68.0 43.0 16.0 185.0 78.0
349 7.0 14.0 6.0 279.0 94.0
350 90.0 71.0 18.0 21.0 27.0
351 85.0 46.0 6.0 180.0 96.0
352 33.0 66.0 6.0 181.0 28.0
353 18.0 80.0 14.0 159.0 86.0
354 70.0 96.0 17.0 169.0 25.0
355 35.0 41.0 7.0 387.0 30.0
356 35.0 32.0 10.0 326.0 41.0
357 61.0 79.0 13.0 70.0 42.0
358 33.0 6.0 12.0 268.0 36.0
359 83.0 84.0 11.0 377.0 66.0
360 98.0 46.0 4.0 253.0 81.0
361 80.0 31.0 14.0 363.0 54.0
362 64.0 21.0 17.0 311.0 43.0
363 34.0 90.0 9.0 86.0 21.0
364 94.0 69.0 12.0 393.0 39.0
365 79.0 61.0 17.0 58.0 98.0
366 2.0 15.0 7.0 29.0 71.0
367 86.0 80.0 18.0 139.0 52.0
368 36.0 51.0 10.0 356.0 50.0
369 58.0 21.0 14.0 205.0 22.0
370 45.0 29.0 11.0 323.0 82.0
371 44.0 26.0 13.0 247.0 63.0
372 37.0 45.0 17.0 236.0 67.0
373 18.0 92.0 9.0 151.0 15.0
374 60.0 9.0 16.0 304.0 62.0
375 95.0 84.0 17.0 194.0 57.0
376 91.0 66.0 17.0 352.0 86.0
377 70.0 73.0 15.0 63.0 36.0
378 65.0 27.0 8.0 111.0 74.0
379 77.0 7.0 7.0 242.0 35.0
380 51.0 61.0 15.0 54.0 67.0
381 83.0 50.0 6.0 202.0 33.0
382 84.0 52.0 7.0 54.0 47.0
383 91.0 56.0 10.0 175.0 96.0
384 50.0 5.0 4.0 84.0 85.0
385 10.0 29.0 18.0 112.0 77.0
386 2.0 78.0 7.0 208.0 86.0
387 54.0 53.0 16.0 169.0 61.0
388 74.0 76.0 8.0 321.0 74.0
389 41.0 54.0 4.0 217.0 29.0
390 53.0 75.0 15.0 144.0 31.0
391 91.0 64.0 9.0 36.0 55.0
392 9.0 53.0 11.0 390.0 27.0
393 27.0 15.0 17.0 329.0 34.0
394 95.0 44.0 4.0 144.0 16.0
395 37.0 66.0 4.0 128.0 16.0
396 58.0 51.0 8.0 370.0 19.0
397 35.0 80.0 18.0 52.0 29.0
398 41.0 100.0 14.0 364.0 30.0
399 14.0 35.0 10.0 317.0 92.0
400 68.0 23.0 11.0 259.0 64.0
401 80.0 75.0 9.0 270.0 32.0
402 73.0 72.0 15.0 173.0 51.0
403 27.0 36.0 12.0 49.0 66.0
404 78.0 79.0 7.0 398.0 86.0
405 90.0 99.0 8.0 361.0 68.0
406 96.0 1.0 16.0 354.0 23.0
407 60.0 65.0 6.0 18.0 66.0
408 92.0 65.0 10.0 173.0 15.0
409 40.0 58.0 17.0 226.0 69.0
410 37.0 49.0 19.0 220.0 99.0
411 40.0 10.0 10.0 23.0 38.0
412 87.0 20.0 8.0 112.0 15.0
413 54.0 64.0 15.0 362.0 31.0
414 12.0 88.0 16.0 311.0 17.0
415 88.0 83.0 12.0 16.0 40.0
416 35.0 55.0 15.0 168.0 70.0
417 54.0 73.0 16.0 198.0 78.0
418 25.0 13.0 10.0 369.0 67.0
419 34.0 85.0 17.0 56.0 86.0
420 12.0 30.0 15.0 395.0 91.0
421 85.0 40.0 19.0 190.0 94.0
422 18.0 4.0 19.0 135.0 52.0
423 64.0 25.0 12.0 17.0 59.0
424 88.0 39.0 16.0 318.0 49.0
425 30.0 82.0 15.0 199.0 36.0
426 54.0 25.0 9.0 37.0 43.0
427 56.0 29.0 7.0 190.0 44.0
428 53.0 52.0 7.0 243.0 75.0
429 68.0 50.0 9.0 65.0 20.0
430 60.0 100.0 14.0 307.0 41.0
431 54.0 65.0 9.0 359.0 59.0
432 20.0 40.0 6.0 328.0 76.0
433 17.0 84.0 5.0 112.0 66.0
434 73.0 82.0 5.0 348.0 71.0
435 32.0 56.0 10.0 290.0 47.0
436 19.0 22.0 15.0 146.0 66.0
437 28.0 89.0 5.0 123.0 91.0
438 55.0 74.0 10.0 241.0 40.0
439 25.0 0.0 4.0 83.0 65.0
440 19.0 40.0 8.0 189.0 16.0
441 84.0 45.0 5.0 264.0 25.0
442 78.0 1.0 8.0 380.0 74.0
443 1.0 91.0 10.0 128.0 20.0
444 16.0 8.0 14.0 154.0 75.0
445 8.0 16.0 13.0 106.0 84.0
446 6.0 84.0 10.0 135.0 81.0
447 5.0 65.0 9.0 304.0 64.0
448 26.0 78.0 6.0 139.0 44.0
449 49.0 14.0 9.0 241.0 50.0
450 100.0 29.0 5.0 259.0 80.0
451 15.0 99.0 6.0 25.0 88.0
452 10.0 21.0 14.0 342.0 87.0
453 68.0 71.0 16.0 100.0 73.0
454 46.0 92.0 17.0 331.0 63.0
455 71.0 6.0 19.0 385.0 68.0
456 4.0 57.0 12.0 194.0 91.0
457 1.0 36.0 6.0 320.0 49.0
458 82.0 68.0 19.0 124.0 43.0
459 82.0 24.0 5.0 149.0 26.0
460 65.0 90.0 5.0 398.0 54.0
461 45.0 8.0 5.0 348.0 97.0
462 52.0 41.0 14.0 27.0 29.0
463 77.0 27.0 8.0 329.0 85.0
464 23.0 22.0 10.0 232.0 48.0
465 74.0 26.0 4.0 123.0 32.0
466 76.0 13.0 7.0 228.0 70.0
467 58.0 8.0 7.0 33.0 30.0
468 10.0 14.0 14.0 395.0 96.0
469 34.0 6.0 15.0 298.0 31.0
470 76.0 1.0 17.0 163.0 76.0
471 1.0 83.0 18.0 261.0 23.0
472 45.0 9.0 5.0 155.0 34.0
473 30.0 18.0 10.0 398.0 89.0
474 53.0 43.0 11.0 275.0 89.0
475 39.0 39.0 6.0 384.0 62.0
476 30.0 38.0 11.0 190.0 33.0
477 6.0 4.0 13.0 47.0 36.0
478 54.0 71.0 18.0 293.0 90.0
479 2.0 27.0 14.0 273.0 53.0
480 36.0 9.0 7.0 111.0 45.0
481 85.0 72.0 16.0 265.0 67.0
482 27.0 39.0 13.0 367.0 92.0
483 8.0 42.0 11.0 54.0 60.0
484 8.0 5.0 13.0 351.0 76.0
485 24.0 64.0 19.0 262.0 19.0
486 34.0 55.0 11.0 304.0 50.0
487 64.0 90.0 11.0 191.0 23.0
488 40.0 42.0 10.0 368.0 62.0
489 67.0 65.0 16.0 16.0 57.0
490 30.0 54.0 12.0 389.0 21.0
491 64.0 77.0 18.0 168.0 68.0
492 58.0 96.0 5.0 357.0 32.0
493 27.0 20.0 10.0 36.0 46.0
494 85.0 13.0 9.0 314.0 98.0
495 73.0 25.0 18.0 355.0 36.0
496 57.0 95.0 14.0 42.0 32.0
497 28.0 14.0 10.0 62.0 23.0
498 93.0 16.0 8.0 115.0 30.0
499 32.0 34.0 8.0 94.0 37.0
500 82.0 82.0 5.0 43.0 88.0
501 30.0 87.0 18.0 105.0 39.0
502 3.0 89.0 7.0 120.0 87.0
503 92.0 55.0 18.0 24.0 29.0
504 70.0 64.0 4.0 75.0 71.0
505 90.0 83.0 15.0 225.0 63.0
506 8.0 70.0 5.0 372.0 96.0
507 20.0 32.0 12.0 138.0 58.0
508 85.0 32.0 16.0 262.0 60.0
509 88.0 85.0 19.0 57.0 53.0
510 96.0 5.0 13.0 186.0 15.0
511 63.0 59.0 11.0 75.0 85.0
512 15.0 77.0 15.0 202.0 97.0
513 75.0 52.0 5.0 376.0 83.0
514 84.0 61.0 6.0 259.0 54.0
515 13.0 77.0 13.0 204.0 56.0
516 81.0 10.0 7.0 173.0 61.0
517 37.0 23.0 15.0 147.0 22.0
518 13.0 55.0 7.0 22.0 15.0
519 21.0 18.0 4.0 127.0 53.0
520 92.0 35.0 11.0 97.0 81.0
521 20.0 71.0 8.0 164.0 63.0
522 85.0 53.0 8.0 116.0 57.0
523 86.0 4.0 17.0 43.0 24.0
524 95.0 100.0 16.0 53.0 26.0
525 69.0 40.0 19.0 134.0 94.0
526 2.0 37.0 14.0 22.0 32.0
527 48.0 51.0 10.0 77.0 38.0
528 55.0 40.0 7.0 394.0 49.0
529 25.0 31.0 5.0 142.0 96.0
530 26.0 42.0 6.0 352.0 31.0
531 14.0 54.0 4.0 293.0 51.0
532 29.0 34.0 19.0 280.0 62.0
533 98.0 11.0 5.0 259.0 37.0
534 31.0 33.0 15.0 370.0 39.0
535 10.0 72.0 4.0 148.0 74.0
536 43.0 67.0 9.0 201.0 66.0
537 7.0 20.0 16.0 383.0 48.0
538 85.0 74.0 11.0 194.0 80.0
539 46.0 87.0 9.0 57.0 96.0
540 34.0 93.0 19.0 213.0 75.0
541 19.0 9.0 12.0 47.0 58.0
542 23.0 68.0 11.0 119.0 35.0
543 82.0 41.0 13.0 389.0 97.0
544 0.0 28.0 7.0 262.0 37.0
545 8.0 65.0 18.0 125.0 49.0
546 16.0 12.0 9.0 222.0 72.0
547 3.0 82.0 15.0 45.0 77.0
548 100.0 43.0 7.0 112.0 17.0
549 78.0 4.0 15.0 360.0 83.0
550 3.0 38.0 8.0 392.0 98.0
551 42.0 38.0 8.0 372.0 87.0
552 49.0 9.0 16.0 175.0 17.0
553 49.0 55.0 15.0 291.0 20.0
554 28.0 61.0 11.0 310.0 21.0
555 8.0 81.0 11.0 91.0 82.0
556 7.0 13.0 4.0 173.0 86.0
557 86.0 18.0 8.0 196.0 20.0
558 46.0 38.0 8.0 172.0 28.0
559 49.0 67.0 17.0 203.0 15.0
560 58.0 80.0 4.0 160.0 26.0
561 84.0 47.0 13.0 98.0 68.0
562 90.0 40.0 19.0 220.0 86.0
563 88.0 41.0 18.0 93.0 85.0
564 6.0 9.0 6.0 352.0 69.0
565 100.0 27.0 16.0 306.0 67.0
566 38.0 82.0 8.0 247.0 97.0
567 1.0 54.0 7.0 150.0 59.0
568 3.0 97.0 4.0 384.0 79.0
569 20.0 48.0 5.0 197.0 89.0
570 44.0 4.0 8.0 152.0 97.0
571 2.0 85.0 11.0 171.0 44.0
572 100.0 36.0 15.0 156.0 78.0
573 22.0 10.0 18.0 61.0 74.0
574 50.0 54.0 8.0 371.0 32.0
575 55.0 72.0 12.0 53.0 99.0
576 81.0 32.0 19.0 154.0 64.0
577 40.0 69.0 14.0 69.0 74.0
578 68.0 91.0 8.0 40.0 96.0
579 48.0 2.0 19.0 82.0 88.0
580 39.0 38.0 13.0 237.0 83.0
581 49.0 84.0 9.0 97.0 23.0
582 56.0 16.0 15.0 179.0 73.0
583 51.0 41.0 12.0 246.0 54.0
584 12.0 9.0 18.0 236.0 44.0
585 30.0 88.0 7.0 312.0 80.0
586 5.0 0.0 8.0 367.0 84.0
587 13.0 78.0 10.0 334.0 89.0
588 29.0 37.0 4.0 95.0 99.0
589 81.0 66.0 8.0 18.0 95.0
590 33.0 40.0 5.0 257.0 81.0
591 56.0 14.0 8.0 239.0 33.0
592 62.0 75.0 19.0 106.0 54.0
593 32.0 73.0 12.0 382.0 28.0
594 81.0 20.0 13.0 105.0 35.0
595 66.0 94.0 11.0 198.0 60.0
596 48.0 25.0 6.0 58.0 80.0
597 67.0 87.0 18.0 288.0 22.0
598 94.0 31.0 7.0 306.0 92.0
599 26.0 96.0 12.0 101.0 86.0
1770
0 177
0 183
0 323
0 64
0 54
0 354
1 248
1 394
1 562
1 563
1 22
1 61
1 351
1 441
2 165
2 205
2 155
2 284
2 361
2 576
2 508
3 86
3 260
3 245
3 242
3 325
3 198
3 370
4 548
4 21
4 56
4 524
5 163
5 346
5 72
5 518
5 12
5 114
5 23
6 446
6 555
6 178
6 414
6 204
7 466
7 169
7 83
7 147
7 194
7 43
8 481
8 458
8 589
8 514
8 321
8 222
8 218
9 588
9 532
9 476
9 44
9 499
10 224
10 197
10 278
10 281
10 550
10 526
11 194
11 147
11 51
11 465
11 463
11 594
11 459
11 495
12 346
12 23
12 542
12 485
12 312
12 521
12 341
12 535
13 71
13 156
13 464
13 166
13 529
13 100
14 220
14 52
14 317
14 592
14 20
14 438
14 560
15 527
15 129
15 151
15 123
15 191
16 529
16 100
16 532
16 125
16 534
17 227
17 275
17 91
17 311
17 490
17 486
17 189
17 368
18 512
18 341
18 82
18 263
18 353
19 137
19 577
19 286
19 566
19 105
20 592
20 173
20 491
20 357
20 560
21 548
21 238
21 56
21 141
21 40
22 522
22 48
22 248
22 561
22 381
22 351
22 382
22 139
23 114
23 275
23 554
23 312
24 332
24 510
24 296
24 269
24 533
24 299
25 136
25 483
25 265
25 569
25 432
25 300
25 440
26 338
26 176
26 329
26 516
26 494
27 418
27 297
27 519
27 393
27 493
27 159
28 449
28 318
28 121
28 99
28 174
28 234
28 596
29 148
29 430
29 323
29 595
29 199
30 274
30 58
30 67
30 437
30 112
30 38
30 425
31 411
31 316
31 480
31 303
31 469
32 553
32 228
32 574
33 496
33 240
33 337
33 271
33 295
33 279
33 241
34 598
34 565
34 143
34 347
34 117
34 244
35 591
35 467
35 308
35 167
35 174
36 332
36 96
36 226
36 406
37 314
37 434
37 404
37 388
37 401
38 419
38 501
38 112
38 425
39 579
39 334
39 264
39 85
39 384
40 238
40 141
40 375
40 153
40 84
41 471
41 386
41 443
41 215
41 243
41 506
41 447
41 68
41 567
41 278
42 270
42 402
42 254
42 377
42 45
42 388
43 223
43 83
43 362
43 336
43 194
44 242
44 580
44 356
44 355
44 590
44 476
44 499
45 236
45 377
45 314
45 388
46 593
46 283
46 352
46 137
46 577
46 395
47 519
47 436
47 156
47 464
47 159
48 503
48 139
48 383
48 522
48 170
49 493
49 100
49 464
49 159
50 379
50 120
50 277
50 455
51 184
51 259
51 465
51 194
51 495
51 255
52 220
52 407
52 431
52 478
52 575
52 438
53 595
53 148
53 487
53 578
53 162
53 460
54 164
54 183
54 69
54 354
54 78
55 589
55 340
55 504
55 402
55 270
55 458
55 262
56 524
56 135
56 141
57 546
57 309
57 444
57 584
57 468
57 268
58 274
58 67
58 263
58 353
58 320
59 258
59 573
59 358
59 90
59 418
59 497
60 229
60 221
60 420
60 71
60 65
60 149
60 452
61 310
61 251
61 394
61 562
62 217
62 289
62 274
62 330
62 599
62 437
63 432
63 125
63 530
63 482
63 403
64 261
64 595
64 199
64 323
64 354
65 436
65 246
65 71
65 452
66 525
66 208
66 74
66 259
66 134
66 119
67 263
67 448
67 425
68 567
68 447
68 163
68 456
69 158
69 164
69 261
69 186
69 266
69 78
70 150
70 409
70 352
70 219
70 536
70 395
70 287
71 436
71 156
71 166
71 149
72 163
72 518
72 392
72 456
73 97
73 237
73 373
73 285
73 451
74 155
74 205
74 304
74 465
74 259
74 134
75 506
75 386
75 535
75 555
75 547
76 335
76 584
76 444
76 294
76 239
77 339
77 559
77 342
77 252
77 157
78 261
78 354
79 133
79 84
79 116
79 328
79 367
79 538
80 214
80 87
80 429
80 193
80 348
81 521
81 542
81 82
81 92
82 341
82 521
82 263
82 92
83 333
83 223
83 169
84 153
84 133
84 116
84 238
85 334
85 467
85 384
85 308
86 427
86 426
86 260
86 370
86 234
86 596
87 214
87 396
87 233
87 118
87 429
88 193
88 214
88 106
88 474
88 528
89 577
89 536
89 286
89 559
89 390
90 358
90 258
90 439
90 122
91 311
91 227
91 530
91 124
92 257
92 283
92 448
92 542
92 263
93 200
93 567
93 456
93 392
94 223
94 210
94 362
94 582
94 369
94 99
95 110
95 302
95 217
95 540
96 332
96 296
97 237
97 108
97 373
97 414
98 245
98 230
98 371
98 370
98 596
99 582
99 369
99 121
99 426
99 174
100 209
100 493
100 326
100 356
100 529
100 464
100 534
101 557
101 494
101 168
101 107
101 594
101 324
102 182
102 564
102 154
102 206
102 586
103 158
103 359
103 500
103 404
103 266
104 548
104 251
104 572
105 138
105 581
105 337
105 390
105 566
105 286
106 474
106 129
106 276
106 428
106 527
106 214
106 396
107 168
107 147
107 594
108 237
108 414
108 204
109 185
109 509
109 359
109 500
109 367
109 415
110 302
110 181
110 217
110 599
111 144
111 344
111 146
111 427
111 260
111 193
111 528
112 585
112 501
112 437
113 273
113 586
113 239
113 484
113 477
113 206
114 518
114 190
114 275
114 569
114 265
114 531
115 480
115 290
115 411
115 231
115 517
115 209
115 318
115 449
116 364
116 238
116 328
117 498
117 338
117 347
117 315
117 565
117 203
118 233
118 288
118 511
118 429
118 340
118 504
119 208
119 259
120 379
120 277
120 334
120 470
120 549
121 426
121 234
122 469
122 358
122 250
122 316
122 439
123 343
123 191
123 410
123 389
123 527
123 553
123 140
124 190
124 569
124 227
124 530
125 432
125 403
125 532
125 529
125 507
126 513
126 345
126 161
126 429
126 304
126 348
127 517
127 326
127 318
127 230
127 371
128 578
128 186
128 597
128 162
128 460
129 474
129 527
129 151
129 583
130 378
130 259
130 208
130 322
130 144
131 187
131 327
131 363
131 419
131 397
132 398
132 240
132 298
132 291
132 454
133 375
133 153
133 367
133 505
134 348
134 304
134 525
135 524
135 141
135 375
135 509
135 164
135 405
136 483
136 440
136 307
136 507
136 399
136 195
137 283
137 577
137 566
137 397
138 279
138 539
138 581
138 187
138 566
139 331
139 238
139 503
139 248
140 389
140 553
140 409
140 228
140 380
140 157
140 287
141 375
142 364
142 328
142 376
142 222
142 350
142 218
143 347
143 324
143 201
143 244
143 412
144 344
144 146
144 423
144 378
144 322
145 285
145 171
145 451
145 313
146 193
146 322
146 348
146 208
146 525
147 194
147 594
147 168
147 466
148 492
148 430
148 496
148 595
148 241
148 487
149 507
149 166
149 420
149 319
149 399
150 389
150 409
150 352
150 416
150 435
151 272
151 191
151 558
151 583
152 379
152 516
152 249
152 168
152 466
152 169
153 375
154 564
154 206
154 477
154 282
155 205
155 465
155 463
155 361
156 436
156 464
157 380
157 339
157 252
157 287
158 185
158 509
158 164
158 359
158 266
159 519
159 464
159 493
160 306
160 365
160 514
160 235
160 170
161 345
161 304
161 211
161 561
162 578
162 460
163 447
163 346
163 456
164 177
164 183
164 509
164 405
165 543
165 205
165 421
165 284
165 424
166 529
166 507
167 552
167 472
167 449
167 308
167 174
168 494
168 516
168 466
169 333
169 277
169 455
169 249
169 466
170 383
170 522
170 514
170 321
170 235
171 181
171 398
171 285
171 292
172 570
172 264
172 461
172 552
172 384
173 317
173 592
173 491
173 202
174 591
174 582
174 449
175 179
175 188
175 357
175 337
175 301
175 560
176 196
176 510
176 299
176 338
176 329
176 498
177 183
177 405
177 524
177 323
177 430
178 433
178 373
178 414
178 587
178 555
179 337
179 295
179 188
179 241
180 317
180 453
180 202
180 377
180 254
181 398
181 302
181 292
181 599
182 564
182 366
182 280
184 378
184 259
184 423
184 400
184 255
185 509
185 359
186 314
186 434
186 261
186 578
186 305
186 266
186 597
187 327
187 363
187 291
187 454
187 279
187 566
188 487
188 241
188 357
188 305
188 597
188 460
189 372
189 311
189 410
189 368
190 569
190 227
190 275
191 488
191 343
191 272
192 500
192 367
192 404
192 401
192 538
192 262
193 214
193 348
193 528
194 336
194 255
195 319
195 307
195 399
196 510
196 226
196 523
196 329
197 224
197 392
197 567
197 200
197 278
198 260
198 325
198 558
199 595
199 323
200 567
200 392
201 594
201 459
201 324
201 244
202 317
202 491
202 377
202 236
203 565
203 269
203 533
203 299
203 315
204 446
204 414
204 502
204 237
205 304
205 211
205 543
206 586
206 477
207 562
207 520
207 216
207 244
207 284
207 424
208 322
208 259
208 525
209 493
209 326
209 473
209 517
209 231
210 223
210 333
210 582
210 374
210 591
211 304
211 543
211 561
211 441
212 479
212 385
212 293
212 420
212 319
213 589
213 365
213 340
213 513
213 235
214 396
215 243
215 313
215 568
216 520
216 572
216 598
216 244
217 540
217 363
217 289
217 599
218 350
218 481
218 222
219 577
219 536
219 395
220 407
220 489
220 453
220 317
221 479
221 385
221 229
221 225
221 420
222 376
222 321
223 362
223 333
224 392
224 300
224 483
224 281
225 280
225 544
225 479
225 366
225 229
225 537
226 510
226 523
226 267
226 406
227 275
228 387
228 288
228 380
228 553
228 574
229 537
229 452
230 326
230 356
230 245
230 371
231 290
231 393
231 473
232 503
232 238
232 408
232 383
232 321
232 391
233 396
233 288
234 426
234 596
235 513
235 345
235 365
235 522
235 381
235 382
236 377
236 314
236 305
236 357
236 491
237 568
237 502
237 451
238 548
238 331
238 364
238 503
238 408
239 335
239 294
239 273
239 484
240 398
240 430
240 492
240 496
240 454
240 279
241 496
241 295
241 487
242 245
242 356
242 580
242 551
242 325
243 443
243 568
244 598
244 459
244 284
244 508
244 361
245 356
245 370
246 436
246 519
246 297
246 452
246 468
246 268
247 373
247 285
247 330
247 274
247 433
248 331
248 394
249 455
249 379
250 570
250 316
250 579
250 439
251 548
251 572
251 520
251 310
251 394
252 342
252 536
252 287
253 277
253 334
253 333
253 467
253 374
254 504
254 453
254 402
254 377
255 400
255 336
256 554
256 352
256 257
256 485
257 352
257 485
257 542
257 593
257 283
258 422
258 439
258 573
258 541
259 378
259 465
260 427
260 528
260 462
260 558
260 583
261 578
261 595
261 354
262 270
262 458
262 481
262 538
262 401
262 388
263 448
263 353
264 579
264 570
264 384
265 569
265 300
265 531
266 434
266 404
267 334
267 439
267 523
267 470
267 442
267 549
268 468
268 297
268 546
268 573
268 541
269 565
269 296
269 533
270 402
270 388
271 581
271 539
271 337
271 279
272 475
272 488
272 551
272 558
273 439
273 586
273 422
273 294
274 330
274 433
274 437
274 320
275 554
275 490
276 428
276 527
276 574
277 334
277 333
277 455
278 293
278 544
278 526
278 457
278 567
279 539
279 454
280 544
280 366
281 550
281 307
281 483
282 564
282 484
282 477
283 593
283 448
283 425
283 397
284 508
284 424
285 292
285 373
285 330
285 599
285 451
286 390
286 577
287 409
287 536
288 413
288 407
288 511
288 396
288 387
288 380
289 363
289 585
289 437
290 480
290 303
290 497
290 393
291 298
291 454
291 363
292 599
293 544
293 526
293 550
293 479
293 457
293 307
293 319
294 422
294 444
295 337
296 332
296 565
297 418
297 573
297 519
298 398
298 302
298 363
298 540
299 510
299 533
299 498
299 315
300 483
300 392
300 518
300 531
301 390
301 337
301 438
301 560
302 398
302 540
303 469
303 358
303 480
303 497
304 348
305 357
305 314
305 597
306 589
306 365
306 514
307 483
307 550
307 319
308 384
308 467
308 552
309 546
309 444
309 541
310 520
310 562
311 372
311 355
311 590
311 530
311 476
312 485
312 554
313 568
313 451
314 434
314 388
315 498
316 570
316 469
316 461
316 411
317 453
317 592
318 517
318 449
318 371
318 596
319 420
319 399
320 353
320 433
321 383
321 376
321 391
321 514
323 430
324 594
324 557
324 412
325 551
325 558
326 356
326 517
327 566
327 397
328 364
328 350
328 538
329 516
329 523
329 549
330 599
331 548
331 360
331 394
332 510
332 406
333 374
334 439
334 579
334 470
334 467
335 564
335 584
335 484
336 362
336 400
337 581
337 390
338 494
338 557
338 498
338 347
338 412
339 380
339 413
339 431
339 559
340 589
340 429
340 513
340 504
341 535
341 515
341 521
341 512
342 536
342 559
343 488
343 372
343 410
344 423
344 427
344 369
345 513
345 561
345 381
346 447
346 545
346 506
346 535
347 412
348 429
348 525
349 366
349 556
349 445
349 468
350 538
350 481
351 561
351 441
352 554
352 593
352 435
352 395
353 512
353 433
353 587
355 475
355 580
355 488
355 372
355 590
356 534
356 499
357 491
357 560
358 469
358 497
359 500
360 548
360 394
361 576
361 508
361 459
361 463
362 369
362 423
362 400
363 540
363 585
363 419
364 408
364 376
365 589
366 556
366 564
366 537
366 445
367 505
367 500
367 415
367 538
368 416
368 389
368 410
368 486
369 423
369 427
369 426
370 596
371 596
372 488
372 410
373 433
373 414
374 467
374 591
375 509
375 505
376 408
376 391
378 423
379 549
379 516
379 455
380 413
381 561
381 382
382 522
383 503
384 552
385 479
385 420
386 471
386 506
386 547
387 396
387 428
387 574
388 401
389 409
389 410
389 416
390 478
390 559
390 417
390 438
391 408
392 518
392 456
393 418
393 497
393 493
393 473
394 548
395 577
396 428
397 425
397 566
397 419
398 430
399 507
400 423
401 404
402 504
403 532
403 482
403 588
404 434
404 500
405 524
406 510
407 413
407 489
407 511
407 431
411 480
411 461
411 472
411 449
412 557
413 431
415 505
415 509
416 435
416 486
417 478
417 575
417 438
418 573
418 497
419 501
419 425
419 585
421 543
421 563
421 424
421 441
422 439
422 444
422 541
424 562
424 563
425 448
426 427
428 574
429 513
430 492
431 478
431 559
432 530
432 569
432 440
432 507
433 587
435 490
435 486
435 554
436 519
437 585
438 575
438 560
439 586
439 579
440 507
441 561
441 543
441 563
442 470
442 549
443 471
443 571
443 502
443 568
444 584
444 541
445 537
445 468
445 452
446 571
446 502
446 547
446 555
447 506
447 545
449 472
450 598
450 565
450 572
451 568
452 537
452 468
453 489
453 504
456 567
457 526
458 589
458 481
459 594
459 463
460 487
460 597
461 570
461 472
461 552
462 528
462 474
462 583
463 465
465 495
467 591
468 556
468 584
470 549
471 571
471 547
472 552
473 493
474 528
474 583
475 580
475 488
475 551
476 590
476 588
476 482
476 530
477 484
478 575
478 559
479 544
481 538
482 530
482 588
484 564
485 554
485 542
486 490
489 511
489 504
490 554
492 496
494 557
494 516
499 534
499 532
501 585
502 571
502 568
504 511
505 509
506 545
506 535
507 529
508 576
512 515
512 587
514 589
515 535
515 555
515 587
516 549
518 531
520 572
520 562
521 542
523 549
526 550
527 553
527 574
530 569
532 534
532 588
535 555
536 577
536 559
539 581
541 546
541 573
547 555
547 571
551 580
551 558
553 574
555 587
556 564
556 584
558 583
562 563
564 584
565 598
570 579
572 598
578 595
582 591
10 0.5 0.5 0.5
