600
0 85.0 55.0 18.0 270.0 63.0
1 35.0 60.0 11.0 373.0 50.0
2 70.0 35.0 6.0 251.0 69.0
3 0.0 47.0 11.0 166.0 97.0
4 3.0 12.0 9.0 366.0 49.0
5 53.0 6.0 6.0 302.0 34.0
6 66.0 21.0 16.0 97.0 53.0
7 85.0 42.0 9.0 392.0 56.0
8 95.0 0.0 6.0 294.0 77.0
9 95.0 11.0 19.0 93.0 48.0
10 40.0 73.0 5.0 264.0 51.0
11 85.0 100.0 8.0 154.0 95.0
12 51.0 19.0 9.0 264.0 56.0
13 16.0 23.0 19.0 50.0 47.0
14 21.0 47.0 7.0 181.0 30.0
15 85.0 47.0 7.0 130.0 65.0
16 28.0 64.0 14.0 264.0 47.0
17 62.0 15.0 13.0 212.0 61.0
18 82.0 65.0 16.0 349.0 41.0
19 95.0 63.0 11.0 161.0 23.0
20 86.0 14.0 10.0 191.0 41.0
21 53.0 65.0 11.0 154.0 78.0
22 18.0 76.0 8.0 198.0 36.0
23 23.0 96.0 10.0 335.0 78.0
24 90.0 10.0 19.0 149.0 62.0
25 52.0 62.0 7.0 35.0 88.0
26 86.0 44.0 5.0 272.0 25.0
27 18.0 70.0 8.0 276.0 86.0
28 94.0 38.0 11.0 255.0 41.0
29 28.0 36.0 17.0 312.0 17.0
30 67.0 65.0 17.0 39.0 40.0
31 14.0 77.0 8.0 375.0 61.0
32 0.0 98.0 9.0 363.0 74.0
33 3.0 88.0 8.0 148.0 41.0
34 82.0 39.0 8.0 16.0 76.0
35 1.0 15.0 6.0 360.0 95.0
36 39.0 21.0 4.0 280.0 92.0
37 94.0 32.0 8.0 88.0 22.0
38 72.0 30.0 7.0 301.0 44.0
39 49.0 9.0 17.0 270.0 42.0
40 75.0 29.0 6.0 196.0 21.0
41 72.0 80.0 5.0 91.0 67.0
42 60.0 44.0 5.0 48.0 22.0
43 21.0 66.0 15.0 96.0 80.0
44 19.0 2.0 7.0 327.0 79.0
45 36.0 90.0 6.0 223.0 97.0
46 79.0 62.0 11.0 277.0 42.0
47 32.0 97.0 9.0 197.0 44.0
48 42.0 75.0 14.0 373.0 25.0
49 87.0 82.0 19.0 80.0 50.0
50 53.0 91.0 13.0 291.0 84.0
51 30.0 81.0 4.0 299.0 31.0
52 37.0 7.0 13.0 80.0 58.0
53 38.0 8.0 16.0 287.0 16.0
54 1.0 41.0 15.0 28.0 54.0
55 68.0 74.0 16.0 329.0 96.0
56 35.0 55.0 15.0 76.0 41.0
57 80.0 11.0 11.0 356.0 87.0
58 92.0 39.0 8.0 299.0 30.0
59 35.0 93.0 10.0 314.0 84.0
60 35.0 5.0 11.0 371.0 99.0
61 18.0 75.0 15.0 284.0 65.0
62 31.0 81.0 7.0 366.0 95.0
63 12.0 94.0 14.0 31.0 96.0
64 23.0 86.0 15.0 213.0 51.0
65 86.0 30.0 7.0 131.0 60.0
66 52.0 99.0 9.0 394.0 36.0
67 55.0 75.0 9.0 301.0 29.0
68 95.0 94.0 19.0 355.0 30.0
69 18.0 80.0 8.0 334.0 16.0
70 55.0 18.0 15.0 116.0 80.0
71 73.0 24.0 12.0 392.0 47.0
72 15.0 70.0 16.0 36.0 66.0
73 43.0 89.0 19.0 268.0 89.0
74 21.0 60.0 6.0 233.0 43.0
75 40.0 30.0 11.0 263.0 53.0
76 39.0 64.0 5.0 206.0 80.0
77 85.0 19.0 7.0 64.0 85.0
78 93.0 93.0 15.0 143.0 62.0
79 9.0 13.0 13.0 381.0 88.0
80 1.0 100.0 15.0 345.0 77.0
81 8.0 41.0 10.0 131.0 81.0
82 24.0 80.0 12.0 156.0 40.0
83 91.0 9.0 18.0 43.0 75.0
84 63.0 17.0 15.0 21.0 79.0
85 63.0 38.0 5.0 113.0 62.0
86 34.0 43.0 13.0 355.0 16.0
87 26.0 98.0 18.0 215.0 95.0
88 18.0 12.0 12.0 212.0 42.0
89 71.0 4.0 4.0 51.0 16.0
90 61.0 97.0 18.0 69.0 73.0
91 45.0 55.0 12.0 363.0 99.0
92 51.0 52.0 7.0 107.0 15.0
93 91.0 56.0 9.0 229.0 80.0
94 2.0 43.0 13.0 312.0 97.0
95 36.0 70.0 14.0 16.0 29.0
96 6.0 31.0 11.0 249.0 23.0
97 15.0 44.0 4.0 78.0 86.0
98 22.0 95.0 17.0 74.0 60.0
99 60.0 80.0 5.0 172.0 66.0
100 81.0 15.0 12.0 345.0 74.0
101 37.0 77.0 15.0 110.0 15.0
102 71.0 73.0 19.0 348.0 93.0
103 88.0 77.0 4.0 177.0 92.0
104 98.0 68.0 15.0 294.0 80.0
105 27.0 86.0 7.0 283.0 76.0
106 55.0 78.0 10.0 367.0 41.0
107 70.0 18.0 15.0 345.0 21.0
108 43.0 32.0 5.0 34.0 21.0
109 57.0 94.0 11.0 369.0 44.0
110 4.0 28.0 16.0 200.0 52.0
111 53.0 22.0 18.0 393.0 47.0
112 49.0 46.0 18.0 139.0 29.0
113 56.0 90.0 15.0 80.0 22.0
114 13.0 86.0 9.0 348.0 53.0
115 64.0 23.0 9.0 340.0 55.0
116 73.0 71.0 19.0 199.0 32.0
117 98.0 33.0 18.0 74.0 20.0
118 42.0 31.0 12.0 183.0 42.0
119 26.0 20.0 13.0 281.0 74.0
120 60.0 25.0 16.0 182.0 57.0
121 22.0 35.0 19.0 131.0 50.0
122 42.0 85.0 18.0 346.0 67.0
123 63.0 40.0 7.0 379.0 55.0
124 47.0 15.0 7.0 190.0 29.0
125 91.0 49.0 9.0 348.0 66.0
126 41.0 96.0 11.0 222.0 15.0
127 50.0 97.0 5.0 28.0 92.0
128 4.0 7.0 10.0 16.0 26.0
129 25.0 34.0 12.0 242.0 37.0
130 10.0 63.0 7.0 55.0 60.0
131 72.0 50.0 10.0 276.0 46.0
132 11.0 41.0 8.0 210.0 77.0
133 83.0 64.0 9.0 35.0 78.0
134 18.0 67.0 14.0 279.0 64.0
135 90.0 9.0 19.0 50.0 50.0
136 94.0 62.0 7.0 122.0 32.0
137 6.0 89.0 14.0 130.0 20.0
138 45.0 94.0 16.0 344.0 74.0
139 63.0 44.0 16.0 220.0 92.0
140 28.0 96.0 11.0 199.0 40.0
141 91.0 46.0 16.0 288.0 54.0
142 93.0 7.0 5.0 111.0 87.0
143 92.0 16.0 6.0 114.0 99.0
144 48.0 56.0 8.0 237.0 25.0
145 7.0 96.0 12.0 260.0 76.0
146 67.0 54.0 19.0 351.0 84.0
147 87.0 90.0 12.0 170.0 59.0
148 91.0 87.0 8.0 106.0 96.0
149 33.0 30.0 13.0 51.0 17.0
150 16.0 100.0 6.0 146.0 91.0
151 44.0 86.0 13.0 140.0 69.0
152 92.0 6.0 5.0 194.0 60.0
153 15.0 93.0 5.0 144.0 49.0
154 52.0 89.0 15.0 319.0 24.0
155 70.0 57.0 7.0 30.0 64.0
156 10.0 90.0 14.0 236.0 90.0
157 60.0 82.0 11.0 143.0 63.0
158 6.0 46.0 12.0 222.0 94.0
159 53.0 63.0 5.0 40.0 86.0
160 48.0 57.0 4.0 166.0 75.0
161 96.0 68.0 10.0 299.0 73.0
162 33.0 100.0 16.0 290.0 88.0
163 92.0 96.0 16.0 380.0 78.0
164 100.0 43.0 7.0 199.0 63.0
165 32.0 34.0 12.0 396.0 70.0
166 34.0 14.0 4.0 266.0 27.0
167 29.0 65.0 9.0 150.0 50.0
168 8.0 64.0 13.0 48.0 66.0
169 33.0 90.0 10.0 347.0 68.0
170 45.0 85.0 13.0 202.0 52.0
171 13.0 63.0 15.0 358.0 92.0
172 42.0 51.0 15.0 345.0 39.0
173 57.0 56.0 13.0 325.0 47.0
174 97.0 56.0 6.0 78.0 69.0
175 72.0 55.0 5.0 399.0 19.0
176 71.0 32.0 16.0 372.0 28.0
177 64.0 65.0 19.0 190.0 79.0
178 6.0 60.0 8.0 293.0 78.0
179 37.0 76.0 13.0 273.0 21.0
180 9.0 10.0 8.0 78.0 71.0
181 66.0 62.0 11.0 49.0 83.0
182 80.0 67.0 6.0 204.0 32.0
183 38.0 28.0 18.0 306.0 94.0
184 8.0 51.0 8.0 271.0 63.0
185 49.0 33.0 6.0 292.0 63.0
186 49.0 5.0 9.0 125.0 37.0
187 99.0 38.0 14.0 285.0 93.0
188 34.0 33.0 4.0 50.0 65.0
189 48.0 36.0 15.0 116.0 25.0
190 95.0 30.0 6.0 192.0 98.0
191 91.0 100.0 9.0 118.0 30.0
192 81.0 68.0 5.0 60.0 94.0
193 42.0 43.0 9.0 297.0 73.0
194 63.0 19.0 9.0 241.0 82.0
195 43.0 29.0 6.0 43.0 58.0
196 14.0 54.0 4.0 183.0 89.0
197 0.0 33.0 6.0 279.0 89.0
198 34.0 76.0 5.0 87.0 38.0
199 21.0 19.0 12.0 266.0 23.0
200 83.0 46.0 18.0 282.0 57.0
201 64.0 80.0 16.0 376.0 70.0
202 14.0 61.0 17.0 84.0 47.0
203 3.0 95.0 15.0 259.0 52.0
204 6.0 42.0 17.0 298.0 33.0
205 45.0 95.0 13.0 44.0 60.0
206 79.0 99.0 9.0 219.0 19.0
207 73.0 75.0 13.0 50.0 80.0
208 11.0 59.0 14.0 241.0 63.0
209 27.0 4.0 19.0 44.0 19.0
210 31.0 12.0 16.0 341.0 26.0
211 26.0 95.0 18.0 159.0 40.0
212 60.0 68.0 19.0 72.0 22.0
213 49.0 8.0 13.0 249.0 86.0
214 6.0 43.0 17.0 264.0 73.0
215 56.0 46.0 10.0 347.0 88.0
216 46.0 49.0 5.0 389.0 27.0
217 29.0 44.0 16.0 225.0 98.0
218 72.0 69.0 10.0 48.0 43.0
219 36.0 89.0 4.0 339.0 53.0
220 17.0 43.0 17.0 185.0 58.0
221 5.0 14.0 19.0 22.0 24.0
222 79.0 50.0 9.0 164.0 88.0
223 88.0 0.0 7.0 50.0 33.0
224 37.0 93.0 12.0 362.0 59.0
225 65.0 44.0 15.0 250.0 27.0
226 29.0 68.0 17.0 392.0 59.0
227 84.0 8.0 13.0 361.0 53.0
228 35.0 62.0 10.0 136.0 82.0
229 53.0 87.0 8.0 108.0 79.0
230 88.0 15.0 14.0 142.0 34.0
231 32.0 7.0 18.0 392.0 23.0
232 93.0 60.0 17.0 123.0 96.0
233 25.0 12.0 9.0 151.0 80.0
234 62.0 80.0 4.0 66.0 43.0
235 91.0 55.0 15.0 239.0 75.0
236 41.0 27.0 13.0 186.0 72.0
237 27.0 20.0 11.0 285.0 44.0
238 61.0 90.0 4.0 192.0 24.0
239 77.0 42.0 9.0 180.0 35.0
240 54.0 6.0 9.0 60.0 31.0
241 77.0 16.0 10.0 374.0 45.0
242 80.0 97.0 16.0 115.0 53.0
243 29.0 26.0 10.0 100.0 53.0
244 56.0 20.0 19.0 121.0 44.0
245 72.0 47.0 11.0 160.0 31.0
246 40.0 66.0 14.0 100.0 61.0
247 90.0 86.0 6.0 318.0 40.0
248 35.0 20.0 9.0 160.0 50.0
249 25.0 10.0 9.0 136.0 34.0
250 3.0 59.0 14.0 24.0 28.0
251 48.0 78.0 12.0 153.0 88.0
252 85.0 51.0 16.0 174.0 16.0
253 19.0 79.0 19.0 156.0 73.0
254 9.0 38.0 5.0 274.0 92.0
255 44.0 69.0 11.0 327.0 78.0
256 90.0 25.0 18.0 152.0 84.0
257 76.0 2.0 15.0 27.0 82.0
258 39.0 76.0 19.0 221.0 87.0
259 99.0 77.0 9.0 16.0 30.0
260 28.0 70.0 12.0 375.0 99.0
261 37.0 46.0 6.0 25.0 72.0
262 100.0 27.0 17.0 392.0 36.0
263 75.0 100.0 4.0 79.0 52.0
264 89.0 53.0 14.0 211.0 38.0
265 80.0 60.0 12.0 63.0 68.0
266 81.0 97.0 18.0 91.0 33.0
267 15.0 67.0 7.0 376.0 70.0
268 13.0 71.0 14.0 354.0 38.0
269 91.0 88.0 7.0 59.0 68.0
270 83.0 23.0 10.0 225.0 17.0
271 40.0 100.0 6.0 358.0 80.0
272 55.0 13.0 15.0 47.0 24.0
273 12.0 15.0 19.0 155.0 72.0
274 36.0 71.0 4.0 324.0 16.0
275 50.0 36.0 15.0 341.0 80.0
276 63.0 62.0 15.0 108.0 25.0
277 53.0 2.0 14.0 334.0 42.0
278 97.0 94.0 7.0 157.0 60.0
279 94.0 87.0 11.0 94.0 79.0
280 61.0 89.0 17.0 306.0 49.0
281 61.0 78.0 6.0 392.0 56.0
282 99.0 19.0 6.0 366.0 87.0
283 73.0 58.0 5.0 274.0 47.0
284 38.0 40.0 17.0 197.0 91.0
285 26.0 37.0 6.0 57.0 20.0
286 30.0 95.0 9.0 343.0 91.0
287 26.0 29.0 11.0 317.0 80.0
288 36.0 30.0 14.0 247.0 58.0
289 74.0 61.0 12.0 339.0 57.0
290 83.0 27.0 8.0 93.0 89.0
291 58.0 45.0 12.0 84.0 17.0
292 1.0 13.0 7.0 237.0 52.0
293 42.0 11.0 13.0 147.0 75.0
294 0.0 62.0 16.0 319.0 33.0
295 21.0 77.0 6.0 237.0 98.0
296 18.0 57.0 11.0 266.0 25.0
297 60.0 86.0 12.0 17.0 76.0
298 44.0 79.0 17.0 185.0 21.0
299 69.0 33.0 7.0 240.0 39.0
300 86.0 12.0 10.0 380.0 87.0
301 17.0 52.0 10.0 219.0 49.0
302 31.0 90.0 4.0 262.0 26.0
303 35.0 81.0 19.0 353.0 98.0
304 68.0 68.0 6.0 375.0 95.0
305 77.0 75.0 15.0 164.0 46.0
306 6.0 15.0 9.0 212.0 23.0
307 61.0 17.0 4.0 126.0 82.0
308 90.0 33.0 15.0 305.0 82.0
309 61.0 22.0 17.0 26.0 51.0
310 60.0 21.0 13.0 236.0 34.0
311 78.0 14.0 6.0 105.0 30.0
312 90.0 63.0 13.0 48.0 76.0
313 66.0 58.0 13.0 370.0 66.0
314 68.0 34.0 10.0 339.0 89.0
315 13.0 62.0 16.0 141.0 43.0
316 36.0 77.0 4.0 202.0 17.0
317 19.0 16.0 12.0 49.0 25.0
318 76.0 64.0 8.0 80.0 50.0
319 72.0 83.0 12.0 49.0 19.0
320 82.0 20.0 14.0 373.0 98.0
321 46.0 22.0 12.0 314.0 33.0
322 13.0 95.0 5.0 388.0 37.0
323 11.0 46.0 14.0 240.0 87.0
324 91.0 21.0 8.0 395.0 39.0
325 98.0 72.0 12.0 57.0 68.0
326 82.0 76.0 5.0 167.0 35.0
327 10.0 17.0 13.0 87.0 15.0
328 24.0 92.0 8.0 382.0 28.0
329 15.0 87.0 11.0 86.0 29.0
330 47.0 56.0 6.0 103.0 56.0
331 1.0 52.0 8.0 256.0 67.0
332 14.0 1.0 12.0 223.0 97.0
333 86.0 89.0 18.0 132.0 44.0
334 95.0 28.0 7.0 262.0 36.0
335 57.0 44.0 5.0 271.0 66.0
336 93.0 20.0 14.0 298.0 92.0
337 85.0 73.0 17.0 313.0 74.0
338 1.0 0.0 8.0 218.0 59.0
339 75.0 49.0 16.0 48.0 67.0
340 95.0 15.0 8.0 173.0 70.0
341 22.0 66.0 15.0 387.0 96.0
342 91.0 32.0 18.0 89.0 94.0
343 1.0 93.0 14.0 240.0 62.0
344 19.0 71.0 16.0 398.0 37.0
345 77.0 56.0 9.0 257.0 42.0
346 26.0 41.0 9.0 160.0 94.0
347 32.0 47.0 9.0 79.0 83.0
348 2.0 66.0 13.0 125.0 55.0
349 14.0 75.0 15.0 132.0 26.0
350 26.0 36.0 17.0 160.0 77.0
351 61.0 53.0 4.0 304.0 18.0
352 34.0 88.0 18.0 192.0 87.0
353 32.0 22.0 12.0 393.0 76.0
354 30.0 10.0 6.0 376.0 96.0
355 81.0 49.0 6.0 225.0 18.0
356 12.0 93.0 8.0 394.0 44.0
357 88.0 49.0 10.0 350.0 32.0
358 66.0 40.0 9.0 119.0 51.0
359 49.0 16.0 14.0 188.0 95.0
360 75.0 64.0 6.0 252.0 90.0
361 80.0 10.0 14.0 301.0 75.0
362 95.0 67.0 19.0 236.0 22.0
363 67.0 80.0 11.0 377.0 42.0
364 16.0 95.0 17.0 86.0 80.0
365 8.0 46.0 19.0 173.0 40.0
366 12.0 28.0 12.0 104.0 54.0
367 77.0 63.0 14.0 362.0 91.0
368 54.0 31.0 14.0 90.0 70.0
369 16.0 92.0 8.0 63.0 27.0
370 58.0 39.0 19.0 105.0 24.0
371 56.0 73.0 4.0 393.0 90.0
372 29.0 6.0 7.0 316.0 87.0
373 7.0 81.0 19.0 38.0 32.0
374 67.0 84.0 5.0 92.0 88.0
375 11.0 98.0 10.0 361.0 60.0
376 43.0 54.0 6.0 148.0 32.0
377 60.0 98.0 17.0 127.0 23.0
378 55.0 81.0 17.0 30.0 24.0
379 55.0 34.0 13.0 100.0 69.0
380 100.0 16.0 9.0 357.0 77.0
381 95.0 76.0 7.0 239.0 41.0
382 84.0 9.0 14.0 108.0 86.0
383 85.0 64.0 6.0 88.0 71.0
384 88.0 68.0 5.0 379.0 45.0
385 19.0 84.0 13.0 313.0 28.0
386 43.0 60.0 12.0 386.0 65.0
387 41.0 89.0 13.0 199.0 17.0
388 92.0 80.0 12.0 22.0 68.0
389 57.0 74.0 17.0 86.0 64.0
390 78.0 90.0 5.0 284.0 60.0
391 72.0 11.0 6.0 219.0 42.0
392 38.0 48.0 19.0 382.0 70.0
393 65.0 47.0 11.0 115.0 52.0
394 6.0 54.0 9.0 380.0 76.0
395 80.0 26.0 19.0 45.0 92.0
396 56.0 64.0 6.0 65.0 98.0
397 82.0 47.0 14.0 167.0 49.0
398 88.0 18.0 19.0 247.0 41.0
399 44.0 81.0 8.0 398.0 92.0
400 29.0 54.0 4.0 111.0 78.0
401 86.0 76.0 15.0 336.0 40.0
402 89.0 70.0 6.0 302.0 51.0
403 69.0 27.0 13.0 362.0 87.0
404 77.0 58.0 5.0 317.0 49.0
405 92.0 2.0 17.0 100.0 82.0
406 82.0 50.0 6.0 153.0 40.0
407 44.0 46.0 18.0 360.0 89.0
408 42.0 90.0 16.0 301.0 99.0
409 16.0 60.0 13.0 241.0 92.0
410 22.0 88.0 6.0 67.0 48.0
411 21.0 42.0 4.0 222.0 82.0
412 60.0 12.0 12.0 140.0 55.0
413 53.0 26.0 16.0 15.0 43.0
414 40.0 38.0 6.0 49.0 19.0
415 11.0 61.0 15.0 281.0 62.0
416 90.0 85.0 12.0 180.0 88.0
417 16.0 82.0 11.0 183.0 22.0
418 73.0 73.0 9.0 247.0 96.0
419 68.0 27.0 17.0 390.0 26.0
420 21.0 53.0 16.0 214.0 33.0
421 63.0 39.0 7.0 388.0 71.0
422 41.0 54.0 19.0 287.0 63.0
423 37.0 74.0 13.0 217.0 17.0
424 69.0 56.0 16.0 235.0 22.0
425 59.0 56.0 6.0 93.0 47.0
426 77.0 0.0 18.0 174.0 61.0
427 63.0 60.0 13.0 93.0 18.0
428 42.0 98.0 9.0 165.0 84.0
429 93.0 38.0 13.0 257.0 31.0
430 32.0 36.0 7.0 182.0 25.0
431 93.0 29.0 4.0 289.0 42.0
432 10.0 26.0 8.0 61.0 18.0
433 86.0 9.0 18.0 133.0 66.0
434 35.0 44.0 18.0 64.0 37.0
435 64.0 82.0 12.0 112.0 15.0
436 55.0 26.0 16.0 305.0 69.0
437 85.0 1.0 18.0 227.0 96.0
438 29.0 52.0 12.0 344.0 69.0
439 18.0 43.0 5.0 22.0 92.0
440 62.0 60.0 10.0 310.0 96.0
441 58.0 42.0 19.0 66.0 88.0
442 16.0 78.0 5.0 311.0 61.0
443 10.0 25.0 13.0 359.0 65.0
444 39.0 48.0 10.0 393.0 49.0
445 78.0 44.0 9.0 344.0 58.0
446 48.0 37.0 14.0 27.0 62.0
447 18.0 8.0 7.0 244.0 38.0
448 72.0 78.0 17.0 180.0 61.0
449 43.0 77.0 8.0 268.0 39.0
450 8.0 68.0 19.0 250.0 42.0
451 58.0 27.0 9.0 89.0 59.0
452 60.0 43.0 11.0 197.0 96.0
453 87.0 31.0 10.0 221.0 97.0
454 88.0 78.0 10.0 346.0 37.0
455 50.0 33.0 11.0 96.0 71.0
456 91.0 77.0 8.0 203.0 41.0
457 17.0 81.0 18.0 255.0 53.0
458 71.0 58.0 5.0 38.0 37.0
459 7.0 11.0 6.0 109.0 26.0
460 73.0 12.0 7.0 325.0 31.0
461 82.0 64.0 16.0 85.0 71.0
462 38.0 63.0 10.0 352.0 43.0
463 62.0 77.0 18.0 368.0 64.0
464 2.0 22.0 15.0 376.0 19.0
465 54.0 51.0 11.0 197.0 66.0
466 44.0 31.0 15.0 110.0 85.0
467 47.0 39.0 14.0 66.0 68.0
468 97.0 80.0 12.0 158.0 77.0
469 70.0 21.0 17.0 186.0 73.0
470 16.0 52.0 12.0 54.0 51.0
471 58.0 76.0 8.0 81.0 71.0
472 91.0 69.0 8.0 158.0 56.0
473 68.0 96.0 18.0 73.0 35.0
474 72.0 3.0 15.0 115.0 48.0
475 35.0 53.0 10.0 374.0 54.0
476 31.0 27.0 7.0 215.0 36.0
477 64.0 44.0 17.0 38.0 48.0
478 83.0 90.0 19.0 323.0 39.0
479 1.0 85.0 5.0 345.0 75.0
480 73.0 43.0 10.0 259.0 32.0
481 52.0 10.0 7.0 321.0 56.0
482 70.0 71.0 19.0 105.0 59.0
483 28.0 15.0 19.0 341.0 17.0
484 94.0 66.0 8.0 310.0 91.0
485 72.0 45.0 9.0 113.0 17.0
486 29.0 59.0 18.0 103.0 33.0
487 92.0 31.0 18.0 309.0 81.0
488 1.0 38.0 14.0 109.0 23.0
489 95.0 5.0 8.0 255.0 46.0
490 34.0 67.0 14.0 246.0 27.0
491 10.0 35.0 17.0 363.0 49.0
492 95.0 3.0 17.0 235.0 29.0
493 66.0 69.0 6.0 20.0 60.0
494 20.0 67.0 16.0 164.0 38.0
495 14.0 11.0 12.0 317.0 93.0
496 71.0 72.0 18.0 371.0 42.0
497 11.0 45.0 17.0 111.0 87.0
498 31.0 49.0 7.0 241.0 31.0
499 75.0 45.0 15.0 147.0 59.0
500 55.0 98.0 19.0 336.0 23.0
501 21.0 32.0 5.0 193.0 93.0
502 49.0 99.0 5.0 243.0 67.0
503 6.0 83.0 6.0 295.0 80.0
504 75.0 47.0 16.0 399.0 77.0
505 84.0 56.0 9.0 366.0 47.0
506 1.0 34.0 15.0 383.0 66.0
507 63.0 24.0 14.0 234.0 94.0
508 35.0 66.0 13.0 227.0 45.0
509 86.0 51.0 13.0 31.0 52.0
510 99.0 31.0 9.0 303.0 70.0
511 3.0 14.0 7.0 75.0 81.0
512 29.0 8.0 12.0 191.0 60.0
513 98.0 48.0 7.0 395.0 17.0
514 78.0 36.0 4.0 329.0 15.0
515 85.0 65.0 18.0 126.0 27.0
516 64.0 20.0 8.0 57.0 76.0
517 61.0 88.0 15.0 363.0 46.0
518 3.0 38.0 12.0 297.0 30.0
519 22.0 96.0 5.0 143.0 21.0
520 80.0 13.0 5.0 196.0 18.0
521 32.0 87.0 7.0 24.0 85.0
522 2.0 50.0 10.0 323.0 77.0
523 36.0 76.0 17.0 60.0 41.0
524 46.0 3.0 7.0 209.0 70.0
525 92.0 20.0 7.0 208.0 34.0
526 71.0 7.0 5.0 173.0 95.0
527 28.0 63.0 5.0 62.0 49.0
528 9.0 22.0 8.0 247.0 56.0
529 31.0 59.0 6.0 360.0 40.0
530 52.0 27.0 9.0 143.0 75.0
531 72.0 99.0 8.0 348.0 71.0
532 22.0 54.0 17.0 147.0 77.0
533 62.0 16.0 7.0 344.0 77.0
534 42.0 27.0 19.0 392.0 17.0
535 17.0 30.0 18.0 342.0 37.0
536 74.0 44.0 15.0 241.0 70.0
537 14.0 18.0 6.0 240.0 33.0
538 49.0 87.0 12.0 282.0 87.0
539 77.0 23.0 18.0 187.0 49.0
540 28.0 53.0 14.0 383.0 70.0
541 20.0 15.0 4.0 348.0 49.0
542 53.0 81.0 11.0 311.0 73.0
543 90.0 55.0 11.0 145.0 73.0
544 21.0 82.0 17.0 86.0 80.0
545 67.0 9.0 5.0 273.0 72.0
546 97.0 53.0 6.0 197.0 87.0
547 97.0 8.0 19.0 385.0 67.0
548 88.0 50.0 10.0 366.0 54.0
549 83.0 12.0 17.0 105.0 45.0
550 6.0 16.0 8.0 272.0 65.0
551 69.0 21.0 15.0 306.0 90.0
552 11.0 1.0 12.0 242.0 23.0
553 88.0 99.0 19.0 150.0 21.0
554 76.0 37.0 9.0 223.0 65.0
555 22.0 57.0 12.0 391.0 40.0
556 81.0 53.0 17.0 169.0 91.0
557 48.0 68.0 14.0 326.0 68.0
558 81.0 32.0 7.0 47.0 32.0
559 8.0 23.0 4.0 349.0 84.0
560 76.0 85.0 8.0 142.0 36.0
561 16.0 44.0 9.0 85.0 27.0
562 64.0 58.0 15.0 128.0 56.0
563 55.0 83.0 6.0 62.0 75.0
564 59.0 35.0 4.0 23.0 79.0
565 71.0 43.0 12.0 32.0 33.0
566 37.0 71.0 16.0 214.0 38.0
567 2.0 54.0 9.0 57.0 88.0
568 40.0 29.0 16.0 31.0 45.0
569 77.0 10.0 6.0 197.0 64.0
570 66.0 91.0 4.0 213.0 77.0
571 29.0 77.0 10.0 151.0 31.0
572 42.0 68.0 4.0 192.0 50.0
573 76.0 79.0 15.0 163.0 41.0
574 57.0 1.0 13.0 93.0 44.0
575 67.0 91.0 10.0 353.0 55.0
576 28.0 2.0 8.0 184.0 33.0
577 20.0 77.0 8.0 196.0 17.0
578 33.0 48.0 16.0 18.0 23.0
579 80.0 33.0 4.0 334.0 35.0
580 64.0 14.0 19.0 354.0 46.0
581 15.0 85.0 18.0 395.0 27.0
582 12.0 86.0 12.0 292.0 73.0
583 41.0 55.0 6.0 215.0 43.0
584 27.0 6.0 6.0 316.0 86.0
585 84.0 47.0 5.0 143.0 79.0
586 44.0 95.0 5.0 101.0 75.0
587 47.0 80.0 10.0 203.0 91.0
588 39.0 53.0 13.0 346.0 81.0
589 30.0 42.0 10.0 62.0 26.0
590 17.0 100.0 9.0 189.0 80.0
591 97.0 6.0 4.0 120.0 71.0
592 14.0 87.0 8.0 365.0 42.0
593 82.0 93.0 19.0 289.0 65.0
594 29.0 88.0 13.0 210.0 86.0
595 66.0 64.0 12.0 183.0 76.0
596 48.0 2.0 7.0 239.0 56.0
597 25.0 84.0 11.0 57.0 24.0
598 40.0 51.0 6.0 248.0 29.0
599 79.0 44.0 12.0 272.0 49.0
1775
0 556
0 505
0 543
0 264
0 252
0 509
1 228
1 529
1 462
1 386
1 583
1 56
2 554
2 480
2 565
2 358
2 176
2 314
2 299
3 294
3 331
3 54
3 197
3 522
3 94
3 158
4 511
4 292
4 128
4 221
4 459
5 277
5 240
5 186
5 213
5 481
6 115
6 419
6 516
6 551
6 107
7 200
7 26
7 58
7 599
7 34
7 308
8 223
8 405
8 492
8 591
9 547
9 380
9 340
9 143
9 142
9 83
9 24
10 423
10 566
10 572
10 255
10 48
10 258
11 191
11 553
11 206
11 263
11 593
11 266
12 359
12 321
12 111
12 70
13 528
13 443
13 366
13 537
13 287
13 199
13 535
14 438
14 217
14 439
14 411
14 346
14 301
14 420
14 561
14 540
15 357
15 26
15 200
15 585
15 252
15 509
16 341
16 226
16 527
16 167
17 412
17 580
17 307
17 533
18 192
18 182
18 461
18 133
18 515
18 46
19 104
19 174
19 136
19 484
19 362
20 300
20 230
20 549
20 100
20 77
20 398
21 212
21 371
21 396
21 159
21 25
21 557
22 577
22 61
22 349
22 442
22 253
23 87
23 211
23 519
23 98
23 328
24 300
24 230
24 143
24 433
24 83
24 135
25 159
25 557
25 173
25 160
25 386
26 58
26 141
26 357
26 200
27 494
27 344
27 134
27 61
27 72
27 267
28 58
28 164
28 187
28 429
28 37
28 117
29 129
29 350
29 287
29 589
29 430
29 346
29 165
29 285
30 360
30 218
30 493
30 177
30 304
30 595
30 181
30 289
31 349
31 373
31 442
31 417
32 479
32 294
32 343
32 203
32 80
33 503
33 137
33 479
33 343
34 514
34 239
34 599
34 308
34 579
34 558
34 453
35 197
35 464
35 292
35 511
35 550
36 183
36 236
36 248
36 534
36 166
36 293
36 321
36 124
37 429
37 308
37 117
37 190
37 487
37 342
38 176
38 40
38 403
38 71
39 124
39 293
39 213
39 481
40 514
40 554
40 176
40 579
40 558
40 71
40 539
40 395
41 573
41 319
41 448
41 363
42 139
42 393
42 291
42 452
43 409
43 74
43 134
43 341
43 494
44 209
44 576
44 332
44 584
44 447
45 59
45 224
45 387
45 219
45 169
45 352
46 404
46 367
46 265
46 182
46 461
47 59
47 286
47 140
47 87
47 162
47 224
48 255
48 251
48 258
48 449
49 326
49 573
49 401
49 560
49 478
49 454
49 416
49 388
49 333
50 127
50 500
50 109
50 113
50 154
50 138
51 62
51 571
51 597
51 105
51 82
51 521
52 166
52 53
52 231
52 60
52 524
53 166
53 524
53 293
54 197
54 94
54 204
54 488
54 518
55 493
55 463
55 482
55 363
55 448
55 102
55 207
56 400
56 529
56 475
56 583
56 588
57 569
57 311
57 520
57 361
57 549
58 141
58 164
58 429
58 308
59 286
59 224
59 169
60 231
60 576
60 524
61 295
61 344
61 349
61 72
61 577
62 303
62 198
62 571
62 521
63 375
63 145
63 356
63 322
63 153
64 105
64 410
64 597
64 385
64 544
65 290
65 558
65 256
65 453
66 127
66 500
66 502
66 271
66 263
66 377
67 106
67 251
67 557
67 371
67 389
67 471
68 163
68 278
68 78
68 279
69 442
69 457
69 544
69 253
70 307
70 244
70 272
70 111
70 359
71 403
71 539
71 469
72 268
72 349
72 267
73 122
73 387
73 408
73 138
73 538
73 151
74 555
74 296
74 409
74 486
74 527
74 341
75 118
75 414
75 188
75 568
75 183
75 288
75 195
76 508
76 462
76 246
76 386
77 270
77 256
77 320
77 100
77 398
77 324
78 163
78 147
78 269
78 279
79 180
79 495
79 459
79 273
79 327
79 306
80 150
80 375
80 145
80 203
81 132
81 254
81 214
81 365
81 204
81 497
81 518
82 571
82 295
82 597
82 544
82 253
83 142
83 152
83 135
84 107
84 580
84 516
84 194
84 307
84 533
85 358
85 314
85 421
85 370
85 564
86 347
86 434
86 284
86 589
86 217
86 430
87 590
87 162
87 519
87 140
87 211
88 233
88 249
88 273
88 495
88 317
88 541
88 447
89 545
89 574
89 474
89 526
90 238
90 109
90 570
90 473
90 377
91 386
91 583
91 376
91 330
91 216
91 92
92 216
92 112
92 465
92 144
92 173
92 330
93 174
93 235
93 232
93 312
93 543
93 505
94 204
94 214
94 158
95 566
95 246
95 274
95 226
95 508
95 490
96 110
96 197
96 432
96 506
96 518
96 366
96 491
97 323
97 470
97 561
97 497
97 132
97 220
98 364
98 369
98 519
98 328
99 378
99 106
99 157
99 471
99 281
99 234
100 241
100 311
100 320
100 520
100 549
101 303
101 399
101 316
101 258
101 179
102 482
102 207
102 418
102 496
103 454
103 456
103 401
103 402
103 337
104 259
104 164
104 174
104 325
104 362
104 161
105 328
105 410
105 594
105 597
105 521
106 542
106 251
106 378
106 471
107 580
107 241
107 460
107 391
107 551
107 469
107 539
107 516
108 118
108 414
108 466
108 189
109 500
109 113
109 238
109 377
110 197
110 464
110 432
110 559
111 321
111 436
111 413
111 244
111 530
112 465
112 215
112 216
112 335
112 407
112 467
113 154
113 517
113 280
113 297
113 238
113 229
114 592
114 582
114 581
114 417
115 419
115 507
115 309
115 516
116 182
116 218
116 418
116 305
116 496
116 192
117 187
117 190
117 510
118 414
118 195
118 466
119 243
119 287
119 237
119 199
119 483
120 310
120 309
120 507
120 436
120 451
120 419
120 244
121 491
121 220
121 129
121 350
121 439
121 411
121 285
121 535
121 501
122 387
122 303
122 219
122 151
122 170
122 399
123 421
123 358
123 370
123 139
123 477
123 452
123 225
124 293
124 321
124 359
124 481
125 513
125 141
125 546
125 235
125 357
125 548
125 264
126 271
126 428
126 224
126 408
126 586
127 500
127 502
127 138
127 205
128 292
128 338
128 459
128 180
128 552
129 350
129 287
129 501
130 450
130 267
130 415
130 178
130 168
130 171
131 339
131 175
131 245
131 146
131 393
132 254
132 497
132 220
132 491
133 383
133 265
133 515
133 461
134 409
134 171
134 267
134 494
135 433
135 152
136 232
136 174
136 312
136 484
137 503
137 343
137 582
137 203
137 145
137 156
138 408
138 538
138 154
138 586
138 205
139 477
139 393
139 452
140 211
140 286
141 513
141 164
141 357
142 547
142 489
142 152
143 340
143 336
143 398
143 230
143 525
144 160
144 330
144 173
145 375
145 203
145 156
145 356
146 351
146 393
146 313
146 424
146 175
146 562
147 163
147 553
147 593
147 269
147 247
147 478
147 333
148 269
148 279
148 247
148 416
149 476
149 287
149 165
149 188
149 288
150 375
150 590
150 364
150 322
151 170
151 538
152 223
152 405
152 437
152 489
152 433
152 492
153 356
153 369
153 364
153 322
154 538
154 229
155 458
155 175
155 313
155 424
156 582
156 592
156 356
157 297
157 563
157 378
157 234
157 435
158 365
158 184
158 522
158 214
159 396
159 173
160 173
160 330
160 386
161 325
161 362
161 472
162 590
162 271
162 224
163 553
163 191
163 278
164 513
164 262
164 187
164 174
164 259
165 188
165 430
165 287
166 231
166 210
166 248
166 293
166 483
167 527
167 226
167 508
167 228
167 490
167 529
168 178
168 450
168 348
169 521
169 302
169 286
169 352
170 538
170 399
170 587
171 267
171 315
171 202
171 409
171 415
172 376
172 216
172 407
172 444
172 422
172 598
173 396
173 440
173 351
173 465
173 425
174 513
174 546
174 235
174 232
175 458
175 283
175 345
175 339
175 424
176 554
176 403
176 299
177 212
177 493
177 276
177 595
178 294
178 348
178 250
178 394
178 208
178 415
179 523
179 423
179 258
179 316
180 459
180 495
180 552
181 313
181 458
181 595
181 276
181 427
181 289
182 318
182 367
182 218
182 192
183 236
183 248
183 568
183 288
183 476
183 353
184 394
184 196
184 323
184 365
184 522
184 470
185 275
185 455
185 530
185 466
185 189
186 524
186 596
186 213
186 277
187 262
187 510
188 414
188 284
188 430
188 288
189 414
189 467
189 466
189 275
189 446
190 334
190 431
190 510
190 487
191 553
191 278
192 384
192 337
192 515
192 326
192 305
193 284
193 414
193 407
193 444
193 261
193 467
194 516
194 309
194 310
194 307
195 466
195 321
195 534
195 530
195 568
195 236
196 394
196 208
196 409
196 296
196 301
196 470
197 464
197 292
197 338
197 488
197 506
198 274
198 260
198 423
198 571
198 523
198 303
198 316
199 287
199 537
199 317
199 483
199 541
200 599
200 585
200 397
201 363
201 463
201 234
201 435
202 409
202 208
202 415
202 315
203 343
204 214
204 518
205 502
205 428
205 586
206 263
206 266
206 242
207 418
207 305
207 573
207 448
208 394
208 409
208 415
209 576
209 372
209 584
210 231
210 354
210 483
211 286
211 302
211 328
212 371
212 396
212 493
212 463
212 276
212 389
213 293
213 524
213 481
214 365
215 465
215 351
215 335
215 291
216 376
216 407
217 438
217 346
217 589
217 347
217 498
218 318
218 360
218 304
218 482
218 496
219 303
219 387
219 352
220 561
220 439
220 491
221 511
221 459
221 550
221 306
222 445
222 504
222 355
222 406
222 556
222 345
222 339
222 599
223 405
223 426
223 437
224 271
224 408
224 387
225 565
225 393
225 358
225 477
226 260
226 274
226 341
226 490
227 257
227 437
227 361
227 433
227 382
228 529
228 462
228 508
229 538
229 542
229 563
229 297
230 398
230 300
231 354
231 576
231 372
231 512
232 312
233 249
233 354
233 483
233 541
234 281
234 463
234 435
235 546
235 543
235 264
236 534
236 568
237 353
237 243
237 483
238 280
238 570
239 554
239 480
239 514
239 499
239 445
239 599
239 536
240 277
240 574
240 412
240 272
240 481
241 311
241 460
241 320
241 539
242 266
242 263
242 390
242 593
243 476
243 287
243 353
244 436
244 310
244 307
245 339
245 504
245 485
245 393
246 566
246 508
246 386
246 572
247 269
247 416
247 333
248 353
248 483
249 354
249 512
249 584
249 447
250 294
250 394
250 567
251 542
251 557
251 255
251 587
251 298
251 449
252 556
252 406
252 585
252 509
253 577
253 295
253 544
253 442
254 518
254 491
255 557
255 572
256 334
256 431
256 336
256 270
256 290
256 324
256 453
257 437
257 474
257 526
257 426
257 361
257 569
258 423
258 399
258 298
258 449
259 468
259 278
259 381
259 325
260 274
260 341
260 344
260 295
260 571
261 284
261 434
261 444
261 392
261 578
262 380
262 282
262 334
262 510
263 390
263 531
263 271
263 377
264 543
264 548
264 509
265 345
265 404
265 383
265 505
265 461
265 556
266 593
267 450
267 268
268 349
268 450
268 373
269 279
270 290
270 320
270 539
270 395
271 428
271 502
272 412
272 307
272 481
272 359
273 537
273 327
273 495
273 317
274 566
274 423
275 455
275 379
275 370
275 441
275 335
275 467
275 446
276 396
276 440
276 595
276 427
277 596
277 574
278 468
278 279
279 468
279 388
279 416
280 517
280 570
281 471
281 463
282 380
282 334
282 336
282 340
283 458
283 345
283 404
283 289
284 414
284 430
284 434
285 350
285 346
285 411
286 302
287 476
287 535
287 501
288 476
289 404
289 367
289 360
289 458
290 558
290 395
291 335
291 351
291 393
291 452
292 338
292 511
293 524
294 348
294 479
294 331
294 567
295 344
295 571
295 577
296 555
296 409
296 420
296 301
296 532
297 517
297 563
297 435
298 587
298 399
298 449
299 419
299 314
299 403
300 382
300 549
300 433
301 420
301 470
301 561
302 328
302 594
302 521
303 399
303 316
303 521
303 352
304 482
304 493
305 573
305 326
305 418
306 327
306 550
306 459
307 310
307 412
307 533
308 429
308 342
308 453
309 507
309 516
309 310
311 460
311 569
311 520
312 505
312 383
312 515
312 384
312 472
312 484
313 458
313 424
313 427
313 562
314 358
314 419
314 564
315 415
316 523
317 537
317 541
318 360
318 367
319 573
319 560
319 575
319 363
319 374
320 539
321 534
321 359
321 530
322 375
322 364
323 365
323 470
323 497
324 336
324 525
324 398
325 381
325 472
326 573
326 401
326 337
327 528
327 537
327 550
328 594
328 410
328 369
329 410
329 369
329 592
329 385
329 581
330 386
331 567
331 522
332 576
332 574
332 338
332 447
332 495
332 552
333 478
333 416
334 336
334 431
334 510
335 441
335 467
335 452
336 340
336 525
337 401
337 402
337 384
338 574
338 426
338 552
339 345
339 504
340 380
341 344
341 527
341 494
342 487
342 453
343 479
344 494
345 404
345 556
346 411
346 589
347 434
347 498
347 578
348 479
348 373
348 450
349 373
349 442
351 393
351 562
351 465
351 425
352 521
353 476
353 483
354 512
354 483
355 406
355 599
355 397
356 592
356 369
357 548
357 509
358 565
358 421
359 481
360 367
361 382
361 549
361 569
362 484
362 472
363 463
363 448
363 374
363 435
364 590
364 519
364 369
365 497
366 432
366 491
366 443
366 535
367 404
368 455
368 379
368 564
368 451
368 436
368 530
369 410
369 592
370 421
370 564
370 379
370 441
370 452
371 557
371 389
372 576
372 512
372 584
373 479
373 450
373 503
373 582
373 417
374 570
374 517
374 575
374 435
376 583
376 422
377 500
377 473
377 531
378 542
378 563
379 455
379 564
380 591
380 547
381 468
381 472
381 456
381 388
382 549
382 433
383 505
383 515
384 402
384 472
384 515
385 410
385 417
385 457
385 581
385 544
386 462
386 583
386 557
386 572
387 408
388 456
388 468
388 416
388 454
389 463
389 471
390 531
390 593
390 560
390 575
390 478
390 473
391 580
391 545
391 526
391 569
391 460
392 444
392 578
392 475
392 588
392 598
393 565
393 477
393 485
394 567
394 522
395 539
395 558
396 440
397 406
397 585
397 599
398 525
399 587
400 486
400 529
400 555
400 475
400 438
400 540
401 454
402 472
402 456
403 419
403 469
403 551
405 492
406 556
406 585
407 444
407 467
408 586
411 439
412 580
412 545
412 574
413 436
413 530
414 467
417 582
417 442
417 457
417 581
418 496
419 507
419 564
419 451
419 551
420 532
420 540
422 583
422 588
422 598
423 566
423 523
425 562
425 440
426 437
426 474
426 574
427 440
427 562
428 502
428 586
430 589
431 487
431 453
432 559
432 443
433 437
434 578
435 517
436 451
436 530
438 475
438 540
438 498
439 561
440 562
441 452
442 457
443 559
443 528
444 598
445 504
445 499
445 599
446 467
447 495
447 584
448 573
451 564
453 487
453 558
454 456
455 530
456 472
457 544
460 569
462 508
463 493
463 471
464 559
464 550
466 530
469 539
469 551
470 561
472 484
473 531
473 575
473 570
474 574
474 526
475 498
475 578
475 588
478 593
478 560
479 503
480 554
480 565
480 485
480 536
482 493
482 496
483 541
485 565
485 536
485 499
485 504
486 555
486 527
486 529
488 506
488 518
489 591
489 547
489 492
490 508
491 518
491 535
492 591
495 552
498 578
499 504
499 536
501 535
503 582
505 556
505 543
506 518
509 548
511 550
512 584
513 546
514 554
514 579
517 570
519 590
520 549
521 594
522 567
524 576
524 596
526 545
526 569
527 529
528 559
528 537
528 550
532 555
532 540
533 580
538 542
538 587
540 555
542 563
542 587
544 597
545 574
545 580
547 591
550 559
553 593
557 572
558 579
560 573
560 575
566 572
570 575
574 576
574 596
576 596
581 592
582 592
583 588
588 598
10 0.5 0.5 0.5
