600
0 47.0 47.0 7.0 314.0 56.0
1 62.0 81.0 11.0 133.0 30.0
2 56.0 0.0 13.0 58.0 64.0
3 88.0 29.0 12.0 27.0 52.0
4 35.0 88.0 4.0 83.0 75.0
5 36.0 1.0 10.0 277.0 82.0
6 0.0 82.0 11.0 340.0 80.0
7 72.0 34.0 15.0 295.0 35.0
8 61.0 95.0 8.0 374.0 26.0
9 51.0 30.0 14.0 82.0 20.0
10 80.0 86.0 15.0 300.0 51.0
11 74.0 13.0 18.0 357.0 82.0
12 38.0 14.0 5.0 83.0 98.0
13 5.0 33.0 16.0 353.0 98.0
14 58.0 24.0 5.0 148.0 63.0
15 1.0 19.0 8.0 318.0 51.0
16 60.0 44.0 9.0 171.0 25.0
17 75.0 33.0 15.0 193.0 38.0
18 87.0 69.0 5.0 341.0 88.0
19 63.0 35.0 19.0 186.0 23.0
20 93.0 44.0 8.0 399.0 70.0
21 67.0 91.0 15.0 392.0 39.0
22 38.0 62.0 19.0 271.0 24.0
23 25.0 90.0 10.0 163.0 24.0
24 71.0 87.0 11.0 20.0 21.0
25 77.0 79.0 18.0 57.0 65.0
26 15.0 52.0 19.0 349.0 66.0
27 34.0 81.0 11.0 297.0 29.0
28 45.0 80.0 17.0 98.0 89.0
29 95.0 33.0 14.0 222.0 86.0
30 34.0 45.0 17.0 166.0 57.0
31 26.0 7.0 19.0 277.0 43.0
32 81.0 31.0 10.0 115.0 61.0
33 58.0 27.0 16.0 237.0 89.0
34 31.0 93.0 7.0 375.0 38.0
35 88.0 5.0 6.0 269.0 40.0
36 58.0 70.0 17.0 104.0 39.0
37 49.0 33.0 19.0 23.0 25.0
38 100.0 47.0 8.0 245.0 87.0
39 88.0 99.0 13.0 245.0 78.0
40 67.0 100.0 8.0 207.0 25.0
41 45.0 28.0 14.0 322.0 52.0
42 77.0 87.0 7.0 302.0 98.0
43 13.0 1.0 10.0 95.0 35.0
44 78.0 11.0 9.0 207.0 36.0
45 52.0 29.0 17.0 32.0 60.0
46 69.0 25.0 10.0 156.0 94.0
47 93.0 51.0 16.0 368.0 68.0
48 89.0 48.0 19.0 237.0 31.0
49 87.0 29.0 5.0 179.0 73.0
50 42.0 18.0 17.0 59.0 41.0
51 98.0 7.0 13.0 52.0 51.0
52 51.0 94.0 15.0 110.0 29.0
53 63.0 45.0 17.0 368.0 94.0
54 57.0 1.0 10.0 110.0 37.0
55 5.0 94.0 17.0 257.0 95.0
56 28.0 84.0 15.0 395.0 86.0
57 58.0 20.0 4.0 214.0 31.0
58 26.0 18.0 4.0 253.0 76.0
59 42.0 82.0 18.0 344.0 51.0
60 22.0 45.0 18.0 247.0 38.0
61 64.0 5.0 14.0 228.0 69.0
62 26.0 68.0 7.0 123.0 64.0
63 85.0 78.0 19.0 134.0 57.0
64 56.0 42.0 16.0 133.0 37.0
65 91.0 29.0 14.0 219.0 92.0
66 14.0 1.0 11.0 249.0 36.0
67 48.0 2.0 7.0 358.0 44.0
68 93.0 87.0 5.0 27.0 83.0
69 61.0 47.0 16.0 18.0 93.0
70 42.0 46.0 5.0 72.0 43.0
71 84.0 55.0 13.0 16.0 56.0
72 69.0 76.0 16.0 264.0 99.0
73 48.0 98.0 12.0 215.0 87.0
74 22.0 1.0 8.0 262.0 89.0
75 25.0 17.0 4.0 16.0 15.0
76 54.0 81.0 13.0 60.0 58.0
77 72.0 52.0 14.0 108.0 94.0
78 3.0 61.0 12.0 109.0 81.0
79 12.0 30.0 11.0 352.0 40.0
80 41.0 14.0 5.0 293.0 85.0
81 63.0 47.0 19.0 40.0 31.0
82 68.0 78.0 7.0 65.0 25.0
83 40.0 33.0 5.0 191.0 54.0
84 9.0 84.0 19.0 265.0 32.0
85 67.0 66.0 7.0 193.0 55.0
86 26.0 55.0 6.0 196.0 31.0
87 9.0 28.0 15.0 61.0 29.0
88 63.0 98.0 7.0 218.0 28.0
89 3.0 5.0 14.0 128.0 90.0
90 90.0 36.0 8.0 244.0 67.0
91 66.0 59.0 4.0 194.0 91.0
92 36.0 10.0 19.0 86.0 87.0
93 87.0 90.0 4.0 212.0 35.0
94 66.0 89.0 8.0 23.0 99.0
95 59.0 3.0 15.0 174.0 43.0
96 95.0 39.0 6.0 262.0 19.0
97 84.0 9.0 16.0 344.0 24.0
98 87.0 54.0 10.0 185.0 78.0
99 7.0 41.0 6.0 267.0 54.0
100 56.0 72.0 14.0 273.0 53.0
101 84.0 50.0 7.0 36.0 17.0
102 70.0 67.0 15.0 120.0 47.0
103 19.0 93.0 6.0 157.0 74.0
104 98.0 33.0 17.0 267.0 88.0
105 18.0 68.0 4.0 334.0 96.0
106 72.0 27.0 17.0 387.0 23.0
107 15.0 88.0 9.0 15.0 29.0
108 50.0 77.0 4.0 330.0 67.0
109 80.0 21.0 14.0 129.0 79.0
110 16.0 29.0 16.0 239.0 79.0
111 38.0 61.0 6.0 154.0 97.0
112 55.0 95.0 4.0 60.0 42.0
113 34.0 90.0 18.0 79.0 46.0
114 63.0 66.0 8.0 98.0 43.0
115 19.0 99.0 6.0 377.0 70.0
116 70.0 84.0 7.0 53.0 69.0
117 77.0 36.0 16.0 294.0 96.0
118 77.0 88.0 6.0 349.0 66.0
119 12.0 39.0 11.0 186.0 53.0
120 50.0 57.0 12.0 57.0 92.0
121 44.0 22.0 4.0 111.0 84.0
122 84.0 87.0 11.0 147.0 28.0
123 15.0 32.0 15.0 122.0 49.0
124 45.0 29.0 11.0 152.0 87.0
125 2.0 83.0 15.0 368.0 86.0
126 86.0 56.0 13.0 284.0 76.0
127 42.0 0.0 9.0 320.0 78.0
128 64.0 16.0 18.0 391.0 35.0
129 43.0 36.0 10.0 399.0 56.0
130 88.0 51.0 6.0 131.0 54.0
131 1.0 17.0 9.0 87.0 71.0
132 37.0 55.0 15.0 93.0 55.0
133 32.0 74.0 12.0 71.0 62.0
134 95.0 35.0 5.0 278.0 39.0
135 87.0 78.0 11.0 352.0 17.0
136 55.0 89.0 17.0 80.0 74.0
137 52.0 100.0 8.0 297.0 17.0
138 94.0 42.0 8.0 114.0 39.0
139 47.0 67.0 4.0 75.0 47.0
140 89.0 91.0 5.0 198.0 28.0
141 48.0 55.0 14.0 280.0 28.0
142 91.0 2.0 11.0 91.0 36.0
143 44.0 98.0 11.0 248.0 83.0
144 9.0 64.0 13.0 91.0 69.0
145 42.0 19.0 8.0 32.0 42.0
146 88.0 38.0 10.0 368.0 88.0
147 33.0 15.0 9.0 367.0 91.0
148 54.0 50.0 12.0 337.0 41.0
149 32.0 76.0 10.0 255.0 70.0
150 34.0 7.0 4.0 60.0 88.0
151 66.0 25.0 14.0 276.0 21.0
152 28.0 95.0 10.0 37.0 19.0
153 36.0 45.0 14.0 113.0 75.0
154 43.0 14.0 17.0 312.0 16.0
155 18.0 47.0 14.0 296.0 94.0
156 4.0 84.0 19.0 35.0 70.0
157 85.0 46.0 14.0 35.0 79.0
158 16.0 85.0 19.0 147.0 58.0
159 26.0 75.0 12.0 383.0 93.0
160 94.0 37.0 14.0 27.0 74.0
161 40.0 17.0 19.0 298.0 37.0
162 25.0 67.0 13.0 367.0 87.0
163 10.0 21.0 10.0 102.0 42.0
164 49.0 12.0 19.0 294.0 99.0
165 44.0 92.0 7.0 71.0 78.0
166 48.0 72.0 18.0 283.0 75.0
167 14.0 10.0 12.0 334.0 49.0
168 53.0 97.0 12.0 168.0 63.0
169 98.0 38.0 4.0 372.0 29.0
170 77.0 64.0 11.0 127.0 29.0
171 64.0 23.0 16.0 388.0 45.0
172 71.0 64.0 11.0 380.0 91.0
173 71.0 2.0 5.0 164.0 94.0
174 49.0 19.0 15.0 188.0 56.0
175 57.0 76.0 5.0 51.0 28.0
176 68.0 80.0 9.0 282.0 59.0
177 90.0 75.0 4.0 368.0 34.0
178 55.0 70.0 12.0 230.0 48.0
179 69.0 73.0 5.0 358.0 66.0
180 85.0 61.0 12.0 86.0 62.0
181 78.0 24.0 11.0 343.0 66.0
182 2.0 43.0 17.0 151.0 94.0
183 97.0 90.0 13.0 338.0 27.0
184 3.0 79.0 14.0 32.0 32.0
185 4.0 24.0 6.0 388.0 19.0
186 4.0 29.0 17.0 248.0 55.0
187 85.0 50.0 16.0 129.0 30.0
188 5.0 50.0 13.0 355.0 90.0
189 63.0 76.0 8.0 28.0 69.0
190 44.0 4.0 4.0 301.0 95.0
191 26.0 60.0 11.0 389.0 70.0
192 23.0 21.0 10.0 378.0 61.0
193 66.0 84.0 9.0 366.0 77.0
194 22.0 5.0 12.0 145.0 69.0
195 60.0 14.0 9.0 382.0 61.0
196 24.0 99.0 8.0 75.0 73.0
197 33.0 59.0 6.0 297.0 88.0
198 74.0 24.0 12.0 66.0 78.0
199 36.0 53.0 5.0 174.0 42.0
200 28.0 71.0 15.0 86.0 74.0
201 76.0 87.0 9.0 295.0 97.0
202 73.0 6.0 5.0 56.0 54.0
203 20.0 63.0 16.0 396.0 52.0
204 93.0 85.0 18.0 129.0 86.0
205 15.0 89.0 8.0 227.0 90.0
206 18.0 51.0 8.0 60.0 39.0
207 83.0 36.0 13.0 348.0 79.0
208 36.0 72.0 6.0 393.0 44.0
209 95.0 93.0 13.0 268.0 34.0
210 9.0 22.0 17.0 369.0 16.0
211 13.0 17.0 19.0 176.0 42.0
212 35.0 89.0 8.0 334.0 83.0
213 90.0 40.0 8.0 237.0 96.0
214 87.0 24.0 6.0 334.0 74.0
215 48.0 59.0 19.0 237.0 56.0
216 43.0 57.0 18.0 143.0 60.0
217 1.0 36.0 6.0 381.0 33.0
218 18.0 37.0 12.0 324.0 57.0
219 82.0 96.0 14.0 298.0 71.0
220 16.0 62.0 19.0 369.0 22.0
221 55.0 96.0 8.0 248.0 45.0
222 19.0 10.0 15.0 290.0 80.0
223 20.0 0.0 4.0 72.0 45.0
224 70.0 45.0 10.0 242.0 51.0
225 94.0 81.0 5.0 339.0 15.0
226 25.0 6.0 7.0 358.0 74.0
227 52.0 22.0 14.0 383.0 34.0
228 71.0 70.0 16.0 383.0 26.0
229 37.0 18.0 7.0 329.0 37.0
230 70.0 39.0 11.0 131.0 39.0
231 83.0 73.0 11.0 219.0 72.0
232 4.0 96.0 14.0 88.0 97.0
233 57.0 90.0 6.0 97.0 37.0
234 91.0 12.0 6.0 278.0 19.0
235 14.0 53.0 18.0 227.0 52.0
236 29.0 14.0 12.0 317.0 33.0
237 50.0 13.0 18.0 282.0 45.0
238 8.0 86.0 6.0 143.0 37.0
239 74.0 44.0 17.0 83.0 41.0
240 1.0 83.0 19.0 94.0 88.0
241 50.0 100.0 5.0 51.0 73.0
242 86.0 69.0 4.0 390.0 80.0
243 11.0 18.0 8.0 349.0 91.0
244 44.0 30.0 4.0 191.0 74.0
245 98.0 84.0 13.0 213.0 92.0
246 11.0 20.0 6.0 316.0 65.0
247 40.0 51.0 19.0 93.0 17.0
248 89.0 53.0 11.0 74.0 38.0
249 57.0 38.0 5.0 375.0 35.0
250 19.0 35.0 11.0 220.0 22.0
251 30.0 85.0 5.0 71.0 19.0
252 50.0 83.0 9.0 261.0 30.0
253 43.0 4.0 7.0 103.0 65.0
254 69.0 70.0 9.0 244.0 18.0
255 86.0 57.0 5.0 126.0 89.0
256 51.0 66.0 15.0 171.0 64.0
257 74.0 75.0 11.0 50.0 26.0
258 100.0 38.0 8.0 16.0 88.0
259 21.0 14.0 11.0 336.0 76.0
260 11.0 77.0 9.0 81.0 68.0
261 15.0 44.0 9.0 247.0 63.0
262 25.0 14.0 10.0 373.0 50.0
263 79.0 70.0 13.0 121.0 88.0
264 85.0 40.0 16.0 316.0 34.0
265 44.0 28.0 11.0 279.0 88.0
266 22.0 93.0 13.0 386.0 64.0
267 51.0 45.0 5.0 117.0 77.0
268 67.0 48.0 18.0 294.0 79.0
269 54.0 41.0 17.0 104.0 70.0
270 54.0 69.0 12.0 293.0 53.0
271 49.0 10.0 13.0 76.0 40.0
272 90.0 50.0 7.0 102.0 27.0
273 68.0 7.0 13.0 253.0 83.0
274 33.0 36.0 12.0 216.0 62.0
275 66.0 88.0 6.0 101.0 33.0
276 12.0 56.0 4.0 127.0 45.0
277 58.0 6.0 5.0 94.0 83.0
278 66.0 31.0 15.0 33.0 45.0
279 55.0 20.0 12.0 372.0 98.0
280 21.0 35.0 9.0 82.0 93.0
281 43.0 34.0 8.0 270.0 33.0
282 58.0 81.0 6.0 394.0 34.0
283 65.0 67.0 15.0 101.0 71.0
284 62.0 26.0 5.0 60.0 35.0
285 43.0 54.0 8.0 85.0 32.0
286 99.0 45.0 8.0 229.0 37.0
287 90.0 84.0 19.0 141.0 80.0
288 7.0 76.0 10.0 229.0 48.0
289 46.0 22.0 11.0 163.0 56.0
290 81.0 28.0 17.0 352.0 23.0
291 50.0 94.0 13.0 361.0 63.0
292 52.0 28.0 15.0 209.0 85.0
293 62.0 62.0 17.0 292.0 51.0
294 50.0 96.0 6.0 42.0 41.0
295 17.0 25.0 7.0 340.0 37.0
296 83.0 14.0 9.0 264.0 45.0
297 81.0 16.0 5.0 232.0 84.0
298 82.0 56.0 10.0 320.0 86.0
299 90.0 30.0 10.0 367.0 75.0
300 15.0 14.0 14.0 310.0 20.0
301 1.0 23.0 14.0 347.0 58.0
302 44.0 64.0 13.0 29.0 88.0
303 100.0 29.0 13.0 261.0 75.0
304 57.0 37.0 12.0 113.0 63.0
305 97.0 84.0 17.0 380.0 51.0
306 31.0 32.0 13.0 330.0 50.0
307 53.0 59.0 11.0 289.0 40.0
308 82.0 10.0 14.0 35.0 92.0
309 52.0 64.0 18.0 98.0 77.0
310 45.0 60.0 8.0 311.0 56.0
311 46.0 79.0 7.0 274.0 72.0
312 20.0 21.0 13.0 279.0 63.0
313 54.0 56.0 18.0 268.0 32.0
314 10.0 46.0 17.0 235.0 76.0
315 99.0 42.0 7.0 98.0 34.0
316 53.0 76.0 8.0 41.0 29.0
317 28.0 51.0 4.0 338.0 61.0
318 3.0 54.0 6.0 29.0 24.0
319 18.0 34.0 5.0 175.0 36.0
320 83.0 53.0 10.0 31.0 48.0
321 29.0 88.0 19.0 319.0 51.0
322 21.0 82.0 11.0 273.0 16.0
323 56.0 20.0 16.0 309.0 68.0
324 51.0 22.0 6.0 369.0 55.0
325 19.0 82.0 13.0 25.0 66.0
326 0.0 81.0 11.0 60.0 76.0
327 7.0 2.0 17.0 332.0 60.0
328 55.0 84.0 10.0 148.0 24.0
329 57.0 78.0 19.0 378.0 32.0
330 16.0 48.0 14.0 396.0 57.0
331 6.0 10.0 14.0 283.0 52.0
332 40.0 18.0 5.0 251.0 27.0
333 92.0 51.0 14.0 269.0 60.0
334 74.0 56.0 4.0 184.0 73.0
335 12.0 23.0 8.0 298.0 54.0
336 44.0 94.0 18.0 304.0 20.0
337 42.0 78.0 15.0 329.0 88.0
338 24.0 25.0 12.0 227.0 99.0
339 97.0 58.0 13.0 71.0 26.0
340 84.0 84.0 5.0 69.0 32.0
341 72.0 99.0 16.0 22.0 54.0
342 86.0 25.0 11.0 293.0 77.0
343 78.0 3.0 7.0 277.0 91.0
344 34.0 59.0 8.0 341.0 17.0
345 35.0 90.0 16.0 90.0 86.0
346 98.0 57.0 5.0 127.0 17.0
347 34.0 2.0 16.0 100.0 79.0
348 10.0 53.0 11.0 287.0 23.0
349 95.0 29.0 10.0 95.0 15.0
350 20.0 47.0 9.0 130.0 53.0
351 58.0 29.0 12.0 273.0 34.0
352 67.0 89.0 10.0 348.0 73.0
353 45.0 96.0 4.0 74.0 96.0
354 73.0 19.0 18.0 52.0 24.0
355 49.0 64.0 7.0 340.0 43.0
356 62.0 32.0 16.0 309.0 81.0
357 42.0 71.0 9.0 23.0 16.0
358 66.0 45.0 17.0 318.0 28.0
359 62.0 48.0 8.0 97.0 97.0
360 14.0 39.0 17.0 140.0 72.0
361 26.0 76.0 18.0 366.0 66.0
362 80.0 58.0 6.0 376.0 27.0
363 80.0 78.0 7.0 338.0 42.0
364 6.0 46.0 10.0 240.0 29.0
365 13.0 51.0 12.0 90.0 30.0
366 96.0 92.0 14.0 279.0 42.0
367 12.0 18.0 11.0 192.0 26.0
368 76.0 48.0 16.0 22.0 87.0
369 59.0 42.0 16.0 264.0 21.0
370 26.0 25.0 8.0 311.0 23.0
371 88.0 26.0 11.0 203.0 97.0
372 66.0 1.0 16.0 353.0 88.0
373 28.0 28.0 13.0 202.0 21.0
374 5.0 49.0 7.0 210.0 44.0
375 84.0 64.0 7.0 394.0 88.0
376 36.0 80.0 12.0 348.0 48.0
377 43.0 64.0 5.0 287.0 32.0
378 79.0 73.0 14.0 79.0 47.0
379 33.0 5.0 18.0 236.0 94.0
380 92.0 75.0 19.0 191.0 31.0
381 37.0 71.0 10.0 294.0 49.0
382 28.0 20.0 15.0 97.0 49.0
383 47.0 54.0 4.0 282.0 62.0
384 92.0 79.0 5.0 235.0 18.0
385 29.0 45.0 7.0 71.0 84.0
386 3.0 17.0 15.0 387.0 36.0
387 98.0 40.0 6.0 16.0 81.0
388 6.0 68.0 16.0 173.0 78.0
389 56.0 75.0 8.0 263.0 77.0
390 16.0 0.0 7.0 281.0 89.0
391 48.0 8.0 18.0 117.0 21.0
392 98.0 66.0 19.0 197.0 43.0
393 43.0 59.0 7.0 174.0 40.0
394 32.0 80.0 13.0 62.0 16.0
395 76.0 10.0 19.0 318.0 79.0
396 20.0 86.0 15.0 354.0 19.0
397 40.0 6.0 18.0 170.0 70.0
398 82.0 23.0 5.0 196.0 70.0
399 51.0 32.0 8.0 331.0 97.0
400 84.0 78.0 12.0 151.0 59.0
401 3.0 84.0 4.0 121.0 82.0
402 35.0 92.0 6.0 300.0 70.0
403 87.0 83.0 11.0 146.0 51.0
404 11.0 89.0 6.0 93.0 23.0
405 72.0 85.0 11.0 147.0 42.0
406 56.0 61.0 10.0 148.0 41.0
407 77.0 81.0 8.0 232.0 34.0
408 99.0 86.0 7.0 132.0 19.0
409 85.0 82.0 5.0 44.0 75.0
410 69.0 65.0 15.0 206.0 60.0
411 69.0 34.0 6.0 395.0 32.0
412 61.0 52.0 17.0 113.0 98.0
413 3.0 45.0 5.0 256.0 78.0
414 32.0 70.0 16.0 117.0 64.0
415 73.0 76.0 17.0 29.0 78.0
416 72.0 89.0 11.0 32.0 34.0
417 92.0 80.0 14.0 339.0 74.0
418 83.0 18.0 17.0 174.0 72.0
419 41.0 53.0 10.0 385.0 33.0
420 10.0 19.0 11.0 257.0 64.0
421 75.0 58.0 13.0 89.0 70.0
422 10.0 7.0 5.0 337.0 19.0
423 44.0 75.0 8.0 108.0 73.0
424 80.0 51.0 18.0 82.0 30.0
425 72.0 66.0 4.0 126.0 51.0
426 50.0 35.0 4.0 162.0 53.0
427 31.0 48.0 16.0 43.0 39.0
428 92.0 57.0 11.0 379.0 47.0
429 50.0 12.0 4.0 378.0 43.0
430 90.0 74.0 10.0 255.0 27.0
431 86.0 2.0 4.0 298.0 88.0
432 92.0 39.0 17.0 375.0 54.0
433 79.0 19.0 4.0 150.0 64.0
434 36.0 61.0 7.0 107.0 96.0
435 91.0 52.0 17.0 323.0 92.0
436 57.0 59.0 18.0 38.0 61.0
437 97.0 99.0 18.0 322.0 16.0
438 78.0 83.0 7.0 174.0 31.0
439 30.0 0.0 12.0 79.0 17.0
440 69.0 29.0 7.0 253.0 21.0
441 75.0 52.0 13.0 134.0 92.0
442 45.0 22.0 17.0 122.0 47.0
443 15.0 8.0 7.0 110.0 30.0
444 3.0 73.0 6.0 350.0 72.0
445 94.0 36.0 17.0 161.0 54.0
446 2.0 34.0 5.0 207.0 59.0
447 93.0 100.0 18.0 75.0 93.0
448 70.0 90.0 12.0 373.0 17.0
449 7.0 77.0 4.0 320.0 66.0
450 36.0 31.0 18.0 394.0 75.0
451 20.0 64.0 10.0 76.0 20.0
452 16.0 25.0 18.0 118.0 69.0
453 70.0 64.0 8.0 165.0 30.0
454 27.0 5.0 15.0 128.0 86.0
455 1.0 68.0 5.0 150.0 46.0
456 60.0 4.0 4.0 340.0 95.0
457 95.0 92.0 15.0 295.0 76.0
458 29.0 67.0 10.0 279.0 57.0
459 72.0 65.0 5.0 70.0 19.0
460 10.0 23.0 11.0 381.0 25.0
461 84.0 17.0 11.0 283.0 77.0
462 45.0 99.0 5.0 182.0 43.0
463 39.0 12.0 19.0 97.0 43.0
464 15.0 92.0 16.0 180.0 48.0
465 44.0 78.0 15.0 58.0 44.0
466 18.0 93.0 12.0 279.0 73.0
467 43.0 72.0 17.0 248.0 48.0
468 39.0 55.0 14.0 69.0 46.0
469 31.0 99.0 8.0 365.0 33.0
470 68.0 57.0 14.0 364.0 41.0
471 1.0 37.0 7.0 166.0 53.0
472 74.0 84.0 13.0 50.0 35.0
473 67.0 16.0 8.0 123.0 83.0
474 89.0 18.0 14.0 29.0 41.0
475 49.0 53.0 4.0 370.0 95.0
476 91.0 62.0 9.0 54.0 36.0
477 70.0 68.0 19.0 48.0 71.0
478 21.0 28.0 15.0 127.0 45.0
479 70.0 96.0 10.0 112.0 31.0
480 55.0 34.0 11.0 381.0 53.0
481 48.0 54.0 4.0 99.0 60.0
482 42.0 69.0 18.0 206.0 21.0
483 5.0 72.0 4.0 259.0 89.0
484 92.0 16.0 13.0 392.0 94.0
485 7.0 90.0 11.0 195.0 79.0
486 30.0 45.0 16.0 358.0 74.0
487 14.0 13.0 7.0 57.0 27.0
488 61.0 6.0 19.0 312.0 73.0
489 33.0 49.0 9.0 228.0 95.0
490 49.0 34.0 18.0 31.0 35.0
491 25.0 28.0 5.0 210.0 17.0
492 82.0 22.0 16.0 234.0 62.0
493 58.0 91.0 14.0 170.0 73.0
494 90.0 16.0 11.0 97.0 26.0
495 40.0 30.0 12.0 88.0 63.0
496 44.0 15.0 16.0 128.0 46.0
497 12.0 31.0 11.0 313.0 70.0
498 24.0 81.0 5.0 217.0 19.0
499 100.0 51.0 10.0 265.0 91.0
500 68.0 43.0 5.0 279.0 70.0
501 8.0 56.0 11.0 312.0 24.0
502 13.0 53.0 4.0 227.0 67.0
503 20.0 3.0 6.0 137.0 87.0
504 5.0 37.0 6.0 142.0 28.0
505 93.0 17.0 11.0 316.0 40.0
506 60.0 84.0 11.0 32.0 53.0
507 19.0 44.0 13.0 336.0 83.0
508 30.0 46.0 4.0 217.0 56.0
509 30.0 76.0 19.0 218.0 89.0
510 22.0 76.0 19.0 232.0 38.0
511 13.0 14.0 17.0 158.0 54.0
512 79.0 2.0 4.0 255.0 92.0
513 16.0 71.0 4.0 255.0 88.0
514 26.0 13.0 18.0 67.0 86.0
515 19.0 62.0 9.0 308.0 29.0
516 52.0 11.0 16.0 301.0 85.0
517 91.0 67.0 12.0 123.0 60.0
518 90.0 99.0 16.0 311.0 30.0
519 57.0 27.0 18.0 316.0 88.0
520 68.0 22.0 4.0 300.0 20.0
521 47.0 13.0 13.0 74.0 29.0
522 96.0 12.0 19.0 168.0 65.0
523 72.0 56.0 15.0 241.0 31.0
524 86.0 79.0 15.0 63.0 65.0
525 81.0 12.0 4.0 136.0 44.0
526 49.0 14.0 13.0 310.0 78.0
527 98.0 72.0 8.0 243.0 42.0
528 13.0 82.0 18.0 307.0 78.0
529 47.0 27.0 9.0 55.0 74.0
530 49.0 66.0 12.0 134.0 60.0
531 28.0 82.0 11.0 196.0 23.0
532 45.0 71.0 15.0 40.0 20.0
533 93.0 65.0 7.0 310.0 84.0
534 99.0 40.0 16.0 89.0 94.0
535 32.0 77.0 8.0 219.0 54.0
536 22.0 26.0 8.0 156.0 78.0
537 25.0 82.0 14.0 320.0 52.0
538 99.0 67.0 4.0 111.0 65.0
539 45.0 0.0 12.0 48.0 32.0
540 54.0 4.0 19.0 131.0 95.0
541 76.0 32.0 15.0 389.0 84.0
542 86.0 42.0 13.0 181.0 89.0
543 4.0 49.0 18.0 76.0 27.0
544 12.0 74.0 17.0 33.0 61.0
545 75.0 20.0 16.0 344.0 35.0
546 89.0 84.0 17.0 341.0 69.0
547 85.0 54.0 16.0 81.0 41.0
548 86.0 73.0 12.0 299.0 38.0
549 58.0 59.0 13.0 49.0 50.0
550 89.0 25.0 6.0 322.0 94.0
551 24.0 52.0 19.0 103.0 52.0
552 46.0 43.0 18.0 305.0 39.0
553 94.0 89.0 13.0 342.0 77.0
554 67.0 84.0 14.0 182.0 86.0
555 24.0 8.0 10.0 380.0 72.0
556 19.0 65.0 11.0 377.0 53.0
557 42.0 68.0 16.0 48.0 82.0
558 2.0 69.0 7.0 303.0 18.0
559 26.0 32.0 16.0 379.0 87.0
560 11.0 99.0 9.0 110.0 44.0
561 20.0 78.0 12.0 380.0 39.0
562 2.0 24.0 18.0 310.0 47.0
563 49.0 39.0 14.0 316.0 39.0
564 62.0 1.0 4.0 152.0 62.0
565 91.0 80.0 17.0 365.0 24.0
566 24.0 4.0 6.0 162.0 95.0
567 68.0 47.0 17.0 100.0 79.0
568 23.0 97.0 10.0 335.0 53.0
569 4.0 12.0 17.0 213.0 79.0
570 82.0 85.0 14.0 333.0 98.0
571 14.0 42.0 13.0 344.0 99.0
572 76.0 51.0 5.0 209.0 17.0
573 85.0 97.0 9.0 121.0 32.0
574 58.0 3.0 7.0 66.0 57.0
575 40.0 93.0 9.0 222.0 80.0
576 76.0 98.0 13.0 363.0 60.0
577 76.0 54.0 9.0 197.0 98.0
578 4.0 20.0 4.0 393.0 43.0
579 2.0 5.0 11.0 369.0 98.0
580 47.0 58.0 13.0 239.0 44.0
581 75.0 16.0 13.0 15.0 35.0
582 9.0 63.0 11.0 345.0 29.0
583 46.0 26.0 10.0 324.0 21.0
584 21.0 63.0 4.0 79.0 59.0
585 36.0 11.0 11.0 210.0 88.0
586 28.0 26.0 8.0 21.0 90.0
587 17.0 87.0 9.0 321.0 88.0
588 27.0 65.0 14.0 31.0 39.0
589 77.0 72.0 18.0 199.0 97.0
590 47.0 2.0 10.0 391.0 49.0
591 77.0 12.0 16.0 388.0 32.0
592 93.0 54.0 19.0 214.0 70.0
593 96.0 45.0 14.0 40.0 99.0
594 59.0 50.0 4.0 395.0 83.0
595 50.0 61.0 17.0 238.0 85.0
596 45.0 27.0 13.0 136.0 44.0
597 64.0 97.0 18.0 113.0 82.0
598 79.0 61.0 15.0 191.0 47.0
599 31.0 58.0 19.0 68.0 93.0
1772
0 552
0 70
0 267
0 148
0 475
0 383
0 247
0 285
1 506
1 193
1 176
1 282
1 82
1 189
1 329
2 539
2 67
2 540
2 54
2 372
2 142
2 564
3 299
3 49
3 371
3 65
4 575
4 59
4 212
4 376
4 321
4 251
4 27
4 113
5 439
5 127
5 397
5 347
5 150
6 232
6 240
6 125
6 326
7 230
7 117
7 411
7 17
7 106
7 440
8 94
8 493
8 112
8 221
8 21
8 597
8 88
9 124
9 37
9 399
9 45
9 292
9 529
10 42
10 118
10 438
10 570
10 122
11 473
11 273
11 581
11 354
11 202
11 395
11 591
12 80
12 463
12 585
12 147
12 229
12 161
13 186
13 446
13 87
13 497
13 504
14 227
14 519
14 279
14 33
14 284
14 323
14 57
14 171
15 131
15 386
15 301
15 326
15 578
16 53
16 69
16 594
16 64
16 148
16 369
17 541
17 117
17 106
18 430
18 517
18 375
18 242
18 548
19 304
19 249
19 278
19 356
19 500
19 230
19 53
19 369
19 411
20 213
20 542
20 48
20 138
20 47
20 593
20 333
21 94
21 597
21 479
21 352
21 448
22 557
22 377
22 111
22 434
22 414
22 381
23 266
23 152
23 396
23 34
23 321
23 537
23 56
24 352
24 448
24 275
24 416
24 405
24 116
24 554
25 378
25 363
25 407
25 415
25 257
26 330
26 206
26 365
26 235
27 376
27 251
27 394
27 535
28 59
28 252
28 311
28 465
28 337
29 349
29 104
29 90
29 445
29 134
29 299
29 65
30 489
30 153
30 274
30 427
30 486
30 508
31 236
31 150
31 514
31 555
31 226
31 454
31 379
32 541
32 117
32 207
32 290
32 49
33 519
33 284
33 351
34 152
34 469
34 402
34 321
34 113
35 51
35 142
35 234
35 97
35 431
36 100
36 178
36 189
36 283
36 270
36 406
36 114
36 175
37 281
37 244
37 124
37 490
37 399
38 258
38 315
38 286
38 593
38 499
39 341
39 576
39 573
39 518
39 447
39 140
39 40
40 341
40 479
40 597
40 88
40 137
40 447
41 124
41 265
41 596
41 529
42 118
42 438
42 201
43 66
43 390
43 443
43 422
43 327
44 343
44 395
44 308
44 525
44 591
45 351
45 519
45 480
45 399
45 292
46 106
46 198
46 520
46 440
46 151
47 592
47 499
47 593
47 333
48 157
48 187
48 542
48 130
48 272
48 333
49 207
49 290
49 342
49 371
49 90
49 299
50 332
50 145
50 154
50 80
50 496
50 174
50 161
50 442
51 522
51 303
51 234
51 142
52 168
52 112
52 136
52 291
52 294
53 500
53 69
53 358
53 369
53 81
54 540
54 564
54 95
54 574
55 401
55 485
55 560
55 232
55 240
56 321
56 537
56 251
56 531
57 128
57 195
57 323
57 171
58 382
58 236
58 192
58 75
59 165
59 252
59 575
59 376
59 337
60 385
60 317
60 551
60 507
60 218
60 350
60 280
61 273
61 372
61 564
61 488
61 456
62 458
62 588
62 162
62 200
62 510
62 159
63 400
63 524
63 135
63 548
63 231
64 249
64 269
64 267
64 148
64 369
65 349
65 299
65 550
65 371
66 390
66 443
66 503
67 539
67 590
67 391
67 540
68 204
68 305
68 553
68 140
68 287
69 594
69 359
69 81
70 129
70 153
70 552
70 247
71 320
71 298
71 255
71 126
71 547
72 415
72 179
72 189
72 82
73 294
73 241
73 462
73 353
74 223
74 439
74 503
74 194
74 566
75 192
75 312
75 259
75 262
75 236
76 108
76 252
76 316
76 328
76 329
76 282
77 470
77 523
77 334
77 368
77 224
77 567
77 268
77 441
78 318
78 455
78 501
78 388
78 144
78 582
79 87
79 497
79 123
79 110
79 452
79 335
80 154
80 463
80 161
81 359
81 268
81 358
82 189
82 415
82 176
83 450
83 274
83 129
83 281
83 244
83 495
84 449
84 156
84 404
84 107
84 260
84 238
84 528
85 91
85 293
85 114
85 283
85 254
85 477
85 410
85 102
86 599
86 317
86 191
86 551
86 515
87 186
87 497
87 185
87 460
87 335
88 221
88 597
88 137
89 327
89 579
89 422
89 331
89 569
90 207
90 146
90 445
90 213
90 432
90 160
90 299
91 470
91 453
91 412
91 549
91 293
91 410
92 397
92 463
92 150
92 585
93 140
93 573
93 219
93 122
93 546
93 287
94 352
94 275
94 493
95 564
95 456
95 574
96 387
96 169
96 138
96 432
96 160
97 296
97 234
97 431
97 512
97 308
97 343
98 126
98 428
98 547
98 248
98 130
99 364
99 413
99 314
99 571
99 119
99 182
99 504
100 178
100 316
100 389
100 175
101 157
101 424
101 187
101 320
102 477
102 410
102 425
102 172
102 453
102 459
103 266
103 396
103 115
103 568
103 466
103 587
104 258
104 303
104 169
104 349
104 134
105 220
105 556
105 162
105 513
105 144
105 510
106 181
106 541
106 198
106 440
107 404
107 205
107 587
107 158
107 528
108 311
108 252
108 423
108 166
108 316
109 181
109 398
109 545
109 492
109 418
109 433
110 319
110 478
110 123
110 452
110 295
111 468
111 393
111 132
111 434
111 377
112 221
112 493
112 233
112 168
112 136
113 345
113 402
113 321
113 212
114 283
114 406
114 293
115 196
115 241
115 560
115 464
115 568
115 466
116 176
116 472
116 405
116 554
117 230
117 239
117 264
117 207
117 541
118 219
118 576
118 416
118 201
118 122
119 571
119 360
119 123
119 497
119 504
120 595
120 215
120 475
120 313
120 141
120 580
120 307
121 495
121 265
121 229
121 442
121 145
121 583
121 596
121 332
122 219
122 570
122 340
122 546
122 403
123 360
123 497
123 218
123 319
124 244
124 265
124 529
125 240
125 401
125 156
125 184
125 326
126 255
126 428
126 547
127 439
127 397
127 253
127 190
127 539
128 273
128 195
128 473
128 520
128 171
129 552
129 563
129 153
129 274
129 281
129 490
130 248
130 272
130 187
130 547
130 435
131 386
131 326
131 569
131 579
132 468
132 199
132 434
132 344
132 197
133 208
133 149
133 414
133 200
133 509
134 445
134 169
134 160
135 565
135 524
135 548
135 177
135 384
136 328
136 252
136 291
136 233
136 506
137 168
137 221
137 294
137 241
138 213
138 387
138 315
138 593
138 432
139 532
139 166
139 302
139 355
139 557
139 530
140 518
140 209
140 573
140 553
140 457
140 287
141 580
141 383
141 475
141 481
142 372
142 431
143 462
143 469
143 353
143 336
143 575
144 388
144 582
144 220
144 513
144 544
145 332
145 442
146 213
146 542
146 264
146 207
147 585
147 236
147 382
147 229
148 267
148 313
148 594
148 475
149 376
149 208
149 509
149 535
150 397
150 585
150 236
150 347
150 379
151 520
151 171
151 284
151 440
151 278
152 469
152 196
152 266
152 568
153 489
153 274
153 247
154 397
154 463
154 391
154 496
154 521
155 507
155 261
155 350
155 206
155 330
156 401
156 485
156 449
156 184
156 238
157 368
157 239
157 424
157 187
157 542
157 264
158 587
158 396
158 325
158 528
159 510
159 200
159 361
159 509
160 432
160 169
160 445
161 229
161 332
162 451
162 556
162 588
162 584
162 510
163 460
163 210
163 420
163 246
163 335
164 237
164 526
164 521
164 271
164 429
165 291
165 252
165 336
165 575
166 532
166 423
166 270
166 178
166 256
166 316
166 530
167 422
167 443
167 511
167 222
167 487
168 221
168 294
169 258
169 387
169 534
170 421
170 598
170 425
170 263
170 375
170 172
170 459
171 520
171 284
172 421
172 523
172 470
172 453
172 459
173 512
173 372
173 273
173 202
173 343
174 227
174 279
174 496
174 526
174 289
174 324
174 442
174 237
175 189
175 329
175 389
175 316
176 415
176 472
176 554
176 193
177 380
177 384
177 430
177 548
178 270
178 316
179 415
179 189
179 283
179 257
179 228
179 254
180 476
180 375
180 255
180 598
180 362
180 298
181 541
181 290
181 398
181 545
181 198
182 413
182 318
182 455
182 471
182 504
183 408
183 437
183 366
183 553
183 457
184 449
184 326
184 444
184 288
185 562
185 186
185 210
185 578
185 460
186 562
186 446
187 320
187 547
188 501
188 318
188 348
188 543
188 374
189 283
189 329
190 539
190 590
190 391
190 397
190 253
191 515
191 584
191 588
191 599
192 536
192 338
192 370
192 312
192 382
193 506
193 275
193 554
194 222
194 555
194 503
194 566
194 226
195 516
195 279
195 273
195 277
195 488
195 323
196 469
196 241
196 568
197 458
197 588
197 599
197 434
197 344
197 199
198 545
198 354
198 520
199 489
199 317
199 599
199 247
199 468
200 414
200 458
200 509
201 416
201 438
201 472
201 405
202 273
202 395
202 343
203 515
203 584
203 451
203 556
204 305
204 225
204 287
205 404
205 464
205 466
205 587
206 515
206 551
206 235
206 350
206 330
207 264
208 376
208 414
208 337
208 381
209 447
209 437
209 518
209 366
209 457
210 578
210 420
210 460
211 243
211 367
211 511
211 300
211 312
211 335
212 575
212 345
213 542
213 432
214 418
214 474
214 398
214 342
214 492
214 550
214 371
215 580
215 310
215 595
216 468
216 285
216 393
216 383
216 580
216 310
217 301
217 326
217 471
217 446
217 504
218 360
218 571
218 319
218 507
218 280
218 250
219 576
219 573
220 582
220 556
220 515
220 276
220 235
222 259
222 555
222 503
222 443
222 300
222 487
223 439
223 503
223 390
224 230
224 239
224 368
224 567
224 500
224 358
225 305
225 245
225 527
225 380
225 384
225 417
225 287
226 454
226 566
226 555
227 519
227 279
227 292
227 324
228 425
228 477
228 589
228 257
228 254
229 450
229 586
229 382
229 495
229 332
230 239
230 500
230 411
231 242
231 548
231 263
231 378
231 363
231 400
232 240
232 560
233 493
233 506
234 522
234 296
234 494
234 484
235 515
235 502
235 276
235 365
236 262
236 514
236 585
236 382
237 279
237 516
237 526
237 429
238 404
238 485
239 368
239 264
240 401
241 469
241 560
241 462
241 294
242 263
242 375
242 548
243 420
243 386
243 569
243 511
243 331
243 367
243 246
244 281
244 265
244 495
245 408
245 527
245 305
246 335
246 367
246 420
247 489
247 285
247 419
247 468
248 428
248 435
248 592
249 304
249 269
249 369
250 319
250 280
251 321
251 394
251 531
252 291
252 311
252 328
253 397
254 283
254 477
255 476
255 428
255 298
256 355
256 309
256 270
256 530
257 378
257 589
257 415
258 315
258 303
258 534
259 555
259 262
259 312
259 300
260 449
260 561
260 544
260 288
260 528
261 571
261 314
261 507
261 330
262 555
262 514
263 375
263 378
263 589
263 425
264 542
265 495
265 596
266 396
266 568
267 563
267 269
267 552
268 470
268 412
268 567
268 359
268 358
269 304
269 480
269 563
269 426
270 309
270 406
271 521
271 391
271 516
271 429
272 435
272 333
273 372
273 473
273 488
274 559
274 385
274 486
274 450
274 306
275 352
275 493
275 506
275 554
276 348
276 501
276 502
276 582
277 516
277 540
277 488
277 456
277 574
278 356
278 284
278 411
278 440
279 516
279 323
280 478
280 559
280 319
280 385
281 490
282 506
282 328
282 329
284 356
284 351
285 383
285 419
285 468
286 315
286 593
287 546
287 565
287 417
288 544
288 483
288 444
288 449
289 442
289 583
289 324
290 541
290 398
290 342
291 336
291 353
291 294
292 519
292 324
292 529
293 549
293 406
294 353
295 536
295 478
295 452
295 312
296 494
296 461
296 297
296 308
296 525
297 433
297 418
297 461
297 581
297 525
297 591
298 320
298 424
298 577
298 362
300 511
300 312
300 487
301 326
301 578
301 446
301 562
302 557
302 377
302 310
302 355
303 522
303 505
303 349
304 480
304 356
305 408
305 553
306 450
306 373
306 559
307 313
307 595
307 436
307 406
307 309
308 343
308 525
309 355
309 595
309 406
310 393
310 377
310 355
310 580
310 595
311 423
311 465
312 536
312 452
312 335
313 549
313 412
313 436
313 594
313 475
314 365
314 348
314 364
314 571
314 330
314 374
315 534
315 387
315 593
316 389
316 329
317 489
317 427
317 385
317 599
317 551
317 508
318 455
318 501
318 413
318 543
319 478
320 424
320 547
322 561
322 325
322 396
322 537
322 498
324 583
324 529
325 561
325 396
325 528
326 471
326 455
326 444
327 422
327 390
327 579
328 506
330 365
331 511
331 422
331 569
333 435
333 592
334 523
334 421
334 577
334 441
335 460
335 452
335 367
336 353
336 575
337 465
337 376
337 423
337 467
337 381
338 536
338 491
338 370
339 392
339 346
339 533
339 476
339 428
339 592
340 403
340 409
340 570
341 576
341 479
342 398
342 371
343 395
343 512
344 434
345 575
345 402
346 499
346 538
346 592
346 392
347 439
347 379
348 501
348 502
348 365
348 374
349 505
349 550
350 551
350 507
351 480
351 356
351 519
352 448
353 462
354 545
354 581
354 473
354 520
355 595
355 530
356 480
357 532
357 467
357 482
357 381
358 500
358 567
359 412
359 594
360 571
361 510
361 509
361 498
361 531
362 421
362 598
362 577
363 378
363 400
363 409
363 407
363 438
363 570
364 413
364 543
364 374
365 502
366 437
366 457
368 424
368 572
368 441
370 491
370 586
370 382
371 550
372 512
372 431
372 564
373 450
373 586
373 491
373 559
374 543
375 517
375 476
375 598
376 535
377 557
377 393
378 589
379 439
379 454
380 517
380 527
380 384
380 430
381 482
381 557
381 414
381 467
382 586
383 475
383 580
383 481
384 565
384 417
385 559
385 486
385 508
386 578
386 420
386 569
387 534
388 455
388 558
388 483
388 544
390 503
391 590
391 540
391 516
391 397
391 521
392 538
392 527
392 517
392 533
393 468
394 535
394 509
394 531
395 591
396 587
396 537
397 463
398 492
399 480
399 426
399 490
400 409
400 524
401 485
402 575
402 469
403 409
403 524
403 565
403 546
404 485
404 560
404 464
405 472
405 416
406 549
406 436
407 415
407 472
407 438
408 538
408 527
408 437
408 499
408 553
409 524
409 570
410 453
411 440
412 549
412 594
412 470
413 543
414 434
414 458
415 472
416 448
416 576
416 479
417 565
418 474
418 461
418 492
418 433
419 468
420 578
421 523
421 598
421 577
422 443
422 511
423 532
423 467
423 465
424 572
424 577
425 477
425 589
425 459
426 563
426 480
426 490
427 489
427 508
428 476
428 592
429 516
430 517
430 548
431 512
433 545
433 581
434 458
435 592
436 549
437 447
438 472
438 570
439 454
439 566
441 577
441 572
442 583
443 503
444 483
444 558
444 455
446 562
446 504
447 518
448 479
450 586
450 495
451 556
451 584
453 470
454 566
455 471
455 558
456 488
456 564
456 574
457 553
458 588
461 474
461 494
462 469
463 585
464 560
464 466
466 587
467 532
469 575
470 523
471 504
473 520
474 505
474 484
474 494
474 550
475 481
476 517
476 533
478 491
478 559
478 536
479 576
479 597
482 532
482 557
483 558
483 544
484 522
484 505
484 494
485 560
486 508
487 511
490 563
491 559
491 536
491 586
493 506
496 526
496 521
497 504
498 510
498 561
498 537
498 531
499 538
499 592
499 593
501 582
505 522
505 550
507 571
509 535
509 531
510 513
510 561
513 544
513 561
514 555
515 584
515 551
515 556
516 540
517 527
517 533
521 526
524 565
525 591
527 538
528 561
529 583
529 596
531 537
532 557
539 590
540 574
544 561
545 581
546 565
552 563
562 578
569 579
572 577
573 576
581 591
583 596
584 588
588 599
10 0.5 0.5 0.5
