500
0 82.0 52.0 19.0 367.0 55.0
1 14.0 38.0 15.0 311.0 55.0
2 64.0 88.0 8.0 330.0 21.0
3 12.0 93.0 12.0 191.0 70.0
4 43.0 18.0 14.0 358.0 55.0
5 59.0 88.0 9.0 26.0 15.0
6 4.0 12.0 8.0 118.0 92.0
7 24.0 75.0 9.0 33.0 48.0
8 40.0 42.0 14.0 333.0 84.0
9 51.0 66.0 9.0 89.0 39.0
10 9.0 68.0 13.0 115.0 71.0
11 45.0 75.0 7.0 175.0 65.0
12 18.0 97.0 9.0 37.0 66.0
13 2.0 2.0 9.0 150.0 36.0
14 92.0 32.0 6.0 290.0 16.0
15 17.0 72.0 10.0 192.0 79.0
16 42.0 42.0 19.0 74.0 93.0
17 100.0 36.0 12.0 116.0 39.0
18 89.0 34.0 14.0 363.0 29.0
19 53.0 2.0 17.0 380.0 77.0
20 45.0 86.0 13.0 290.0 73.0
21 68.0 52.0 6.0 349.0 59.0
22 45.0 53.0 8.0 152.0 47.0
23 84.0 4.0 6.0 179.0 97.0
24 28.0 53.0 14.0 384.0 96.0
25 0.0 39.0 6.0 237.0 88.0
26 75.0 14.0 18.0 362.0 60.0
27 26.0 51.0 7.0 348.0 40.0
28 62.0 90.0 5.0 148.0 56.0
29 98.0 12.0 18.0 141.0 48.0
30 38.0 45.0 5.0 269.0 17.0
31 37.0 74.0 17.0 151.0 47.0
32 40.0 54.0 13.0 173.0 58.0
33 26.0 24.0 18.0 53.0 53.0
34 94.0 94.0 17.0 361.0 19.0
35 31.0 68.0 11.0 100.0 99.0
36 81.0 32.0 14.0 259.0 25.0
37 47.0 53.0 18.0 202.0 48.0
38 71.0 9.0 17.0 85.0 77.0
39 84.0 18.0 9.0 393.0 83.0
40 9.0 0.0 11.0 167.0 65.0
41 10.0 64.0 16.0 60.0 85.0
42 56.0 64.0 15.0 395.0 70.0
43 42.0 16.0 6.0 19.0 90.0
44 53.0 59.0 16.0 211.0 66.0
45 10.0 28.0 17.0 381.0 75.0
46 17.0 34.0 17.0 76.0 69.0
47 57.0 45.0 17.0 284.0 50.0
48 73.0 49.0 9.0 104.0 85.0
49 41.0 78.0 11.0 315.0 52.0
50 24.0 4.0 7.0 292.0 97.0
51 11.0 85.0 12.0 35.0 65.0
52 39.0 76.0 9.0 298.0 73.0
53 65.0 47.0 17.0 357.0 83.0
54 71.0 1.0 11.0 311.0 15.0
55 7.0 71.0 14.0 56.0 79.0
56 65.0 12.0 19.0 83.0 92.0
57 13.0 99.0 17.0 196.0 33.0
58 43.0 69.0 18.0 30.0 89.0
59 57.0 90.0 9.0 184.0 59.0
60 33.0 28.0 16.0 349.0 83.0
61 56.0 69.0 17.0 222.0 68.0
62 61.0 29.0 9.0 88.0 83.0
63 17.0 98.0 14.0 372.0 34.0
64 98.0 100.0 18.0 333.0 42.0
65 81.0 14.0 4.0 399.0 69.0
66 71.0 26.0 14.0 80.0 21.0
67 65.0 46.0 17.0 324.0 83.0
68 79.0 77.0 9.0 102.0 31.0
69 3.0 18.0 19.0 124.0 31.0
70 7.0 48.0 8.0 85.0 67.0
71 64.0 18.0 12.0 246.0 25.0
72 16.0 45.0 13.0 276.0 44.0
73 100.0 89.0 9.0 340.0 91.0
74 30.0 67.0 19.0 223.0 35.0
75 65.0 8.0 19.0 58.0 31.0
76 95.0 44.0 15.0 218.0 59.0
77 64.0 14.0 6.0 24.0 18.0
78 95.0 36.0 14.0 326.0 61.0
79 100.0 72.0 8.0 206.0 66.0
80 47.0 84.0 5.0 27.0 61.0
81 63.0 99.0 19.0 99.0 34.0
82 47.0 86.0 18.0 61.0 98.0
83 41.0 59.0 18.0 157.0 22.0
84 0.0 93.0 14.0 322.0 19.0
85 10.0 2.0 14.0 45.0 68.0
86 74.0 17.0 17.0 197.0 62.0
87 54.0 56.0 4.0 283.0 29.0
88 7.0 93.0 8.0 162.0 91.0
89 95.0 68.0 6.0 184.0 71.0
90 93.0 19.0 8.0 232.0 43.0
91 74.0 93.0 5.0 132.0 73.0
92 92.0 70.0 4.0 177.0 15.0
93 49.0 29.0 4.0 124.0 33.0
94 34.0 66.0 8.0 233.0 68.0
95 82.0 5.0 11.0 106.0 91.0
96 99.0 74.0 13.0 333.0 78.0
97 79.0 78.0 9.0 327.0 44.0
98 29.0 10.0 5.0 317.0 74.0
99 4.0 53.0 12.0 283.0 63.0
100 12.0 35.0 9.0 262.0 29.0
101 4.0 28.0 4.0 90.0 50.0
102 46.0 13.0 10.0 277.0 98.0
103 71.0 37.0 17.0 304.0 58.0
104 57.0 30.0 6.0 36.0 36.0
105 16.0 77.0 5.0 183.0 74.0
106 77.0 56.0 12.0 234.0 63.0
107 8.0 30.0 19.0 207.0 99.0
108 94.0 10.0 4.0 374.0 67.0
109 53.0 97.0 6.0 89.0 57.0
110 95.0 53.0 9.0 232.0 25.0
111 84.0 55.0 17.0 304.0 94.0
112 27.0 13.0 11.0 115.0 49.0
113 3.0 97.0 19.0 74.0 62.0
114 94.0 41.0 19.0 39.0 27.0
115 66.0 56.0 17.0 160.0 98.0
116 22.0 14.0 18.0 207.0 31.0
117 90.0 19.0 4.0 293.0 23.0
118 64.0 40.0 12.0 141.0 52.0
119 62.0 32.0 10.0 319.0 72.0
120 61.0 4.0 17.0 239.0 18.0
121 47.0 17.0 12.0 87.0 32.0
122 94.0 29.0 19.0 271.0 33.0
123 24.0 52.0 15.0 212.0 94.0
124 59.0 21.0 13.0 205.0 31.0
125 14.0 9.0 10.0 53.0 38.0
126 47.0 63.0 8.0 95.0 69.0
127 70.0 37.0 17.0 353.0 59.0
128 90.0 66.0 14.0 16.0 33.0
129 38.0 5.0 13.0 156.0 61.0
130 10.0 21.0 13.0 302.0 59.0
131 1.0 88.0 18.0 198.0 76.0
132 98.0 5.0 9.0 385.0 38.0
133 43.0 31.0 5.0 276.0 77.0
134 94.0 96.0 16.0 307.0 52.0
135 73.0 92.0 15.0 207.0 94.0
136 76.0 55.0 13.0 128.0 46.0
137 98.0 72.0 16.0 27.0 88.0
138 46.0 55.0 9.0 123.0 59.0
139 34.0 48.0 17.0 68.0 64.0
140 69.0 53.0 4.0 50.0 65.0
141 56.0 84.0 12.0 21.0 41.0
142 67.0 80.0 5.0 195.0 50.0
143 93.0 96.0 6.0 19.0 63.0
144 19.0 91.0 14.0 123.0 86.0
145 77.0 77.0 8.0 165.0 63.0
146 49.0 56.0 16.0 273.0 52.0
147 25.0 49.0 12.0 273.0 97.0
148 2.0 80.0 14.0 323.0 53.0
149 66.0 32.0 19.0 36.0 99.0
150 8.0 26.0 13.0 126.0 50.0
151 74.0 35.0 11.0 395.0 53.0
152 9.0 92.0 13.0 263.0 76.0
153 33.0 10.0 19.0 222.0 74.0
154 40.0 82.0 17.0 231.0 72.0
155 98.0 31.0 15.0 123.0 70.0
156 37.0 78.0 10.0 159.0 41.0
157 88.0 17.0 15.0 338.0 18.0
158 89.0 30.0 10.0 378.0 50.0
159 44.0 24.0 11.0 380.0 78.0
160 81.0 13.0 16.0 140.0 54.0
161 18.0 50.0 18.0 139.0 57.0
162 61.0 23.0 18.0 372.0 79.0
163 13.0 63.0 19.0 314.0 67.0
164 23.0 93.0 14.0 78.0 95.0
165 30.0 15.0 17.0 175.0 96.0
166 85.0 64.0 11.0 112.0 58.0
167 24.0 46.0 7.0 68.0 49.0
168 83.0 49.0 12.0 339.0 20.0
169 33.0 20.0 14.0 73.0 48.0
170 34.0 52.0 13.0 208.0 23.0
171 25.0 9.0 12.0 78.0 93.0
172 92.0 67.0 12.0 253.0 80.0
173 68.0 94.0 18.0 398.0 20.0
174 62.0 66.0 7.0 271.0 48.0
175 73.0 24.0 8.0 224.0 73.0
176 87.0 100.0 6.0 169.0 89.0
177 13.0 7.0 12.0 343.0 41.0
178 64.0 70.0 12.0 46.0 28.0
179 0.0 46.0 9.0 90.0 21.0
180 20.0 74.0 11.0 163.0 70.0
181 29.0 85.0 4.0 197.0 20.0
182 86.0 10.0 9.0 319.0 77.0
183 56.0 1.0 4.0 322.0 70.0
184 66.0 59.0 9.0 192.0 88.0
185 21.0 6.0 11.0 272.0 73.0
186 41.0 53.0 9.0 165.0 63.0
187 38.0 14.0 19.0 210.0 31.0
188 96.0 14.0 16.0 398.0 37.0
189 30.0 68.0 19.0 185.0 75.0
190 67.0 60.0 19.0 21.0 62.0
191 65.0 2.0 11.0 280.0 92.0
192 58.0 53.0 5.0 319.0 30.0
193 67.0 42.0 9.0 220.0 75.0
194 37.0 12.0 5.0 200.0 77.0
195 41.0 63.0 19.0 60.0 90.0
196 50.0 100.0 7.0 249.0 22.0
197 54.0 81.0 6.0 239.0 68.0
198 45.0 95.0 18.0 232.0 47.0
199 77.0 63.0 6.0 101.0 64.0
200 82.0 36.0 17.0 311.0 62.0
201 71.0 49.0 5.0 169.0 16.0
202 88.0 70.0 6.0 25.0 80.0
203 69.0 30.0 5.0 317.0 31.0
204 32.0 96.0 19.0 68.0 28.0
205 54.0 0.0 8.0 232.0 75.0
206 63.0 16.0 14.0 71.0 79.0
207 24.0 24.0 17.0 196.0 67.0
208 71.0 39.0 8.0 392.0 30.0
209 61.0 56.0 19.0 109.0 90.0
210 64.0 25.0 17.0 172.0 20.0
211 74.0 87.0 18.0 245.0 68.0
212 41.0 43.0 4.0 28.0 44.0
213 80.0 47.0 17.0 149.0 70.0
214 7.0 3.0 18.0 76.0 93.0
215 25.0 59.0 5.0 182.0 93.0
216 44.0 83.0 16.0 117.0 51.0
217 48.0 86.0 17.0 348.0 91.0
218 80.0 38.0 9.0 86.0 66.0
219 5.0 27.0 16.0 45.0 47.0
220 80.0 32.0 9.0 64.0 71.0
221 43.0 48.0 19.0 66.0 48.0
222 90.0 57.0 19.0 37.0 57.0
223 0.0 58.0 16.0 373.0 66.0
224 32.0 26.0 15.0 317.0 45.0
225 73.0 6.0 16.0 143.0 60.0
226 75.0 67.0 12.0 194.0 41.0
227 68.0 85.0 18.0 136.0 90.0
228 86.0 71.0 19.0 351.0 85.0
229 29.0 45.0 10.0 157.0 90.0
230 3.0 67.0 9.0 69.0 18.0
231 0.0 12.0 19.0 257.0 35.0
232 78.0 17.0 8.0 40.0 39.0
233 1.0 8.0 6.0 154.0 91.0
234 53.0 54.0 10.0 338.0 98.0
235 25.0 78.0 6.0 367.0 57.0
236 80.0 75.0 5.0 145.0 90.0
237 13.0 14.0 11.0 149.0 18.0
238 89.0 23.0 18.0 302.0 16.0
239 95.0 6.0 11.0 72.0 48.0
240 78.0 68.0 9.0 36.0 56.0
241 46.0 51.0 13.0 377.0 43.0
242 77.0 71.0 17.0 268.0 61.0
243 17.0 92.0 8.0 119.0 50.0
244 97.0 67.0 7.0 233.0 69.0
245 13.0 59.0 8.0 167.0 31.0
246 73.0 25.0 19.0 17.0 18.0
247 91.0 89.0 6.0 103.0 93.0
248 94.0 45.0 7.0 304.0 93.0
249 78.0 63.0 18.0 354.0 69.0
250 49.0 87.0 14.0 72.0 22.0
251 13.0 25.0 18.0 306.0 35.0
252 2.0 6.0 9.0 41.0 17.0
253 48.0 77.0 7.0 374.0 45.0
254 27.0 14.0 8.0 391.0 17.0
255 91.0 0.0 13.0 103.0 18.0
256 28.0 38.0 19.0 192.0 53.0
257 17.0 71.0 7.0 212.0 72.0
258 19.0 30.0 13.0 353.0 58.0
259 12.0 27.0 6.0 258.0 32.0
260 100.0 53.0 6.0 259.0 87.0
261 27.0 94.0 8.0 343.0 27.0
262 18.0 53.0 15.0 177.0 72.0
263 37.0 9.0 14.0 125.0 76.0
264 14.0 1.0 15.0 151.0 45.0
265 96.0 19.0 14.0 132.0 86.0
266 11.0 92.0 11.0 203.0 35.0
267 0.0 17.0 18.0 264.0 61.0
268 13.0 27.0 11.0 58.0 47.0
269 1.0 71.0 9.0 43.0 36.0
270 30.0 28.0 10.0 262.0 91.0
271 6.0 0.0 6.0 330.0 38.0
272 79.0 1.0 15.0 297.0 36.0
273 84.0 92.0 7.0 165.0 72.0
274 5.0 53.0 12.0 170.0 55.0
275 16.0 1.0 4.0 155.0 30.0
276 25.0 96.0 18.0 185.0 66.0
277 90.0 34.0 14.0 380.0 69.0
278 21.0 1.0 7.0 164.0 95.0
279 69.0 81.0 18.0 51.0 23.0
280 36.0 85.0 12.0 19.0 75.0
281 57.0 57.0 5.0 158.0 52.0
282 32.0 67.0 5.0 365.0 65.0
283 65.0 16.0 5.0 79.0 75.0
284 39.0 54.0 4.0 126.0 34.0
285 61.0 32.0 5.0 187.0 83.0
286 39.0 95.0 12.0 219.0 16.0
287 42.0 34.0 5.0 49.0 46.0
288 20.0 60.0 14.0 70.0 89.0
289 94.0 43.0 17.0 293.0 58.0
290 67.0 20.0 14.0 387.0 47.0
291 91.0 58.0 9.0 329.0 97.0
292 98.0 8.0 12.0 107.0 51.0
293 87.0 42.0 6.0 300.0 76.0
294 57.0 54.0 10.0 237.0 46.0
295 41.0 54.0 11.0 318.0 98.0
296 12.0 87.0 5.0 309.0 79.0
297 33.0 84.0 15.0 397.0 87.0
298 13.0 9.0 8.0 378.0 94.0
299 16.0 98.0 13.0 183.0 66.0
300 22.0 97.0 19.0 44.0 82.0
301 20.0 49.0 11.0 187.0 83.0
302 66.0 83.0 16.0 150.0 71.0
303 12.0 11.0 10.0 21.0 46.0
304 61.0 7.0 17.0 347.0 92.0
305 4.0 19.0 16.0 262.0 37.0
306 57.0 82.0 8.0 328.0 51.0
307 77.0 95.0 7.0 273.0 72.0
308 62.0 55.0 5.0 350.0 51.0
309 10.0 95.0 16.0 68.0 77.0
310 62.0 12.0 10.0 376.0 92.0
311 65.0 98.0 15.0 317.0 44.0
312 57.0 93.0 13.0 230.0 19.0
313 44.0 29.0 7.0 354.0 30.0
314 98.0 51.0 5.0 64.0 34.0
315 67.0 86.0 12.0 112.0 32.0
316 57.0 53.0 19.0 233.0 81.0
317 46.0 64.0 17.0 253.0 18.0
318 100.0 64.0 19.0 297.0 86.0
319 47.0 81.0 8.0 205.0 18.0
320 17.0 67.0 14.0 101.0 31.0
321 96.0 13.0 17.0 207.0 45.0
322 95.0 63.0 11.0 128.0 32.0
323 81.0 8.0 8.0 258.0 87.0
324 11.0 15.0 12.0 41.0 64.0
325 34.0 25.0 8.0 337.0 59.0
326 1.0 1.0 16.0 277.0 24.0
327 97.0 65.0 10.0 16.0 93.0
328 2.0 65.0 15.0 88.0 88.0
329 78.0 0.0 4.0 277.0 93.0
330 83.0 71.0 19.0 254.0 23.0
331 21.0 94.0 18.0 331.0 39.0
332 58.0 99.0 5.0 46.0 86.0
333 11.0 72.0 6.0 288.0 40.0
334 92.0 3.0 14.0 105.0 28.0
335 100.0 2.0 19.0 154.0 16.0
336 4.0 52.0 10.0 389.0 17.0
337 80.0 76.0 12.0 294.0 18.0
338 87.0 68.0 18.0 89.0 86.0
339 91.0 27.0 15.0 112.0 76.0
340 93.0 12.0 11.0 73.0 20.0
341 48.0 97.0 12.0 187.0 78.0
342 27.0 39.0 8.0 270.0 36.0
343 58.0 70.0 10.0 276.0 48.0
344 7.0 98.0 8.0 67.0 94.0
345 48.0 57.0 9.0 294.0 53.0
346 81.0 20.0 11.0 280.0 83.0
347 99.0 63.0 13.0 33.0 74.0
348 89.0 72.0 10.0 15.0 68.0
349 94.0 31.0 4.0 236.0 75.0
350 15.0 62.0 16.0 246.0 30.0
351 20.0 69.0 15.0 208.0 48.0
352 0.0 61.0 19.0 233.0 48.0
353 77.0 74.0 14.0 106.0 97.0
354 44.0 59.0 4.0 194.0 65.0
355 56.0 55.0 5.0 351.0 57.0
356 28.0 76.0 14.0 118.0 18.0
357 50.0 2.0 18.0 262.0 72.0
358 36.0 30.0 4.0 67.0 58.0
359 89.0 56.0 8.0 46.0 16.0
360 53.0 74.0 6.0 98.0 88.0
361 18.0 29.0 6.0 240.0 66.0
362 88.0 83.0 19.0 366.0 26.0
363 23.0 63.0 14.0 134.0 18.0
364 2.0 29.0 7.0 86.0 37.0
365 11.0 35.0 8.0 86.0 18.0
366 43.0 90.0 4.0 161.0 20.0
367 46.0 92.0 9.0 218.0 82.0
368 45.0 49.0 19.0 374.0 90.0
369 57.0 52.0 19.0 64.0 91.0
370 40.0 57.0 17.0 297.0 22.0
371 7.0 46.0 12.0 395.0 60.0
372 78.0 64.0 14.0 295.0 90.0
373 4.0 5.0 14.0 188.0 74.0
374 24.0 1.0 9.0 182.0 50.0
375 72.0 70.0 7.0 191.0 25.0
376 99.0 28.0 6.0 29.0 54.0
377 84.0 62.0 4.0 273.0 28.0
378 60.0 37.0 4.0 189.0 85.0
379 94.0 17.0 16.0 153.0 25.0
380 81.0 79.0 17.0 271.0 70.0
381 73.0 12.0 14.0 309.0 28.0
382 79.0 75.0 18.0 157.0 74.0
383 26.0 18.0 18.0 285.0 63.0
384 4.0 91.0 15.0 116.0 80.0
385 21.0 14.0 18.0 100.0 75.0
386 2.0 21.0 18.0 151.0 89.0
387 94.0 63.0 12.0 225.0 32.0
388 33.0 37.0 4.0 83.0 99.0
389 62.0 94.0 4.0 152.0 66.0
390 84.0 36.0 13.0 287.0 23.0
391 71.0 2.0 6.0 245.0 63.0
392 63.0 35.0 14.0 154.0 48.0
393 48.0 22.0 7.0 376.0 16.0
394 50.0 87.0 8.0 277.0 73.0
395 38.0 48.0 11.0 82.0 69.0
396 79.0 87.0 14.0 311.0 92.0
397 2.0 9.0 4.0 273.0 59.0
398 67.0 90.0 13.0 283.0 42.0
399 55.0 94.0 8.0 175.0 58.0
400 89.0 54.0 7.0 81.0 27.0
401 68.0 59.0 15.0 27.0 61.0
402 19.0 66.0 7.0 240.0 94.0
403 42.0 85.0 18.0 277.0 34.0
404 57.0 15.0 6.0 260.0 47.0
405 74.0 41.0 13.0 262.0 37.0
406 89.0 16.0 9.0 225.0 63.0
407 21.0 66.0 9.0 252.0 30.0
408 25.0 70.0 10.0 150.0 40.0
409 7.0 97.0 17.0 241.0 50.0
410 30.0 16.0 13.0 208.0 49.0
411 16.0 69.0 17.0 369.0 78.0
412 77.0 80.0 16.0 399.0 64.0
413 26.0 21.0 6.0 124.0 58.0
414 75.0 66.0 16.0 350.0 54.0
415 51.0 47.0 4.0 28.0 59.0
416 79.0 0.0 12.0 56.0 66.0
417 99.0 33.0 8.0 393.0 62.0
418 75.0 99.0 10.0 317.0 67.0
419 56.0 15.0 7.0 116.0 30.0
420 33.0 78.0 7.0 175.0 61.0
421 14.0 81.0 17.0 182.0 29.0
422 84.0 68.0 19.0 393.0 61.0
423 62.0 0.0 14.0 22.0 73.0
424 93.0 17.0 6.0 150.0 97.0
425 48.0 64.0 16.0 196.0 35.0
426 35.0 92.0 15.0 287.0 41.0
427 67.0 64.0 4.0 79.0 17.0
428 32.0 13.0 18.0 290.0 94.0
429 91.0 43.0 16.0 238.0 90.0
430 76.0 8.0 11.0 201.0 88.0
431 94.0 93.0 7.0 191.0 41.0
432 18.0 38.0 11.0 114.0 49.0
433 62.0 43.0 18.0 395.0 73.0
434 78.0 72.0 5.0 153.0 91.0
435 69.0 32.0 15.0 142.0 74.0
436 18.0 46.0 6.0 305.0 87.0
437 94.0 62.0 11.0 204.0 84.0
438 83.0 100.0 7.0 372.0 23.0
439 96.0 48.0 13.0 393.0 53.0
440 54.0 95.0 18.0 81.0 97.0
441 36.0 90.0 16.0 280.0 53.0
442 60.0 6.0 11.0 113.0 63.0
443 20.0 64.0 18.0 41.0 67.0
444 40.0 30.0 18.0 111.0 74.0
445 76.0 46.0 12.0 178.0 76.0
446 64.0 97.0 4.0 314.0 45.0
447 71.0 94.0 17.0 151.0 66.0
448 54.0 3.0 6.0 390.0 92.0
449 67.0 100.0 12.0 323.0 71.0
450 79.0 25.0 12.0 214.0 65.0
451 55.0 34.0 5.0 54.0 88.0
452 73.0 100.0 6.0 94.0 42.0
453 87.0 57.0 17.0 70.0 48.0
454 57.0 43.0 9.0 382.0 78.0
455 49.0 57.0 13.0 280.0 43.0
456 41.0 1.0 15.0 274.0 29.0
457 71.0 86.0 7.0 133.0 82.0
458 56.0 98.0 18.0 52.0 44.0
459 74.0 6.0 10.0 355.0 23.0
460 0.0 84.0 10.0 379.0 84.0
461 29.0 9.0 10.0 366.0 96.0
462 88.0 57.0 10.0 291.0 42.0
463 85.0 88.0 19.0 169.0 25.0
464 31.0 35.0 17.0 300.0 54.0
465 0.0 51.0 5.0 242.0 95.0
466 3.0 95.0 10.0 234.0 81.0
467 49.0 1.0 7.0 367.0 48.0
468 21.0 56.0 10.0 135.0 36.0
469 75.0 20.0 6.0 244.0 42.0
470 13.0 23.0 5.0 29.0 62.0
471 71.0 85.0 12.0 24.0 88.0
472 16.0 17.0 13.0 351.0 29.0
473 85.0 31.0 9.0 267.0 34.0
474 65.0 5.0 13.0 83.0 21.0
475 92.0 36.0 4.0 284.0 49.0
476 89.0 98.0 16.0 192.0 84.0
477 26.0 83.0 5.0 148.0 40.0
478 53.0 77.0 17.0 378.0 72.0
479 92.0 28.0 17.0 252.0 90.0
480 72.0 36.0 16.0 224.0 28.0
481 85.0 29.0 5.0 133.0 22.0
482 84.0 64.0 16.0 379.0 16.0
483 31.0 63.0 7.0 259.0 49.0
484 73.0 78.0 12.0 187.0 72.0
485 14.0 75.0 10.0 331.0 99.0
486 94.0 80.0 4.0 383.0 21.0
487 19.0 84.0 15.0 395.0 88.0
488 57.0 31.0 16.0 324.0 34.0
489 18.0 65.0 17.0 390.0 71.0
490 91.0 77.0 16.0 282.0 33.0
491 72.0 40.0 9.0 189.0 39.0
492 3.0 20.0 10.0 253.0 86.0
493 47.0 93.0 12.0 65.0 65.0
494 36.0 63.0 10.0 73.0 52.0
495 87.0 77.0 16.0 105.0 83.0
496 15.0 40.0 16.0 298.0 76.0
497 10.0 20.0 13.0 117.0 18.0
498 11.0 13.0 8.0 72.0 42.0
499 22.0 50.0 13.0 80.0 33.0
1465
0 168
0 213
0 136
0 106
0 111
1 496
1 432
1 365
1 371
1 46
1 100
2 398
2 28
2 5
2 315
2 302
3 309
3 57
3 266
3 299
3 243
4 393
4 121
4 159
4 43
4 169
4 325
5 59
5 28
5 141
5 306
5 302
6 397
6 231
6 373
6 267
6 69
6 324
6 498
6 305
6 303
7 235
7 356
7 408
7 180
8 30
8 388
8 212
8 16
8 287
9 61
9 42
9 425
9 58
9 360
9 11
9 44
10 55
10 333
10 411
10 41
10 163
10 230
11 58
11 360
11 253
11 52
11 319
11 49
12 63
12 300
12 331
12 243
12 299
13 326
13 271
13 252
13 214
13 373
14 78
14 349
14 475
14 158
14 479
14 277
14 122
15 485
15 333
15 105
15 180
15 257
16 221
16 368
16 415
16 212
16 451
16 287
17 335
17 376
17 314
17 260
17 439
17 76
17 417
17 114
17 78
18 390
18 293
18 475
18 473
18 158
18 277
19 357
19 448
19 205
19 183
20 403
20 216
20 80
20 82
20 366
20 367
21 308
21 53
21 201
21 140
21 115
22 138
22 37
22 295
22 186
22 241
22 368
23 334
23 255
23 182
23 416
23 272
23 95
24 483
24 170
24 139
24 229
24 27
24 123
24 215
25 107
25 364
25 371
25 365
25 179
25 267
26 86
26 381
26 232
26 430
26 160
26 65
27 123
27 147
27 229
28 389
28 312
28 59
28 398
29 376
29 335
29 265
29 292
29 108
29 321
29 188
30 139
30 395
30 221
30 229
30 388
30 212
31 58
31 52
31 94
31 420
31 356
31 156
31 35
31 282
32 295
32 186
32 284
32 370
33 413
33 207
33 270
33 224
33 169
34 73
34 64
34 134
34 143
34 431
35 356
35 282
35 74
35 189
36 390
36 473
36 481
36 450
36 220
36 200
37 146
37 234
37 138
37 415
37 241
38 56
38 381
38 430
38 75
38 474
38 225
39 238
39 346
39 157
39 182
39 65
40 374
40 205
40 214
40 271
40 85
40 278
40 275
40 264
41 352
41 328
41 245
41 163
41 274
41 223
41 230
42 61
42 174
42 209
42 281
42 44
42 343
43 102
43 121
43 187
43 169
44 281
44 425
44 126
44 455
44 87
45 365
45 107
45 150
45 100
45 268
45 259
46 432
46 342
46 258
46 100
46 268
46 361
47 369
47 53
47 433
47 454
47 415
48 445
48 201
48 213
48 136
48 140
49 156
49 52
49 154
49 216
49 319
50 461
50 374
50 278
50 171
50 185
51 460
51 148
51 421
51 296
51 152
51 384
51 131
52 58
52 156
53 201
53 67
53 369
53 433
53 308
53 192
54 329
54 423
54 191
54 391
55 269
55 148
55 333
55 230
56 381
56 310
56 77
56 283
56 75
57 63
57 196
57 309
57 344
57 299
58 425
58 317
58 195
58 94
59 141
59 394
59 312
59 399
60 270
60 224
60 325
60 358
60 464
61 360
61 343
62 149
62 210
62 162
62 104
62 285
62 119
62 488
63 196
63 300
63 299
64 476
64 176
64 143
64 73
64 134
65 160
65 182
65 232
65 346
66 203
66 210
66 246
66 175
66 151
66 290
67 201
67 193
67 433
68 145
68 97
68 382
68 337
68 380
69 267
69 305
69 492
70 336
70 274
70 179
70 371
70 72
70 161
70 262
70 245
71 162
71 124
71 206
71 283
71 290
72 371
72 161
72 496
72 432
72 436
73 247
73 486
73 96
73 79
73 431
74 282
74 483
74 189
74 408
74 363
75 474
75 304
75 310
76 439
76 248
76 289
76 114
77 310
77 283
77 206
78 114
78 475
78 417
78 155
78 349
79 137
79 96
79 318
79 244
80 319
80 216
80 217
80 82
80 197
80 394
81 332
81 449
81 389
81 446
81 311
82 217
82 367
82 250
83 354
83 370
83 195
83 494
84 466
84 113
84 384
84 131
84 460
85 214
85 177
85 264
86 381
86 283
86 232
86 469
86 290
87 281
87 146
87 234
87 455
87 355
88 384
88 466
88 152
88 409
88 309
89 137
89 92
89 244
89 327
89 172
89 387
90 117
90 238
90 339
90 265
90 424
90 379
91 135
91 447
91 418
91 307
91 396
91 211
92 137
92 172
92 202
92 348
92 490
93 104
93 393
93 159
93 313
93 133
93 287
93 451
94 195
94 494
94 483
94 282
95 430
95 323
95 272
95 182
96 137
96 486
96 490
97 412
97 380
97 145
98 461
98 171
98 153
98 428
98 112
99 223
99 465
99 336
99 274
100 365
100 268
101 364
101 107
101 219
101 386
102 419
102 121
102 448
102 187
102 357
102 194
102 263
102 456
102 129
103 127
103 208
103 480
104 393
104 124
104 162
104 451
104 488
105 421
105 487
105 235
105 180
105 485
106 136
106 377
106 249
106 401
106 199
106 111
107 364
107 365
107 219
107 150
108 334
108 182
108 292
108 239
108 340
108 321
109 341
109 196
109 458
109 440
110 314
110 439
110 260
110 291
110 437
110 347
110 400
110 222
111 377
111 453
111 400
111 168
112 171
112 254
112 165
112 116
112 428
113 466
113 409
113 344
114 289
114 429
114 475
115 308
115 140
115 184
115 401
115 209
116 254
116 383
116 171
116 385
117 238
117 424
117 406
117 157
118 378
118 392
118 433
118 193
118 127
119 285
119 149
119 392
120 183
120 423
120 474
120 304
120 191
120 442
121 393
121 419
122 155
122 376
122 349
122 265
122 479
123 147
123 499
123 215
123 468
124 419
124 393
124 404
124 162
124 206
125 298
125 177
125 185
125 303
125 237
125 385
126 317
126 425
126 354
126 345
126 455
127 392
127 208
127 193
127 480
127 149
127 435
128 437
128 291
128 166
128 338
128 202
128 172
128 387
129 263
129 456
129 153
129 461
129 374
130 497
130 305
130 470
130 492
130 150
131 460
131 384
132 334
132 335
132 292
132 239
133 313
133 287
133 444
134 143
135 398
135 447
135 457
135 211
136 213
136 401
136 140
137 244
137 490
138 146
138 295
138 354
138 345
139 170
139 395
139 229
140 201
140 401
141 197
141 394
141 306
142 484
142 375
142 279
142 178
142 306
142 302
143 476
143 247
143 431
144 487
144 296
144 477
144 164
144 331
144 243
145 412
145 484
145 353
145 382
146 234
146 345
146 455
147 499
147 229
147 167
148 269
148 460
148 421
148 333
148 485
149 210
149 203
149 392
149 435
150 492
150 219
150 470
150 251
150 259
151 220
151 246
151 203
151 218
151 405
151 435
151 480
152 296
152 384
152 266
152 309
153 194
153 428
153 263
153 461
154 156
154 280
154 403
154 216
155 417
155 376
155 349
156 420
156 297
156 280
157 182
157 406
157 238
158 481
158 473
158 339
158 479
158 277
159 393
159 313
159 444
159 325
160 323
160 182
160 430
161 262
161 436
161 301
161 499
162 210
162 290
163 350
163 245
163 411
163 320
164 477
164 181
164 261
164 276
164 300
164 331
165 410
165 428
165 254
166 338
166 291
166 422
166 482
166 377
166 462
167 499
167 301
167 229
167 436
167 432
167 342
168 429
168 293
168 400
168 213
169 187
169 428
169 410
169 413
169 224
169 325
170 483
170 395
170 494
170 370
170 284
171 461
171 185
171 385
172 387
172 202
173 398
173 447
173 389
173 449
173 446
173 311
174 209
174 178
174 427
174 343
174 184
175 246
175 450
175 469
175 290
176 476
176 273
176 438
177 214
177 373
177 275
177 264
177 303
177 298
177 185
178 375
178 427
178 343
178 306
179 371
179 336
179 465
180 235
180 408
180 351
180 257
181 297
181 420
181 477
181 261
181 426
181 441
182 334
182 323
182 340
182 406
183 423
183 205
183 442
183 448
184 427
184 190
184 209
184 401
185 278
185 275
185 385
186 221
186 395
186 295
186 368
186 284
187 428
187 194
188 321
188 340
188 265
188 379
189 408
189 356
190 427
190 401
191 423
191 474
191 391
192 308
192 369
192 209
192 294
192 316
193 201
193 491
193 433
193 208
194 428
194 263
195 317
195 354
195 494
196 449
196 332
196 341
196 286
196 458
196 204
196 300
197 394
197 306
197 478
197 319
198 341
198 286
198 493
198 366
198 367
199 414
199 401
199 249
199 372
200 220
200 218
200 390
201 445
201 491
201 405
202 348
202 338
202 228
203 210
203 435
204 426
204 286
204 261
204 276
204 300
205 423
205 374
205 357
205 456
205 467
206 283
206 310
206 404
207 413
207 472
207 258
207 270
207 470
207 361
208 491
208 480
209 281
209 308
209 294
210 290
211 457
211 471
211 396
211 412
212 221
213 293
213 445
213 218
214 271
214 373
215 483
215 363
215 288
215 468
216 403
216 319
217 394
217 250
218 220
218 405
218 390
218 293
218 445
219 386
219 492
220 246
220 450
221 395
221 368
222 359
222 400
222 291
222 462
223 352
223 274
223 465
224 325
224 270
225 391
225 459
225 430
225 474
226 414
226 240
226 242
226 375
227 471
227 279
227 457
227 315
227 302
228 348
228 495
228 330
228 422
228 338
229 388
229 342
229 256
230 269
230 328
231 233
231 326
231 397
231 267
232 469
232 346
233 326
233 252
233 397
234 415
234 369
234 316
234 355
235 477
235 487
235 356
236 330
236 495
236 382
236 434
236 337
237 498
237 324
237 472
237 303
237 385
238 481
238 346
238 339
239 334
239 292
240 242
240 434
240 330
240 372
240 414
240 422
240 482
241 415
241 368
242 434
242 375
242 353
243 331
243 296
243 299
243 266
244 318
244 327
245 350
245 274
245 262
245 288
246 450
247 486
247 362
247 476
247 273
247 463
247 431
248 439
248 400
248 429
248 289
249 377
249 372
249 482
250 394
250 493
250 367
251 470
251 361
251 268
251 259
252 326
252 397
252 373
253 478
253 360
253 319
254 410
254 383
255 334
255 335
255 416
256 342
256 258
256 270
256 464
256 388
257 411
257 333
257 351
258 270
258 342
258 361
259 268
260 347
260 318
260 314
261 426
261 276
262 288
262 468
262 499
264 275
265 376
265 479
265 339
265 379
266 296
266 309
267 364
267 386
267 492
268 361
269 352
269 328
269 460
270 464
271 326
272 416
272 329
272 459
272 430
273 307
273 396
273 476
273 438
273 463
274 336
275 278
276 300
277 475
278 374
279 484
279 471
279 302
280 297
280 441
280 403
281 294
281 355
282 483
283 381
283 290
284 395
284 370
285 378
285 392
285 488
285 451
286 341
286 366
286 441
286 426
287 358
287 388
287 444
287 451
288 363
288 350
288 468
288 443
289 429
290 469
291 437
291 462
292 335
293 429
293 475
293 390
294 316
294 355
295 354
295 370
296 487
296 421
297 420
297 441
298 303
300 331
301 499
301 436
302 306
302 315
303 498
303 373
304 474
304 442
304 404
304 310
305 324
305 497
305 492
306 343
306 478
307 396
307 438
307 418
309 344
309 409
310 404
311 449
311 446
312 332
312 389
312 458
312 399
313 444
314 439
315 398
315 457
316 369
316 355
317 425
317 354
318 347
318 327
319 478
320 351
320 411
320 402
320 489
320 350
321 340
322 347
322 437
322 327
322 387
323 430
324 498
324 472
324 497
325 444
325 358
327 347
327 387
328 352
329 423
329 391
329 459
329 416
330 434
330 422
330 495
332 449
332 389
332 458
333 485
333 411
334 335
335 376
336 465
337 495
337 380
337 382
338 422
339 479
339 481
340 406
340 424
340 379
341 493
341 440
342 432
343 360
343 478
344 409
345 354
345 455
346 481
346 450
346 469
347 437
348 490
348 495
350 489
350 443
351 408
351 411
351 402
351 407
352 460
353 382
353 434
353 484
353 375
354 370
356 420
356 477
356 408
357 448
357 456
357 467
358 388
358 464
358 444
359 453
359 400
359 462
360 478
361 470
362 495
362 380
362 486
362 463
362 490
363 408
363 483
363 407
363 443
364 386
365 371
366 441
366 403
366 367
367 493
368 415
369 415
370 494
371 496
372 414
372 482
373 397
374 461
374 456
375 484
375 414
375 427
376 417
377 453
377 482
377 462
378 392
378 433
378 454
378 451
379 424
380 412
380 396
380 495
380 463
381 430
382 434
383 413
383 410
383 472
383 385
384 466
385 472
386 492
387 437
388 464
389 398
389 446
390 473
391 474
391 459
393 419
394 399
394 493
394 440
396 412
396 463
398 447
398 457
399 458
399 440
400 439
400 429
400 453
401 427
401 414
402 489
402 407
402 443
403 441
404 419
404 442
405 491
405 445
405 480
406 424
407 408
407 443
409 466
410 428
410 413
412 471
412 484
413 472
414 427
415 454
415 451
418 438
418 452
418 447
419 448
419 442
420 477
421 487
421 485
422 482
426 441
429 475
430 459
432 496
432 436
433 454
435 480
438 452
440 458
440 493
442 448
443 489
447 452
447 449
449 452
450 481
450 469
451 454
451 488
453 462
456 467
457 471
468 499
470 472
470 497
471 484
472 497
473 481
477 487
480 491
483 494
486 490
490 495
10 0.5 0.5 0.5
