600
0 94.0 27.0 13.0 178.0 68.0
1 72.0 88.0 4.0 290.0 60.0
2 83.0 30.0 11.0 202.0 24.0
3 88.0 16.0 6.0 343.0 59.0
4 90.0 22.0 18.0 394.0 94.0
5 23.0 77.0 6.0 282.0 27.0
6 50.0 62.0 7.0 48.0 50.0
7 40.0 39.0 17.0 278.0 37.0
8 97.0 7.0 18.0 235.0 43.0
9 27.0 9.0 13.0 65.0 78.0
10 5.0 50.0 6.0 393.0 19.0
11 78.0 72.0 11.0 293.0 88.0
12 63.0 18.0 14.0 100.0 21.0
13 69.0 21.0 10.0 76.0 19.0
14 4.0 7.0 19.0 44.0 86.0
15 18.0 85.0 4.0 357.0 84.0
16 16.0 89.0 8.0 218.0 17.0
17 97.0 81.0 16.0 238.0 65.0
18 77.0 98.0 15.0 47.0 26.0
19 64.0 7.0 17.0 226.0 35.0
20 22.0 42.0 8.0 299.0 26.0
21 50.0 17.0 11.0 329.0 46.0
22 92.0 37.0 9.0 116.0 32.0
23 97.0 34.0 9.0 253.0 62.0
24 61.0 86.0 8.0 332.0 50.0
25 27.0 94.0 19.0 194.0 63.0
26 88.0 71.0 6.0 334.0 48.0
27 83.0 57.0 17.0 97.0 95.0
28 52.0 21.0 17.0 17.0 46.0
29 10.0 42.0 6.0 209.0 19.0
30 8.0 88.0 18.0 35.0 55.0
31 17.0 81.0 13.0 143.0 84.0
32 91.0 15.0 12.0 55.0 78.0
33 14.0 83.0 9.0 344.0 82.0
34 31.0 96.0 5.0 313.0 86.0
35 17.0 65.0 16.0 396.0 29.0
36 10.0 72.0 16.0 227.0 35.0
37 76.0 26.0 13.0 129.0 23.0
38 32.0 99.0 14.0 364.0 44.0
39 70.0 38.0 11.0 157.0 66.0
40 46.0 21.0 14.0 60.0 84.0
41 3.0 59.0 17.0 92.0 92.0
42 11.0 0.0 14.0 165.0 90.0
43 98.0 29.0 11.0 43.0 29.0
44 93.0 41.0 6.0 341.0 20.0
45 0.0 37.0 9.0 65.0 41.0
46 41.0 27.0 11.0 323.0 87.0
47 14.0 81.0 14.0 363.0 37.0
48 10.0 91.0 17.0 135.0 72.0
49 90.0 73.0 13.0 107.0 42.0
50 41.0 39.0 6.0 296.0 87.0
51 29.0 25.0 12.0 154.0 45.0
52 92.0 66.0 15.0 392.0 44.0
53 37.0 55.0 17.0 345.0 39.0
54 47.0 41.0 18.0 142.0 29.0
55 88.0 42.0 12.0 171.0 65.0
56 1.0 30.0 11.0 340.0 50.0
57 0.0 40.0 8.0 227.0 66.0
58 29.0 81.0 12.0 218.0 27.0
59 27.0 71.0 15.0 75.0 53.0
60 47.0 57.0 19.0 75.0 37.0
61 15.0 9.0 9.0 337.0 17.0
62 36.0 48.0 5.0 238.0 80.0
63 57.0 12.0 10.0 85.0 58.0
64 31.0 35.0 5.0 132.0 24.0
65 69.0 45.0 13.0 352.0 35.0
66 51.0 78.0 10.0 224.0 84.0
67 19.0 12.0 5.0 332.0 64.0
68 67.0 10.0 4.0 89.0 38.0
69 100.0 4.0 13.0 80.0 33.0
70 45.0 54.0 15.0 296.0 30.0
71 70.0 86.0 17.0 172.0 95.0
72 8.0 36.0 4.0 74.0 30.0
73 27.0 8.0 7.0 156.0 26.0
74 21.0 21.0 16.0 49.0 55.0
75 46.0 64.0 4.0 28.0 23.0
76 66.0 100.0 19.0 220.0 58.0
77 65.0 71.0 15.0 390.0 82.0
78 89.0 65.0 11.0 184.0 36.0
79 100.0 17.0 18.0 112.0 58.0
80 26.0 41.0 15.0 252.0 15.0
81 27.0 96.0 12.0 143.0 18.0
82 53.0 11.0 18.0 330.0 74.0
83 14.0 58.0 5.0 262.0 78.0
84 71.0 86.0 12.0 77.0 38.0
85 13.0 89.0 8.0 382.0 56.0
86 32.0 76.0 12.0 304.0 81.0
87 51.0 45.0 5.0 170.0 71.0
88 31.0 87.0 13.0 187.0 82.0
89 89.0 10.0 11.0 342.0 58.0
90 14.0 86.0 7.0 279.0 97.0
91 11.0 8.0 10.0 146.0 62.0
92 56.0 43.0 11.0 312.0 19.0
93 66.0 44.0 5.0 45.0 55.0
94 40.0 94.0 16.0 369.0 62.0
95 20.0 54.0 13.0 72.0 75.0
96 21.0 0.0 8.0 381.0 83.0
97 14.0 55.0 14.0 348.0 64.0
98 79.0 90.0 4.0 103.0 88.0
99 50.0 93.0 4.0 336.0 77.0
100 56.0 89.0 19.0 40.0 18.0
101 45.0 44.0 7.0 126.0 56.0
102 23.0 91.0 19.0 122.0 62.0
103 13.0 41.0 17.0 115.0 58.0
104 44.0 54.0 10.0 127.0 18.0
105 79.0 2.0 7.0 293.0 57.0
106 45.0 78.0 19.0 202.0 34.0
107 5.0 55.0 8.0 292.0 38.0
108 19.0 81.0 14.0 307.0 88.0
109 78.0 96.0 7.0 166.0 96.0
110 4.0 40.0 11.0 260.0 73.0
111 2.0 44.0 6.0 148.0 23.0
112 31.0 63.0 18.0 315.0 95.0
113 94.0 47.0 13.0 157.0 79.0
114 60.0 45.0 11.0 25.0 49.0
115 40.0 83.0 6.0 198.0 99.0
116 23.0 56.0 8.0 243.0 34.0
117 90.0 86.0 10.0 22.0 78.0
118 4.0 31.0 17.0 145.0 26.0
119 47.0 99.0 7.0 348.0 26.0
120 39.0 5.0 4.0 22.0 42.0
121 29.0 98.0 6.0 353.0 21.0
122 5.0 31.0 6.0 298.0 58.0
123 54.0 12.0 18.0 98.0 17.0
124 65.0 34.0 6.0 280.0 85.0
125 2.0 82.0 19.0 257.0 47.0
126 47.0 29.0 16.0 249.0 46.0
127 53.0 58.0 13.0 61.0 50.0
128 71.0 41.0 5.0 311.0 43.0
129 54.0 82.0 16.0 220.0 60.0
130 100.0 11.0 8.0 95.0 56.0
131 81.0 93.0 18.0 166.0 24.0
132 62.0 86.0 16.0 60.0 17.0
133 85.0 61.0 11.0 84.0 49.0
134 57.0 31.0 19.0 264.0 17.0
135 74.0 60.0 5.0 116.0 24.0
136 52.0 52.0 8.0 307.0 85.0
137 33.0 67.0 11.0 264.0 40.0
138 12.0 81.0 13.0 257.0 69.0
139 8.0 50.0 6.0 74.0 96.0
140 64.0 38.0 13.0 380.0 49.0
141 3.0 13.0 19.0 237.0 37.0
142 28.0 55.0 14.0 220.0 45.0
143 31.0 8.0 10.0 34.0 31.0
144 76.0 84.0 17.0 266.0 29.0
145 54.0 42.0 18.0 166.0 32.0
146 54.0 47.0 14.0 88.0 65.0
147 15.0 88.0 7.0 72.0 72.0
148 7.0 88.0 7.0 267.0 88.0
149 31.0 6.0 10.0 37.0 66.0
150 8.0 9.0 14.0 205.0 40.0
151 53.0 7.0 9.0 165.0 99.0
152 70.0 29.0 19.0 357.0 53.0
153 84.0 69.0 15.0 31.0 73.0
154 3.0 30.0 5.0 216.0 76.0
155 55.0 50.0 12.0 213.0 22.0
156 56.0 36.0 13.0 156.0 42.0
157 57.0 87.0 6.0 265.0 42.0
158 94.0 90.0 8.0 396.0 32.0
159 13.0 61.0 7.0 109.0 23.0
160 90.0 64.0 9.0 181.0 86.0
161 75.0 33.0 10.0 213.0 92.0
162 61.0 66.0 13.0 365.0 85.0
163 5.0 19.0 16.0 170.0 48.0
164 76.0 73.0 7.0 381.0 32.0
165 4.0 17.0 7.0 135.0 73.0
166 26.0 72.0 19.0 304.0 35.0
167 14.0 66.0 19.0 139.0 82.0
168 58.0 93.0 14.0 60.0 16.0
169 99.0 49.0 19.0 264.0 35.0
170 53.0 99.0 14.0 383.0 53.0
171 13.0 33.0 13.0 177.0 52.0
172 0.0 18.0 18.0 171.0 24.0
173 71.0 8.0 10.0 224.0 41.0
174 72.0 23.0 13.0 190.0 95.0
175 65.0 74.0 10.0 245.0 94.0
176 23.0 2.0 17.0 263.0 29.0
177 5.0 40.0 8.0 325.0 26.0
178 11.0 24.0 16.0 183.0 90.0
179 50.0 14.0 17.0 245.0 89.0
180 34.0 7.0 19.0 360.0 79.0
181 19.0 73.0 4.0 218.0 27.0
182 50.0 44.0 11.0 205.0 82.0
183 44.0 70.0 14.0 306.0 34.0
184 59.0 94.0 18.0 43.0 45.0
185 93.0 75.0 14.0 16.0 87.0
186 3.0 32.0 13.0 236.0 83.0
187 1.0 45.0 9.0 377.0 26.0
188 76.0 9.0 15.0 134.0 61.0
189 25.0 64.0 4.0 235.0 60.0
190 2.0 9.0 11.0 195.0 16.0
191 90.0 62.0 9.0 62.0 38.0
192 14.0 34.0 16.0 58.0 69.0
193 53.0 20.0 11.0 319.0 45.0
194 88.0 9.0 4.0 268.0 53.0
195 40.0 33.0 12.0 48.0 72.0
196 13.0 55.0 16.0 114.0 65.0
197 38.0 92.0 7.0 139.0 83.0
198 92.0 17.0 11.0 94.0 92.0
199 13.0 45.0 14.0 341.0 70.0
200 5.0 77.0 12.0 160.0 35.0
201 22.0 44.0 6.0 351.0 26.0
202 19.0 14.0 16.0 196.0 89.0
203 76.0 78.0 10.0 310.0 17.0
204 29.0 68.0 19.0 182.0 40.0
205 14.0 11.0 14.0 134.0 97.0
206 89.0 31.0 9.0 142.0 17.0
207 93.0 16.0 13.0 306.0 41.0
208 3.0 76.0 9.0 165.0 56.0
209 22.0 79.0 16.0 223.0 64.0
210 83.0 67.0 4.0 398.0 96.0
211 34.0 95.0 16.0 148.0 53.0
212 39.0 47.0 18.0 232.0 74.0
213 83.0 26.0 6.0 221.0 66.0
214 98.0 54.0 14.0 219.0 41.0
215 100.0 38.0 16.0 315.0 98.0
216 95.0 68.0 19.0 243.0 49.0
217 66.0 55.0 16.0 264.0 19.0
218 42.0 53.0 13.0 48.0 50.0
219 71.0 51.0 7.0 381.0 54.0
220 32.0 30.0 5.0 330.0 47.0
221 19.0 78.0 10.0 324.0 22.0
222 93.0 2.0 18.0 90.0 75.0
223 30.0 39.0 15.0 292.0 35.0
224 86.0 99.0 17.0 219.0 25.0
225 33.0 13.0 13.0 88.0 75.0
226 21.0 19.0 19.0 393.0 38.0
227 42.0 86.0 16.0 347.0 88.0
228 27.0 21.0 16.0 228.0 95.0
229 57.0 28.0 10.0 325.0 25.0
230 90.0 70.0 11.0 235.0 32.0
231 30.0 11.0 15.0 305.0 19.0
232 60.0 78.0 15.0 327.0 91.0
233 76.0 34.0 18.0 52.0 69.0
234 84.0 85.0 5.0 117.0 34.0
235 72.0 47.0 14.0 162.0 60.0
236 69.0 11.0 10.0 320.0 48.0
237 24.0 48.0 4.0 215.0 93.0
238 4.0 55.0 13.0 96.0 47.0
239 100.0 83.0 15.0 46.0 82.0
240 85.0 100.0 19.0 357.0 46.0
241 59.0 49.0 8.0 115.0 75.0
242 87.0 67.0 18.0 338.0 62.0
243 71.0 98.0 15.0 276.0 44.0
244 21.0 43.0 16.0 45.0 39.0
245 87.0 26.0 19.0 15.0 54.0
246 24.0 13.0 19.0 35.0 61.0
247 72.0 98.0 7.0 54.0 84.0
248 34.0 26.0 7.0 134.0 54.0
249 4.0 69.0 14.0 396.0 31.0
250 36.0 32.0 15.0 63.0 82.0
251 34.0 59.0 14.0 67.0 43.0
252 92.0 79.0 14.0 126.0 16.0
253 88.0 57.0 9.0 222.0 90.0
254 98.0 19.0 15.0 154.0 58.0
255 48.0 43.0 11.0 222.0 48.0
256 70.0 77.0 9.0 64.0 64.0
257 96.0 21.0 14.0 229.0 36.0
258 11.0 49.0 4.0 163.0 37.0
259 35.0 61.0 10.0 184.0 29.0
260 22.0 55.0 17.0 52.0 78.0
261 51.0 59.0 6.0 270.0 35.0
262 16.0 51.0 7.0 290.0 99.0
263 87.0 16.0 5.0 275.0 38.0
264 61.0 53.0 6.0 288.0 72.0
265 80.0 4.0 11.0 19.0 45.0
266 74.0 49.0 15.0 45.0 48.0
267 87.0 48.0 6.0 97.0 66.0
268 59.0 89.0 11.0 216.0 41.0
269 41.0 85.0 6.0 380.0 66.0
270 37.0 60.0 16.0 185.0 18.0
271 43.0 91.0 7.0 140.0 88.0
272 70.0 80.0 16.0 35.0 53.0
273 2.0 94.0 14.0 32.0 27.0
274 56.0 9.0 13.0 109.0 68.0
275 3.0 10.0 6.0 188.0 66.0
276 7.0 38.0 5.0 384.0 65.0
277 42.0 5.0 12.0 278.0 62.0
278 46.0 69.0 15.0 252.0 22.0
279 70.0 48.0 16.0 92.0 47.0
280 99.0 14.0 17.0 299.0 48.0
281 28.0 10.0 19.0 38.0 28.0
282 2.0 25.0 10.0 118.0 67.0
283 85.0 83.0 18.0 171.0 85.0
284 80.0 96.0 7.0 46.0 41.0
285 45.0 96.0 6.0 16.0 84.0
286 40.0 35.0 19.0 259.0 83.0
287 29.0 5.0 11.0 139.0 48.0
288 72.0 63.0 12.0 153.0 60.0
289 24.0 86.0 7.0 29.0 63.0
290 15.0 62.0 6.0 260.0 38.0
291 5.0 78.0 9.0 318.0 24.0
292 23.0 21.0 18.0 128.0 29.0
293 33.0 6.0 8.0 48.0 45.0
294 78.0 12.0 9.0 240.0 33.0
295 55.0 19.0 5.0 216.0 17.0
296 27.0 81.0 19.0 88.0 42.0
297 77.0 99.0 8.0 334.0 94.0
298 61.0 44.0 6.0 331.0 31.0
299 96.0 85.0 11.0 361.0 52.0
300 74.0 88.0 19.0 307.0 81.0
301 36.0 8.0 17.0 19.0 24.0
302 26.0 10.0 16.0 243.0 47.0
303 2.0 19.0 6.0 337.0 46.0
304 51.0 89.0 6.0 102.0 66.0
305 59.0 79.0 5.0 180.0 93.0
306 14.0 10.0 11.0 301.0 94.0
307 33.0 30.0 14.0 108.0 56.0
308 81.0 63.0 9.0 377.0 49.0
309 7.0 37.0 6.0 28.0 27.0
310 82.0 71.0 14.0 392.0 23.0
311 75.0 74.0 11.0 148.0 46.0
312 26.0 97.0 17.0 382.0 17.0
313 82.0 61.0 12.0 373.0 51.0
314 17.0 84.0 15.0 201.0 88.0
315 85.0 3.0 12.0 53.0 45.0
316 8.0 10.0 17.0 292.0 32.0
317 21.0 41.0 10.0 275.0 97.0
318 58.0 70.0 13.0 18.0 84.0
319 87.0 91.0 13.0 174.0 47.0
320 87.0 17.0 17.0 373.0 46.0
321 67.0 3.0 19.0 189.0 82.0
322 75.0 44.0 5.0 64.0 39.0
323 18.0 46.0 15.0 209.0 88.0
324 18.0 21.0 18.0 75.0 54.0
325 18.0 90.0 10.0 194.0 18.0
326 0.0 50.0 6.0 376.0 57.0
327 70.0 83.0 17.0 116.0 90.0
328 68.0 67.0 10.0 84.0 36.0
329 96.0 75.0 15.0 18.0 37.0
330 25.0 78.0 15.0 323.0 39.0
331 60.0 73.0 12.0 149.0 96.0
332 53.0 94.0 10.0 148.0 45.0
333 46.0 83.0 12.0 214.0 84.0
334 2.0 81.0 6.0 154.0 57.0
335 51.0 86.0 10.0 376.0 26.0
336 6.0 92.0 9.0 306.0 95.0
337 35.0 31.0 4.0 271.0 31.0
338 14.0 48.0 5.0 268.0 64.0
339 15.0 75.0 4.0 126.0 19.0
340 99.0 56.0 11.0 338.0 16.0
341 57.0 16.0 7.0 166.0 61.0
342 27.0 91.0 8.0 52.0 49.0
343 32.0 65.0 16.0 331.0 39.0
344 45.0 77.0 15.0 364.0 20.0
345 79.0 43.0 19.0 148.0 41.0
346 83.0 29.0 17.0 242.0 62.0
347 40.0 79.0 15.0 217.0 96.0
348 13.0 9.0 17.0 57.0 29.0
349 76.0 50.0 18.0 278.0 59.0
350 38.0 84.0 12.0 276.0 70.0
351 7.0 6.0 14.0 172.0 59.0
352 63.0 69.0 6.0 399.0 83.0
353 36.0 49.0 18.0 110.0 41.0
354 45.0 15.0 6.0 308.0 68.0
355 31.0 73.0 14.0 383.0 74.0
356 64.0 87.0 11.0 213.0 87.0
357 99.0 67.0 4.0 349.0 47.0
358 22.0 61.0 16.0 205.0 42.0
359 0.0 80.0 19.0 210.0 50.0
360 54.0 62.0 4.0 308.0 50.0
361 95.0 84.0 11.0 161.0 62.0
362 7.0 75.0 16.0 135.0 65.0
363 36.0 22.0 13.0 116.0 21.0
364 1.0 80.0 18.0 125.0 38.0
365 99.0 75.0 4.0 209.0 90.0
366 77.0 85.0 9.0 355.0 56.0
367 90.0 67.0 4.0 131.0 25.0
368 73.0 97.0 7.0 44.0 52.0
369 19.0 50.0 5.0 48.0 97.0
370 15.0 48.0 17.0 80.0 44.0
371 82.0 70.0 8.0 230.0 41.0
372 53.0 26.0 18.0 60.0 50.0
373 98.0 82.0 17.0 359.0 85.0
374 43.0 97.0 6.0 262.0 63.0
375 97.0 93.0 19.0 256.0 72.0
376 66.0 72.0 10.0 318.0 92.0
377 40.0 62.0 10.0 296.0 98.0
378 54.0 76.0 10.0 131.0 84.0
379 31.0 1.0 9.0 227.0 40.0
380 94.0 7.0 4.0 212.0 72.0
381 38.0 10.0 11.0 255.0 33.0
382 47.0 28.0 19.0 343.0 25.0
383 70.0 52.0 15.0 49.0 23.0
384 32.0 4.0 6.0 257.0 78.0
385 44.0 60.0 13.0 129.0 33.0
386 63.0 52.0 8.0 226.0 38.0
387 23.0 10.0 19.0 183.0 58.0
388 62.0 0.0 12.0 250.0 93.0
389 53.0 68.0 15.0 36.0 21.0
390 1.0 17.0 17.0 29.0 39.0
391 40.0 47.0 8.0 83.0 17.0
392 78.0 67.0 16.0 82.0 33.0
393 90.0 74.0 12.0 79.0 83.0
394 98.0 71.0 13.0 94.0 63.0
395 68.0 94.0 6.0 162.0 84.0
396 93.0 51.0 19.0 329.0 72.0
397 26.0 44.0 19.0 351.0 58.0
398 76.0 43.0 18.0 212.0 70.0
399 0.0 73.0 19.0 105.0 92.0
400 85.0 81.0 14.0 154.0 80.0
401 85.0 42.0 16.0 361.0 28.0
402 64.0 14.0 7.0 194.0 47.0
403 81.0 87.0 19.0 190.0 33.0
404 40.0 17.0 5.0 137.0 34.0
405 66.0 42.0 18.0 191.0 39.0
406 74.0 92.0 19.0 18.0 57.0
407 35.0 42.0 13.0 120.0 55.0
408 65.0 88.0 15.0 189.0 80.0
409 10.0 12.0 13.0 347.0 42.0
410 84.0 17.0 13.0 185.0 46.0
411 56.0 85.0 10.0 204.0 38.0
412 33.0 0.0 19.0 196.0 22.0
413 17.0 68.0 4.0 43.0 57.0
414 68.0 54.0 19.0 272.0 31.0
415 17.0 46.0 18.0 83.0 61.0
416 40.0 63.0 19.0 29.0 65.0
417 52.0 77.0 11.0 373.0 86.0
418 26.0 52.0 4.0 112.0 85.0
419 71.0 19.0 16.0 374.0 62.0
420 46.0 53.0 12.0 266.0 48.0
421 7.0 55.0 16.0 164.0 78.0
422 59.0 64.0 19.0 85.0 53.0
423 23.0 99.0 6.0 364.0 47.0
424 29.0 38.0 19.0 47.0 22.0
425 14.0 73.0 13.0 95.0 49.0
426 11.0 43.0 13.0 190.0 76.0
427 38.0 20.0 14.0 349.0 98.0
428 22.0 4.0 19.0 341.0 93.0
429 11.0 5.0 5.0 138.0 17.0
430 37.0 70.0 8.0 170.0 74.0
431 66.0 13.0 19.0 305.0 36.0
432 54.0 0.0 17.0 148.0 36.0
433 94.0 10.0 13.0 273.0 97.0
434 53.0 46.0 5.0 283.0 34.0
435 46.0 56.0 4.0 222.0 46.0
436 36.0 36.0 17.0 347.0 78.0
437 68.0 38.0 15.0 55.0 16.0
438 82.0 35.0 13.0 101.0 45.0
439 77.0 59.0 9.0 44.0 97.0
440 18.0 39.0 16.0 118.0 16.0
441 19.0 60.0 12.0 347.0 57.0
442 99.0 81.0 6.0 107.0 80.0
443 93.0 22.0 6.0 387.0 38.0
444 44.0 11.0 10.0 281.0 76.0
445 38.0 38.0 4.0 46.0 57.0
446 0.0 24.0 5.0 28.0 20.0
447 46.0 81.0 15.0 338.0 93.0
448 89.0 32.0 14.0 114.0 39.0
449 98.0 7.0 8.0 72.0 39.0
450 70.0 44.0 18.0 135.0 59.0
451 28.0 26.0 19.0 144.0 45.0
452 32.0 95.0 19.0 300.0 33.0
453 5.0 54.0 14.0 304.0 99.0
454 39.0 73.0 16.0 158.0 64.0
455 29.0 65.0 12.0 98.0 39.0
456 62.0 82.0 10.0 230.0 56.0
457 80.0 86.0 14.0 211.0 97.0
458 9.0 57.0 17.0 227.0 97.0
459 33.0 11.0 19.0 260.0 54.0
460 69.0 40.0 17.0 373.0 42.0
461 70.0 20.0 16.0 217.0 56.0
462 33.0 72.0 18.0 284.0 62.0
463 9.0 21.0 8.0 282.0 76.0
464 74.0 10.0 7.0 383.0 94.0
465 63.0 91.0 18.0 211.0 16.0
466 7.0 29.0 9.0 131.0 84.0
467 45.0 0.0 9.0 78.0 72.0
468 68.0 76.0 19.0 343.0 63.0
469 64.0 21.0 13.0 67.0 92.0
470 71.0 29.0 18.0 251.0 22.0
471 31.0 60.0 14.0 385.0 31.0
472 83.0 99.0 9.0 17.0 19.0
473 29.0 67.0 18.0 58.0 79.0
474 96.0 14.0 7.0 309.0 91.0
475 46.0 85.0 19.0 119.0 27.0
476 96.0 95.0 14.0 256.0 19.0
477 18.0 70.0 4.0 34.0 88.0
478 54.0 85.0 6.0 123.0 86.0
479 86.0 23.0 7.0 152.0 19.0
480 30.0 41.0 5.0 64.0 95.0
481 13.0 92.0 15.0 118.0 29.0
482 19.0 93.0 14.0 85.0 89.0
483 53.0 81.0 18.0 183.0 38.0
484 28.0 53.0 7.0 73.0 44.0
485 94.0 77.0 15.0 45.0 53.0
486 74.0 12.0 18.0 157.0 50.0
487 19.0 59.0 9.0 322.0 98.0
488 38.0 24.0 11.0 35.0 98.0
489 39.0 8.0 17.0 61.0 86.0
490 88.0 64.0 10.0 278.0 30.0
491 85.0 67.0 6.0 272.0 72.0
492 22.0 85.0 16.0 316.0 73.0
493 29.0 21.0 14.0 223.0 25.0
494 78.0 37.0 8.0 155.0 57.0
495 7.0 5.0 14.0 97.0 94.0
496 14.0 96.0 8.0 121.0 55.0
497 12.0 24.0 6.0 274.0 77.0
498 58.0 32.0 6.0 394.0 79.0
499 15.0 14.0 12.0 90.0 71.0
500 93.0 57.0 17.0 365.0 15.0
501 67.0 30.0 6.0 64.0 27.0
502 15.0 7.0 15.0 319.0 91.0
503 77.0 70.0 19.0 50.0 47.0
504 66.0 67.0 18.0 369.0 25.0
505 91.0 100.0 13.0 155.0 35.0
506 24.0 67.0 5.0 81.0 56.0
507 48.0 96.0 16.0 48.0 16.0
508 40.0 93.0 12.0 244.0 94.0
509 16.0 96.0 10.0 201.0 24.0
510 7.0 27.0 14.0 64.0 26.0
511 36.0 28.0 13.0 387.0 35.0
512 48.0 3.0 19.0 237.0 54.0
513 35.0 55.0 19.0 164.0 46.0
514 58.0 3.0 10.0 357.0 83.0
515 85.0 36.0 14.0 249.0 75.0
516 56.0 55.0 15.0 222.0 85.0
517 61.0 96.0 9.0 157.0 37.0
518 3.0 91.0 18.0 255.0 79.0
519 43.0 46.0 9.0 290.0 36.0
520 44.0 77.0 5.0 379.0 90.0
521 3.0 78.0 17.0 72.0 38.0
522 21.0 77.0 4.0 45.0 71.0
523 57.0 68.0 9.0 311.0 94.0
524 73.0 61.0 5.0 15.0 56.0
525 70.0 43.0 13.0 128.0 63.0
526 0.0 26.0 12.0 124.0 94.0
527 97.0 52.0 4.0 202.0 98.0
528 79.0 61.0 12.0 62.0 64.0
529 71.0 88.0 16.0 261.0 36.0
530 87.0 57.0 12.0 317.0 89.0
531 51.0 74.0 12.0 362.0 21.0
532 78.0 28.0 17.0 292.0 83.0
533 76.0 53.0 19.0 399.0 75.0
534 47.0 39.0 10.0 360.0 21.0
535 40.0 76.0 12.0 235.0 92.0
536 53.0 79.0 7.0 130.0 61.0
537 92.0 60.0 12.0 295.0 76.0
538 86.0 0.0 18.0 184.0 72.0
539 53.0 3.0 9.0 197.0 24.0
540 31.0 95.0 6.0 265.0 99.0
541 73.0 85.0 15.0 175.0 49.0
542 30.0 96.0 17.0 354.0 59.0
543 73.0 88.0 9.0 305.0 91.0
544 63.0 90.0 17.0 103.0 56.0
545 86.0 50.0 6.0 159.0 23.0
546 53.0 92.0 7.0 346.0 99.0
547 97.0 22.0 13.0 391.0 79.0
548 91.0 66.0 12.0 246.0 71.0
549 51.0 82.0 13.0 325.0 71.0
550 18.0 95.0 12.0 59.0 96.0
551 59.0 62.0 19.0 102.0 81.0
552 16.0 97.0 15.0 175.0 67.0
553 49.0 75.0 8.0 363.0 99.0
554 1.0 93.0 11.0 28.0 42.0
555 27.0 13.0 5.0 207.0 53.0
556 61.0 100.0 7.0 79.0 15.0
557 100.0 9.0 6.0 72.0 77.0
558 43.0 69.0 14.0 20.0 65.0
559 23.0 76.0 6.0 339.0 80.0
560 79.0 12.0 9.0 54.0 23.0
561 72.0 44.0 4.0 53.0 73.0
562 25.0 94.0 13.0 119.0 80.0
563 50.0 33.0 12.0 78.0 36.0
564 24.0 66.0 15.0 146.0 61.0
565 61.0 64.0 11.0 164.0 25.0
566 7.0 11.0 14.0 262.0 65.0
567 75.0 47.0 12.0 244.0 24.0
568 47.0 93.0 7.0 119.0 98.0
569 49.0 77.0 12.0 183.0 65.0
570 47.0 5.0 16.0 92.0 25.0
571 26.0 61.0 13.0 297.0 90.0
572 8.0 85.0 9.0 212.0 36.0
573 93.0 58.0 10.0 83.0 39.0
574 79.0 96.0 11.0 246.0 35.0
575 43.0 27.0 5.0 158.0 76.0
576 51.0 77.0 16.0 233.0 80.0
577 57.0 1.0 5.0 320.0 59.0
578 3.0 19.0 15.0 260.0 82.0
579 54.0 22.0 5.0 38.0 77.0
580 32.0 93.0 8.0 348.0 85.0
581 40.0 5.0 18.0 350.0 35.0
582 8.0 17.0 11.0 331.0 84.0
583 60.0 2.0 15.0 278.0 98.0
584 50.0 51.0 19.0 292.0 64.0
585 3.0 87.0 6.0 279.0 67.0
586 31.0 37.0 8.0 116.0 91.0
587 47.0 82.0 4.0 152.0 47.0
588 90.0 6.0 17.0 246.0 96.0
589 5.0 66.0 19.0 43.0 98.0
590 5.0 100.0 9.0 266.0 72.0
591 98.0 38.0 10.0 206.0 42.0
592 66.0 39.0 4.0 116.0 51.0
593 11.0 55.0 7.0 282.0 88.0
594 94.0 51.0 13.0 298.0 30.0
595 89.0 70.0 13.0 56.0 38.0
596 21.0 94.0 5.0 216.0 56.0
597 14.0 82.0 9.0 274.0 79.0
598 34.0 5.0 7.0 259.0 21.0
599 79.0 89.0 8.0 340.0 63.0
1765
0 4
0 443
0 245
0 206
0 23
0 547
0 43
1 529
1 406
1 84
1 543
2 515
2 448
2 438
2 346
2 532
2 233
2 206
3 198
3 320
3 32
3 263
3 89
4 443
4 245
4 479
4 320
4 198
5 330
5 559
5 209
5 522
6 389
6 75
6 385
6 60
6 261
6 360
7 212
7 391
7 519
7 407
7 50
7 286
7 445
8 222
8 69
8 380
8 449
8 557
8 433
8 130
9 281
9 302
9 73
10 326
10 187
10 111
10 139
10 453
11 203
11 310
11 371
11 503
11 164
12 461
12 431
12 402
12 341
12 295
12 469
12 13
13 461
13 469
13 174
13 152
13 501
14 495
14 42
14 351
14 150
14 275
14 190
14 566
15 492
15 325
15 16
15 108
15 314
15 90
15 147
16 85
16 481
16 325
16 147
17 373
17 361
17 252
17 442
17 365
17 485
17 329
18 368
18 297
18 109
18 574
19 583
19 321
19 274
19 63
19 402
19 68
19 514
20 80
20 317
20 244
20 201
20 397
21 28
21 193
21 295
21 40
21 354
21 341
21 123
21 179
22 515
22 55
22 448
22 23
22 44
22 591
23 448
23 591
23 215
23 206
23 43
24 411
24 157
24 456
24 132
24 268
24 544
25 342
25 580
25 540
25 542
25 562
25 81
26 393
26 310
26 153
26 242
26 595
26 49
27 533
27 545
27 439
27 530
27 133
27 313
27 528
28 579
28 372
28 193
28 382
28 40
29 426
29 139
29 103
29 177
29 111
29 276
29 72
30 48
30 336
30 148
30 85
30 572
30 90
31 339
31 47
31 108
31 314
31 597
31 221
32 198
32 207
32 474
32 433
32 89
33 90
33 314
33 138
33 572
33 597
34 121
34 38
34 542
34 540
34 452
34 211
35 358
35 441
35 290
35 167
35 564
35 413
36 249
36 589
36 167
36 425
36 339
36 362
37 174
37 470
37 410
37 213
37 532
38 423
38 590
38 556
38 119
38 374
38 121
38 211
39 501
39 124
39 128
39 494
39 437
39 152
39 233
39 161
39 460
40 404
40 354
40 382
40 575
40 427
40 488
41 326
41 399
41 589
41 458
41 249
41 238
41 107
41 421
42 495
42 429
42 502
42 96
43 547
43 215
43 79
44 55
44 113
44 591
45 56
45 526
45 186
45 57
45 110
45 309
46 195
46 575
46 511
46 488
47 339
47 138
47 597
48 496
48 481
48 336
48 85
49 185
49 393
49 230
49 595
50 54
50 534
50 519
50 286
50 101
51 248
51 493
51 220
51 451
51 228
52 357
52 216
52 537
52 367
52 548
52 160
52 230
53 218
53 353
53 513
53 251
53 385
53 270
54 145
54 534
54 182
54 255
54 101
55 401
55 267
55 515
55 113
56 526
56 186
56 154
57 326
57 187
57 110
57 111
58 296
58 88
58 350
58 86
58 330
59 355
59 166
59 506
59 204
60 261
60 136
60 584
60 420
60 385
60 435
61 502
61 348
61 67
61 205
61 306
62 397
62 480
62 407
62 353
62 484
62 212
63 274
63 402
63 341
63 123
64 424
64 451
64 220
64 586
64 307
64 436
64 250
64 337
65 93
65 525
65 279
65 450
65 235
66 576
66 569
66 587
66 549
66 417
66 536
66 483
67 502
67 387
67 205
67 499
67 202
67 246
68 173
68 236
68 431
68 321
68 402
69 222
69 449
69 557
70 104
70 420
70 435
71 327
71 356
71 408
71 529
71 84
72 186
72 122
72 466
72 103
72 192
72 309
72 276
72 171
73 287
73 143
73 281
73 428
73 387
73 302
74 451
74 192
74 324
74 292
74 226
75 558
75 278
75 416
75 389
75 385
76 243
76 395
76 240
76 297
76 247
76 517
76 556
77 328
77 504
77 352
77 331
77 175
77 376
78 367
78 548
78 160
78 490
78 242
79 474
79 280
79 215
79 547
79 254
79 130
80 424
80 317
80 397
80 480
80 223
81 542
81 562
81 312
81 121
82 274
82 151
82 123
82 179
82 570
83 487
83 97
83 196
83 290
83 159
83 458
83 593
83 441
84 327
84 541
84 529
84 543
85 481
85 90
85 147
86 462
86 355
86 350
86 454
86 330
86 347
86 535
87 145
87 182
87 434
87 584
87 101
88 296
88 289
88 197
88 580
88 350
88 342
89 588
89 194
89 433
89 263
90 572
90 314
90 147
91 502
91 429
91 150
91 316
91 348
91 351
91 409
92 146
92 114
92 156
92 145
92 298
92 434
93 525
93 298
93 114
93 386
93 279
93 405
94 211
94 374
94 197
94 285
94 271
94 508
95 260
95 418
95 369
95 262
95 97
95 487
95 237
96 379
96 412
96 502
96 428
96 176
97 262
97 487
97 196
98 109
98 406
98 131
98 300
98 599
98 403
99 507
99 332
99 304
99 568
99 546
100 478
100 304
100 546
100 168
100 157
100 268
101 519
101 255
101 182
101 584
102 342
102 289
102 325
102 482
102 492
102 596
102 562
103 440
103 192
103 426
103 199
103 415
104 218
104 420
104 385
104 435
105 388
105 538
105 321
105 265
105 188
105 173
105 315
106 569
106 447
106 344
106 520
106 347
107 238
107 453
107 421
108 314
108 492
108 209
108 221
109 368
109 406
109 131
109 574
110 111
110 177
110 309
111 177
111 187
111 139
112 471
112 571
112 455
112 343
112 259
113 267
113 396
113 594
113 169
113 591
114 146
114 298
114 241
114 386
115 350
115 269
115 347
115 447
115 333
116 358
116 571
116 260
116 418
116 487
116 142
117 319
117 158
117 234
117 283
117 400
117 361
117 252
117 299
118 186
118 122
118 154
119 374
119 556
119 170
119 507
119 285
120 467
120 412
120 598
120 489
120 581
120 301
121 423
121 542
121 312
122 466
122 154
122 186
123 274
123 341
123 179
124 501
124 498
124 437
124 140
125 359
125 585
125 572
125 291
125 334
125 364
126 563
126 372
126 382
126 195
126 575
127 516
127 551
127 136
127 261
127 360
128 494
128 561
128 525
128 398
128 322
128 460
129 305
129 411
129 478
129 549
129 536
129 483
130 433
130 474
130 280
130 557
131 319
131 224
131 472
131 284
131 574
131 403
132 456
132 356
132 544
133 530
133 191
133 490
133 253
133 313
133 491
133 308
134 563
134 156
134 498
134 229
134 372
135 439
135 533
135 383
135 414
135 524
135 528
136 584
136 146
136 155
136 516
136 261
137 204
137 462
137 430
137 416
137 259
137 343
137 473
138 339
138 291
138 572
138 597
138 362
139 426
139 593
139 258
139 453
139 421
140 437
140 298
140 156
140 498
140 405
140 592
141 390
141 190
141 275
141 165
141 582
141 566
142 251
142 471
142 513
142 484
142 571
142 418
143 180
143 293
143 231
143 459
143 281
143 149
143 287
144 203
144 272
144 541
144 366
144 457
145 156
145 534
145 182
145 434
146 434
146 584
146 155
146 241
148 572
148 585
148 518
148 336
149 293
149 287
149 384
150 316
150 351
150 566
151 274
151 539
151 512
151 514
151 570
152 501
152 174
152 470
152 161
153 371
153 310
153 242
153 491
153 210
154 186
154 466
154 526
154 282
154 510
155 516
155 241
156 534
156 563
156 298
156 498
157 478
157 411
157 268
158 375
158 476
158 299
158 319
159 458
159 589
159 290
159 167
160 191
160 490
160 548
160 537
161 233
161 532
161 470
162 422
162 565
162 523
162 504
162 352
162 318
163 463
163 282
163 578
163 582
163 165
164 203
164 311
164 503
164 328
165 578
165 390
165 582
165 303
166 355
166 506
166 559
166 330
166 181
167 589
167 290
167 425
167 413
168 332
168 184
168 465
168 546
168 268
169 215
169 340
169 214
169 527
169 594
169 591
170 556
170 507
170 332
170 184
170 517
171 497
171 466
171 192
171 324
172 303
172 446
172 390
172 190
173 464
173 236
173 188
173 321
174 461
174 419
174 410
174 470
175 331
175 232
175 468
175 376
176 287
176 428
176 379
177 276
177 309
178 510
178 463
178 466
178 497
179 444
179 354
179 570
180 293
180 598
180 301
180 459
181 559
181 506
181 477
181 425
181 339
181 221
181 522
182 255
183 278
183 558
183 454
183 553
183 535
183 344
183 520
184 332
184 517
184 465
185 393
185 252
185 485
185 394
185 216
185 329
185 230
186 309
187 326
188 265
188 486
188 294
188 464
188 560
189 358
189 571
189 455
189 473
189 564
190 390
190 275
191 253
191 537
191 490
192 440
192 451
192 324
193 295
193 579
194 315
194 265
194 560
194 588
194 263
195 286
195 563
195 575
195 511
195 250
196 258
196 593
196 262
197 580
197 350
197 269
197 211
197 227
197 271
197 508
198 443
198 320
198 207
198 257
199 370
199 415
199 338
199 258
199 426
200 521
200 291
200 208
200 362
201 244
201 323
201 237
201 397
202 324
202 226
202 499
202 246
203 272
203 400
203 310
203 311
203 256
203 457
204 355
204 462
204 506
204 473
205 348
205 409
205 306
205 499
206 448
206 245
206 346
207 474
207 257
207 254
208 249
208 399
208 521
208 359
208 362
209 330
209 296
209 492
209 221
209 522
210 371
210 392
210 491
210 308
211 580
211 452
211 374
212 391
212 218
212 353
212 407
213 410
213 532
213 346
213 245
213 479
214 340
214 500
214 527
215 340
215 239
215 591
216 394
216 357
216 230
217 414
217 524
217 386
217 565
217 551
217 504
217 264
217 288
218 519
218 391
218 420
218 353
218 385
219 279
219 383
219 533
219 266
219 235
220 451
220 307
220 248
221 339
221 522
222 588
222 538
222 380
223 424
223 586
223 407
223 480
224 240
224 505
224 319
224 472
225 404
225 381
225 493
225 363
225 459
225 231
225 427
225 555
226 324
226 292
226 246
227 475
227 271
227 269
227 333
228 246
228 292
228 451
228 493
228 555
229 579
229 372
229 498
229 501
229 469
230 595
230 367
231 459
231 281
231 555
232 456
232 305
232 331
232 468
232 378
233 438
233 532
233 494
234 319
234 283
234 457
234 403
235 266
235 567
235 279
235 450
235 561
235 322
236 431
236 419
236 486
236 464
237 397
237 418
237 369
237 323
238 326
238 453
239 340
239 357
239 299
239 375
239 373
239 442
239 365
240 505
240 297
240 472
241 386
241 264
241 516
242 595
242 367
242 490
242 491
243 395
243 368
243 247
244 323
244 440
244 317
244 415
245 346
245 479
246 387
246 302
246 292
246 555
247 368
247 297
248 307
248 493
248 511
248 363
248 488
249 399
249 589
249 362
250 436
250 511
250 337
250 286
251 513
251 259
251 471
251 270
252 361
252 400
252 393
252 485
253 396
253 545
253 500
253 530
253 573
253 537
254 474
254 547
254 257
256 468
256 272
256 311
257 443
257 547
258 338
258 262
258 593
258 426
259 471
259 343
259 416
259 270
260 418
260 487
261 360
262 369
262 370
262 338
263 320
263 410
263 560
264 551
264 386
264 516
265 315
265 560
266 349
266 533
266 567
267 401
267 396
267 545
267 345
268 465
268 544
269 350
269 333
270 385
270 377
270 416
271 285
271 568
271 475
271 508
272 456
272 327
272 541
272 468
273 554
273 590
273 336
273 518
274 514
275 566
276 309
277 581
277 489
277 467
277 444
277 570
278 558
278 553
278 531
278 389
279 386
279 383
280 474
281 302
281 555
282 526
282 446
282 463
282 510
282 578
282 303
283 400
283 457
284 472
284 297
284 574
285 374
285 507
285 568
286 534
286 563
286 445
286 436
287 384
287 379
287 428
288 328
288 504
288 524
288 503
288 392
289 296
289 342
289 492
290 441
291 572
291 334
291 521
291 362
292 451
293 598
293 384
294 486
294 419
294 410
294 560
295 579
295 341
295 469
296 330
296 492
297 368
297 472
297 574
298 405
299 375
299 373
299 361
300 599
300 366
300 406
300 543
300 541
301 598
301 489
301 381
301 459
302 387
302 555
303 446
303 578
303 390
304 568
304 475
304 478
304 335
304 546
305 456
305 411
305 378
305 536
306 348
307 511
307 337
308 528
308 313
308 392
308 491
310 400
310 393
310 371
311 468
311 376
311 328
312 423
312 562
313 528
314 597
315 538
315 588
316 409
316 566
317 424
317 440
318 389
318 531
318 523
318 331
318 352
318 378
319 505
319 476
319 403
320 479
320 410
321 388
321 583
322 561
322 398
322 567
322 345
323 369
323 415
324 497
324 463
324 499
325 482
325 481
325 492
326 399
326 453
327 456
327 356
327 541
328 504
328 503
328 376
329 485
329 365
329 394
330 559
330 355
331 352
331 378
332 507
332 546
333 447
333 475
333 587
334 521
334 364
335 475
335 478
335 549
335 587
336 496
336 590
336 518
337 511
338 370
339 425
339 362
340 357
340 500
340 573
341 402
342 580
342 562
343 455
343 473
344 569
344 553
344 520
345 401
345 494
345 398
345 545
345 349
345 567
346 532
347 350
347 447
347 535
347 520
348 502
348 409
349 533
349 545
349 567
351 429
351 495
352 504
353 513
353 484
354 444
354 404
355 462
356 456
356 408
356 544
357 365
357 394
357 537
357 573
358 571
358 487
358 441
358 564
359 554
359 585
359 364
359 521
359 399
360 389
360 523
360 422
360 551
361 373
363 493
363 427
363 488
364 521
365 442
365 394
366 599
366 457
366 541
367 548
367 595
368 406
368 395
369 415
369 370
370 415
371 503
371 392
372 579
372 563
372 382
373 442
375 476
376 468
377 416
377 385
378 531
378 417
378 536
379 412
379 384
380 588
380 433
381 489
381 404
381 444
381 459
382 575
383 386
383 414
383 533
384 598
384 412
385 416
385 435
386 414
387 502
387 428
388 538
388 583
388 577
388 432
389 531
389 523
391 519
392 503
392 524
392 528
393 400
395 406
395 529
395 517
395 465
395 408
396 545
396 500
396 594
397 484
397 418
397 480
398 494
400 457
401 515
401 438
401 494
402 431
403 457
403 599
404 444
404 427
405 525
405 592
405 460
406 529
406 543
407 436
407 586
407 480
407 445
408 465
408 529
408 544
409 499
409 582
409 566
410 419
410 560
410 479
411 478
411 456
412 467
412 598
413 425
413 477
413 506
413 564
414 524
415 440
416 558
416 430
417 576
417 531
417 536
418 484
419 431
419 461
419 486
420 519
420 584
420 435
421 453
421 458
421 593
422 565
422 551
422 523
423 590
423 552
423 550
423 596
423 562
424 440
424 451
424 586
425 477
427 488
428 502
429 495
429 502
430 454
430 462
430 558
431 461
432 467
432 512
432 577
432 539
433 474
433 588
434 584
436 586
436 445
437 592
437 460
438 515
438 494
439 533
439 528
440 451
441 487
443 547
444 489
444 570
446 526
447 587
447 569
448 515
449 557
450 525
450 561
452 580
452 540
454 462
454 558
454 535
455 571
455 473
456 468
457 599
458 589
458 593
460 525
460 592
463 510
463 497
463 582
463 499
464 486
465 517
465 544
466 510
466 497
467 512
467 581
467 570
469 501
469 579
470 532
471 571
473 506
473 564
475 568
475 587
476 505
477 506
478 549
481 496
481 509
481 550
481 482
482 550
482 596
483 549
483 536
484 513
488 511
488 575
489 581
490 491
493 555
496 509
496 590
496 552
498 501
499 582
500 527
500 573
500 594
504 565
506 564
507 568
509 552
509 550
512 539
512 570
514 539
514 577
514 583
516 551
517 556
518 554
518 585
519 584
520 535
522 559
524 528
525 561
527 594
530 545
531 553
531 576
533 545
534 563
537 573
538 588
539 577
540 580
540 542
541 543
549 587
550 552
550 596
551 565
552 590
553 576
553 569
554 585
554 590
556 590
562 596
566 582
569 576
569 587
572 585
577 583
10 0.5 0.5 0.5
