600
0 35.0 6.0 8.0 279.0 62.0
1 82.0 1.0 12.0 33.0 69.0
2 36.0 60.0 18.0 232.0 31.0
3 26.0 44.0 12.0 381.0 39.0
4 64.0 36.0 7.0 183.0 53.0
5 42.0 97.0 16.0 370.0 97.0
6 87.0 39.0 6.0 170.0 96.0
7 31.0 83.0 7.0 86.0 92.0
8 6.0 83.0 17.0 36.0 79.0
9 13.0 58.0 11.0 377.0 64.0
10 12.0 68.0 4.0 227.0 48.0
11 78.0 11.0 4.0 276.0 86.0
12 89.0 63.0 13.0 240.0 89.0
13 52.0 99.0 13.0 114.0 47.0
14 98.0 59.0 11.0 268.0 97.0
15 46.0 22.0 18.0 155.0 83.0
16 21.0 39.0 12.0 63.0 85.0
17 24.0 4.0 13.0 116.0 42.0
18 80.0 72.0 9.0 158.0 37.0
19 9.0 70.0 16.0 343.0 20.0
20 13.0 38.0 11.0 388.0 28.0
21 49.0 2.0 4.0 367.0 30.0
22 43.0 98.0 11.0 341.0 54.0
23 42.0 39.0 18.0 377.0 52.0
24 19.0 19.0 17.0 302.0 33.0
25 21.0 51.0 13.0 49.0 56.0
26 98.0 25.0 9.0 119.0 36.0
27 2.0 70.0 6.0 56.0 94.0
28 68.0 98.0 15.0 64.0 61.0
29 45.0 12.0 4.0 122.0 51.0
30 3.0 49.0 12.0 64.0 72.0
31 54.0 70.0 5.0 230.0 76.0
32 15.0 12.0 19.0 218.0 64.0
33 30.0 1.0 11.0 379.0 17.0
34 32.0 32.0 16.0 204.0 43.0
35 93.0 39.0 15.0 376.0 39.0
36 29.0 33.0 18.0 364.0 32.0
37 47.0 2.0 19.0 307.0 41.0
38 0.0 14.0 4.0 278.0 42.0
39 72.0 34.0 17.0 275.0 82.0
40 24.0 99.0 15.0 251.0 39.0
41 89.0 31.0 18.0 176.0 71.0
42 66.0 35.0 4.0 127.0 84.0
43 62.0 47.0 12.0 112.0 83.0
44 93.0 69.0 13.0 120.0 77.0
45 56.0 33.0 12.0 256.0 92.0
46 99.0 6.0 18.0 112.0 26.0
47 67.0 12.0 12.0 395.0 48.0
48 23.0 87.0 12.0 68.0 54.0
49 81.0 3.0 16.0 109.0 65.0
50 63.0 75.0 8.0 313.0 21.0
51 46.0 78.0 12.0 18.0 50.0
52 45.0 35.0 15.0 67.0 24.0
53 94.0 65.0 12.0 57.0 41.0
54 80.0 91.0 13.0 153.0 36.0
55 54.0 67.0 14.0 94.0 25.0
56 74.0 14.0 13.0 303.0 86.0
57 23.0 30.0 10.0 199.0 15.0
58 89.0 69.0 5.0 26.0 58.0
59 40.0 18.0 10.0 165.0 22.0
60 11.0 49.0 5.0 357.0 50.0
61 30.0 94.0 6.0 175.0 18.0
62 20.0 93.0 17.0 249.0 49.0
63 15.0 81.0 5.0 357.0 73.0
64 75.0 98.0 14.0 146.0 83.0
65 78.0 13.0 10.0 108.0 69.0
66 99.0 4.0 16.0 192.0 35.0
67 66.0 53.0 8.0 238.0 97.0
68 9.0 91.0 5.0 242.0 18.0
69 9.0 81.0 11.0 145.0 81.0
70 44.0 31.0 10.0 384.0 65.0
71 1.0 49.0 10.0 277.0 31.0
72 15.0 18.0 17.0 107.0 99.0
73 68.0 67.0 19.0 125.0 99.0
74 26.0 58.0 10.0 334.0 46.0
75 49.0 83.0 19.0 99.0 19.0
76 74.0 75.0 10.0 263.0 51.0
77 2.0 34.0 11.0 101.0 83.0
78 25.0 81.0 11.0 36.0 84.0
79 0.0 55.0 9.0 118.0 38.0
80 82.0 36.0 5.0 83.0 21.0
81 73.0 72.0 18.0 393.0 67.0
82 51.0 0.0 9.0 150.0 61.0
83 34.0 20.0 11.0 232.0 41.0
84 4.0 56.0 14.0 180.0 63.0
85 92.0 3.0 13.0 146.0 36.0
86 4.0 74.0 6.0 236.0 35.0
87 51.0 17.0 19.0 40.0 28.0
88 9.0 88.0 12.0 96.0 68.0
89 7.0 2.0 11.0 353.0 30.0
90 24.0 9.0 17.0 55.0 58.0
91 44.0 65.0 13.0 34.0 58.0
92 20.0 46.0 14.0 89.0 73.0
93 36.0 67.0 16.0 195.0 51.0
94 68.0 87.0 10.0 77.0 35.0
95 35.0 56.0 10.0 120.0 62.0
96 81.0 31.0 14.0 17.0 24.0
97 70.0 36.0 7.0 215.0 78.0
98 48.0 69.0 13.0 165.0 47.0
99 10.0 29.0 15.0 320.0 91.0
100 52.0 21.0 17.0 155.0 20.0
101 89.0 25.0 7.0 284.0 61.0
102 90.0 5.0 7.0 76.0 94.0
103 24.0 71.0 19.0 296.0 46.0
104 10.0 37.0 14.0 72.0 97.0
105 65.0 10.0 4.0 69.0 69.0
106 81.0 96.0 18.0 49.0 38.0
107 69.0 99.0 9.0 264.0 19.0
108 24.0 82.0 7.0 348.0 75.0
109 98.0 69.0 4.0 112.0 28.0
110 7.0 77.0 18.0 119.0 18.0
111 87.0 0.0 6.0 79.0 46.0
112 14.0 1.0 18.0 137.0 18.0
113 35.0 4.0 14.0 204.0 60.0
114 71.0 5.0 5.0 145.0 98.0
115 66.0 63.0 18.0 208.0 71.0
116 39.0 76.0 5.0 77.0 89.0
117 50.0 5.0 11.0 76.0 32.0
118 44.0 10.0 15.0 135.0 97.0
119 93.0 77.0 9.0 159.0 68.0
120 54.0 42.0 13.0 20.0 33.0
121 20.0 75.0 16.0 27.0 42.0
122 67.0 66.0 5.0 265.0 50.0
123 87.0 13.0 10.0 291.0 96.0
124 20.0 40.0 4.0 337.0 28.0
125 19.0 11.0 4.0 286.0 46.0
126 59.0 17.0 11.0 146.0 54.0
127 95.0 31.0 16.0 114.0 32.0
128 6.0 39.0 13.0 248.0 60.0
129 92.0 21.0 13.0 151.0 97.0
130 75.0 94.0 14.0 182.0 27.0
131 85.0 34.0 14.0 40.0 79.0
132 94.0 47.0 8.0 240.0 76.0
133 96.0 75.0 11.0 37.0 40.0
134 23.0 23.0 7.0 227.0 72.0
135 39.0 28.0 15.0 283.0 86.0
136 6.0 17.0 10.0 55.0 72.0
137 54.0 84.0 6.0 292.0 84.0
138 66.0 17.0 19.0 133.0 86.0
139 26.0 29.0 18.0 349.0 33.0
140 19.0 26.0 5.0 127.0 80.0
141 49.0 42.0 6.0 192.0 74.0
142 75.0 9.0 13.0 238.0 68.0
143 27.0 20.0 12.0 152.0 95.0
144 78.0 73.0 16.0 352.0 34.0
145 85.0 44.0 19.0 230.0 71.0
146 90.0 69.0 5.0 334.0 97.0
147 81.0 21.0 16.0 66.0 20.0
148 28.0 53.0 6.0 311.0 69.0
149 44.0 43.0 9.0 47.0 56.0
150 97.0 20.0 4.0 204.0 68.0
151 7.0 71.0 7.0 396.0 20.0
152 44.0 16.0 19.0 320.0 84.0
153 65.0 68.0 18.0 82.0 29.0
154 92.0 13.0 13.0 163.0 28.0
155 75.0 73.0 19.0 94.0 50.0
156 6.0 99.0 6.0 16.0 93.0
157 18.0 43.0 18.0 111.0 82.0
158 95.0 85.0 5.0 221.0 56.0
159 76.0 87.0 4.0 253.0 45.0
160 42.0 59.0 11.0 121.0 65.0
161 87.0 87.0 7.0 69.0 59.0
162 45.0 27.0 19.0 223.0 95.0
163 22.0 73.0 6.0 111.0 81.0
164 9.0 15.0 11.0 161.0 44.0
165 44.0 47.0 4.0 362.0 50.0
166 49.0 96.0 4.0 99.0 88.0
167 74.0 44.0 7.0 345.0 85.0
168 22.0 22.0 11.0 134.0 31.0
169 49.0 49.0 6.0 276.0 74.0
170 82.0 64.0 12.0 315.0 82.0
171 2.0 45.0 9.0 395.0 22.0
172 32.0 25.0 11.0 15.0 40.0
173 100.0 56.0 8.0 340.0 30.0
174 76.0 56.0 9.0 387.0 32.0
175 91.0 98.0 7.0 346.0 50.0
176 34.0 54.0 10.0 271.0 66.0
177 36.0 46.0 11.0 378.0 74.0
178 66.0 45.0 5.0 337.0 66.0
179 84.0 77.0 19.0 332.0 64.0
180 29.0 78.0 5.0 317.0 34.0
181 13.0 61.0 17.0 315.0 26.0
182 27.0 22.0 4.0 27.0 98.0
183 34.0 51.0 13.0 155.0 68.0
184 25.0 37.0 9.0 122.0 42.0
185 59.0 97.0 7.0 61.0 18.0
186 25.0 40.0 18.0 84.0 49.0
187 19.0 78.0 12.0 143.0 26.0
188 91.0 24.0 10.0 356.0 62.0
189 1.0 75.0 15.0 392.0 85.0
190 57.0 56.0 15.0 250.0 50.0
191 17.0 8.0 6.0 24.0 80.0
192 84.0 69.0 17.0 387.0 31.0
193 41.0 67.0 8.0 311.0 85.0
194 99.0 35.0 11.0 116.0 71.0
195 97.0 17.0 4.0 303.0 49.0
196 34.0 36.0 17.0 111.0 81.0
197 64.0 24.0 9.0 123.0 76.0
198 3.0 4.0 11.0 132.0 31.0
199 75.0 13.0 8.0 223.0 82.0
200 32.0 84.0 19.0 328.0 17.0
201 73.0 45.0 4.0 132.0 81.0
202 78.0 22.0 11.0 69.0 31.0
203 31.0 0.0 15.0 307.0 96.0
204 22.0 37.0 12.0 328.0 48.0
205 85.0 26.0 18.0 275.0 39.0
206 77.0 93.0 8.0 87.0 56.0
207 18.0 11.0 8.0 129.0 62.0
208 9.0 63.0 10.0 312.0 45.0
209 25.0 59.0 16.0 75.0 20.0
210 32.0 97.0 18.0 372.0 21.0
211 90.0 0.0 9.0 207.0 92.0
212 20.0 15.0 17.0 44.0 23.0
213 12.0 14.0 12.0 19.0 82.0
214 92.0 26.0 9.0 282.0 30.0
215 20.0 55.0 5.0 184.0 92.0
216 25.0 20.0 19.0 218.0 35.0
217 78.0 39.0 8.0 227.0 22.0
218 19.0 27.0 5.0 211.0 56.0
219 74.0 35.0 18.0 357.0 75.0
220 49.0 0.0 10.0 371.0 79.0
221 53.0 9.0 17.0 36.0 62.0
222 64.0 38.0 15.0 104.0 97.0
223 98.0 42.0 16.0 285.0 68.0
224 63.0 24.0 14.0 146.0 77.0
225 25.0 98.0 15.0 180.0 83.0
226 60.0 41.0 15.0 318.0 89.0
227 73.0 44.0 10.0 290.0 30.0
228 65.0 6.0 19.0 72.0 49.0
229 72.0 75.0 11.0 321.0 16.0
230 94.0 55.0 19.0 309.0 76.0
231 16.0 25.0 12.0 327.0 25.0
232 58.0 91.0 18.0 238.0 86.0
233 33.0 47.0 4.0 42.0 88.0
234 61.0 78.0 16.0 147.0 77.0
235 46.0 86.0 7.0 30.0 15.0
236 13.0 21.0 12.0 373.0 59.0
237 61.0 85.0 16.0 284.0 43.0
238 22.0 4.0 9.0 211.0 26.0
239 23.0 88.0 14.0 372.0 74.0
240 45.0 59.0 5.0 189.0 51.0
241 36.0 95.0 13.0 23.0 39.0
242 72.0 11.0 18.0 279.0 41.0
243 27.0 25.0 14.0 206.0 94.0
244 73.0 9.0 18.0 119.0 73.0
245 8.0 35.0 13.0 106.0 75.0
246 1.0 16.0 11.0 236.0 35.0
247 89.0 1.0 16.0 121.0 89.0
248 96.0 70.0 6.0 197.0 90.0
249 55.0 24.0 5.0 226.0 18.0
250 56.0 32.0 13.0 302.0 52.0
251 33.0 38.0 9.0 23.0 79.0
252 74.0 26.0 18.0 102.0 96.0
253 60.0 43.0 15.0 85.0 40.0
254 47.0 27.0 7.0 332.0 94.0
255 25.0 14.0 18.0 94.0 31.0
256 31.0 65.0 16.0 292.0 29.0
257 0.0 30.0 16.0 320.0 81.0
258 31.0 22.0 18.0 200.0 95.0
259 11.0 29.0 5.0 336.0 66.0
260 45.0 52.0 5.0 291.0 74.0
261 92.0 67.0 15.0 132.0 26.0
262 47.0 13.0 13.0 331.0 87.0
263 78.0 12.0 8.0 46.0 41.0
264 68.0 29.0 7.0 344.0 72.0
265 22.0 8.0 5.0 158.0 55.0
266 39.0 27.0 19.0 255.0 96.0
267 18.0 10.0 12.0 47.0 84.0
268 87.0 18.0 18.0 46.0 54.0
269 100.0 4.0 12.0 74.0 22.0
270 60.0 76.0 12.0 296.0 64.0
271 68.0 61.0 8.0 368.0 66.0
272 69.0 77.0 18.0 313.0 45.0
273 22.0 89.0 11.0 242.0 50.0
274 100.0 0.0 19.0 313.0 87.0
275 42.0 1.0 17.0 173.0 42.0
276 83.0 82.0 14.0 249.0 66.0
277 87.0 66.0 12.0 391.0 28.0
278 41.0 99.0 11.0 315.0 91.0
279 22.0 91.0 17.0 155.0 58.0
280 15.0 17.0 13.0 304.0 21.0
281 47.0 61.0 19.0 275.0 61.0
282 66.0 68.0 16.0 77.0 32.0
283 40.0 83.0 10.0 372.0 49.0
284 74.0 73.0 12.0 273.0 47.0
285 91.0 5.0 13.0 376.0 40.0
286 48.0 79.0 13.0 132.0 44.0
287 100.0 62.0 16.0 115.0 50.0
288 14.0 77.0 16.0 66.0 83.0
289 33.0 94.0 16.0 69.0 83.0
290 1.0 52.0 9.0 183.0 32.0
291 97.0 21.0 10.0 312.0 95.0
292 25.0 2.0 14.0 357.0 56.0
293 75.0 53.0 4.0 137.0 22.0
294 59.0 86.0 4.0 378.0 95.0
295 66.0 97.0 19.0 18.0 60.0
296 29.0 16.0 7.0 238.0 79.0
297 65.0 60.0 18.0 266.0 27.0
298 31.0 18.0 8.0 254.0 15.0
299 55.0 88.0 17.0 196.0 78.0
300 2.0 26.0 7.0 25.0 53.0
301 47.0 51.0 12.0 153.0 21.0
302 89.0 92.0 10.0 390.0 47.0
303 65.0 3.0 5.0 53.0 30.0
304 52.0 38.0 7.0 350.0 82.0
305 80.0 37.0 19.0 288.0 18.0
306 89.0 26.0 13.0 201.0 91.0
307 90.0 53.0 11.0 342.0 60.0
308 76.0 93.0 8.0 365.0 18.0
309 82.0 16.0 10.0 31.0 16.0
310 65.0 88.0 5.0 294.0 26.0
311 92.0 84.0 5.0 218.0 69.0
312 41.0 86.0 19.0 159.0 66.0
313 34.0 8.0 14.0 258.0 46.0
314 91.0 47.0 15.0 49.0 51.0
315 66.0 66.0 4.0 301.0 67.0
316 52.0 40.0 9.0 162.0 90.0
317 19.0 99.0 8.0 28.0 28.0
318 45.0 58.0 5.0 94.0 67.0
319 12.0 1.0 12.0 108.0 74.0
320 59.0 56.0 18.0 140.0 70.0
321 100.0 25.0 6.0 38.0 78.0
322 90.0 37.0 6.0 31.0 77.0
323 97.0 91.0 14.0 210.0 49.0
324 91.0 100.0 11.0 384.0 57.0
325 95.0 48.0 12.0 180.0 69.0
326 18.0 100.0 4.0 135.0 86.0
327 15.0 10.0 7.0 231.0 90.0
328 1.0 17.0 10.0 384.0 32.0
329 12.0 95.0 18.0 298.0 15.0
330 41.0 42.0 13.0 222.0 18.0
331 79.0 52.0 11.0 59.0 79.0
332 2.0 23.0 17.0 161.0 54.0
333 81.0 61.0 9.0 378.0 92.0
334 78.0 77.0 7.0 121.0 28.0
335 80.0 63.0 7.0 28.0 58.0
336 20.0 43.0 6.0 368.0 16.0
337 9.0 97.0 18.0 267.0 41.0
338 2.0 7.0 11.0 189.0 72.0
339 39.0 69.0 10.0 236.0 78.0
340 25.0 83.0 8.0 156.0 49.0
341 55.0 9.0 10.0 99.0 59.0
342 32.0 81.0 18.0 161.0 52.0
343 1.0 74.0 16.0 117.0 32.0
344 14.0 49.0 14.0 150.0 22.0
345 45.0 84.0 8.0 303.0 66.0
346 69.0 33.0 19.0 219.0 33.0
347 35.0 76.0 11.0 280.0 42.0
348 61.0 90.0 15.0 25.0 32.0
349 37.0 87.0 15.0 125.0 34.0
350 85.0 11.0 16.0 322.0 84.0
351 51.0 42.0 5.0 255.0 46.0
352 70.0 53.0 4.0 317.0 24.0
353 58.0 57.0 5.0 223.0 72.0
354 16.0 78.0 11.0 153.0 81.0
355 60.0 51.0 9.0 150.0 52.0
356 35.0 88.0 5.0 225.0 98.0
357 92.0 97.0 19.0 95.0 88.0
358 87.0 14.0 14.0 292.0 62.0
359 62.0 44.0 13.0 197.0 83.0
360 23.0 16.0 10.0 202.0 29.0
361 82.0 27.0 10.0 182.0 92.0
362 46.0 14.0 10.0 70.0 24.0
363 48.0 89.0 19.0 382.0 58.0
364 6.0 13.0 10.0 321.0 64.0
365 73.0 37.0 12.0 182.0 76.0
366 93.0 67.0 17.0 38.0 72.0
367 44.0 22.0 19.0 245.0 92.0
368 85.0 21.0 19.0 49.0 36.0
369 96.0 76.0 5.0 76.0 79.0
370 59.0 16.0 14.0 268.0 90.0
371 47.0 30.0 5.0 180.0 87.0
372 95.0 78.0 13.0 45.0 52.0
373 66.0 100.0 7.0 193.0 36.0
374 29.0 6.0 15.0 242.0 85.0
375 55.0 6.0 19.0 304.0 75.0
376 99.0 82.0 5.0 249.0 20.0
377 58.0 54.0 12.0 127.0 72.0
378 87.0 62.0 12.0 135.0 19.0
379 51.0 32.0 10.0 155.0 15.0
380 82.0 87.0 11.0 163.0 86.0
381 10.0 20.0 7.0 314.0 35.0
382 96.0 10.0 8.0 327.0 27.0
383 88.0 30.0 12.0 218.0 91.0
384 85.0 10.0 12.0 318.0 44.0
385 42.0 19.0 18.0 371.0 24.0
386 1.0 86.0 11.0 360.0 38.0
387 48.0 73.0 13.0 323.0 57.0
388 89.0 18.0 18.0 95.0 17.0
389 43.0 78.0 9.0 201.0 33.0
390 25.0 49.0 15.0 132.0 17.0
391 35.0 0.0 4.0 348.0 80.0
392 29.0 30.0 6.0 148.0 58.0
393 87.0 79.0 15.0 256.0 26.0
394 26.0 15.0 11.0 23.0 96.0
395 18.0 30.0 11.0 147.0 15.0
396 31.0 46.0 19.0 41.0 50.0
397 8.0 45.0 19.0 174.0 31.0
398 57.0 84.0 19.0 114.0 92.0
399 98.0 100.0 10.0 157.0 17.0
400 39.0 86.0 6.0 107.0 58.0
401 77.0 94.0 4.0 370.0 36.0
402 58.0 45.0 5.0 73.0 60.0
403 15.0 42.0 10.0 59.0 52.0
404 61.0 89.0 13.0 85.0 60.0
405 46.0 95.0 19.0 251.0 72.0
406 73.0 53.0 17.0 210.0 25.0
407 71.0 14.0 12.0 236.0 51.0
408 0.0 65.0 18.0 191.0 16.0
409 41.0 52.0 5.0 325.0 89.0
410 76.0 36.0 10.0 386.0 56.0
411 38.0 57.0 18.0 163.0 86.0
412 8.0 40.0 5.0 211.0 60.0
413 61.0 3.0 11.0 327.0 66.0
414 67.0 72.0 13.0 64.0 58.0
415 43.0 10.0 17.0 42.0 27.0
416 17.0 34.0 12.0 106.0 54.0
417 40.0 5.0 12.0 211.0 83.0
418 47.0 32.0 9.0 59.0 83.0
419 64.0 28.0 9.0 238.0 49.0
420 34.0 27.0 12.0 106.0 85.0
421 31.0 76.0 4.0 307.0 32.0
422 83.0 20.0 10.0 49.0 41.0
423 5.0 55.0 12.0 390.0 98.0
424 39.0 12.0 4.0 322.0 88.0
425 91.0 8.0 12.0 314.0 36.0
426 54.0 55.0 15.0 302.0 65.0
427 35.0 5.0 18.0 203.0 81.0
428 24.0 26.0 13.0 297.0 43.0
429 66.0 40.0 19.0 65.0 64.0
430 18.0 99.0 15.0 286.0 37.0
431 57.0 0.0 10.0 77.0 32.0
432 71.0 26.0 11.0 392.0 26.0
433 46.0 59.0 10.0 284.0 68.0
434 43.0 74.0 14.0 121.0 26.0
435 88.0 44.0 17.0 398.0 17.0
436 65.0 82.0 14.0 148.0 35.0
437 15.0 32.0 16.0 134.0 49.0
438 28.0 64.0 19.0 291.0 40.0
439 91.0 46.0 8.0 244.0 79.0
440 40.0 27.0 14.0 126.0 39.0
441 26.0 65.0 16.0 346.0 30.0
442 4.0 67.0 13.0 158.0 38.0
443 58.0 28.0 14.0 341.0 95.0
444 36.0 21.0 9.0 326.0 21.0
445 34.0 5.0 4.0 136.0 60.0
446 70.0 21.0 15.0 163.0 35.0
447 77.0 76.0 10.0 285.0 50.0
448 23.0 54.0 14.0 33.0 85.0
449 72.0 52.0 7.0 311.0 37.0
450 76.0 86.0 17.0 214.0 39.0
451 63.0 58.0 10.0 335.0 22.0
452 36.0 75.0 5.0 273.0 74.0
453 95.0 42.0 11.0 26.0 58.0
454 33.0 10.0 17.0 338.0 32.0
455 73.0 43.0 13.0 34.0 41.0
456 36.0 40.0 9.0 168.0 78.0
457 85.0 77.0 15.0 388.0 97.0
458 75.0 48.0 7.0 49.0 50.0
459 77.0 21.0 18.0 298.0 63.0
460 51.0 35.0 13.0 120.0 24.0
461 40.0 17.0 14.0 298.0 60.0
462 30.0 11.0 6.0 66.0 58.0
463 6.0 7.0 13.0 131.0 89.0
464 47.0 87.0 18.0 202.0 88.0
465 34.0 40.0 8.0 298.0 98.0
466 68.0 14.0 8.0 42.0 47.0
467 94.0 20.0 14.0 165.0 72.0
468 57.0 67.0 17.0 264.0 43.0
469 35.0 64.0 14.0 361.0 63.0
470 35.0 45.0 6.0 160.0 84.0
471 31.0 6.0 17.0 35.0 54.0
472 0.0 35.0 6.0 86.0 73.0
473 20.0 62.0 14.0 161.0 54.0
474 5.0 47.0 7.0 170.0 50.0
475 99.0 1.0 14.0 375.0 63.0
476 31.0 81.0 19.0 197.0 48.0
477 31.0 98.0 17.0 76.0 73.0
478 77.0 8.0 6.0 366.0 15.0
479 87.0 97.0 9.0 225.0 59.0
480 95.0 20.0 12.0 238.0 59.0
481 80.0 88.0 17.0 58.0 52.0
482 53.0 1.0 6.0 181.0 84.0
483 46.0 23.0 9.0 122.0 34.0
484 66.0 7.0 16.0 221.0 22.0
485 15.0 8.0 12.0 251.0 40.0
486 98.0 47.0 8.0 57.0 16.0
487 44.0 50.0 11.0 213.0 59.0
488 60.0 52.0 6.0 159.0 30.0
489 46.0 43.0 19.0 195.0 55.0
490 70.0 51.0 10.0 52.0 15.0
491 92.0 75.0 5.0 345.0 43.0
492 86.0 44.0 14.0 157.0 57.0
493 74.0 40.0 9.0 189.0 63.0
494 3.0 51.0 16.0 71.0 47.0
495 35.0 57.0 10.0 94.0 47.0
496 71.0 6.0 9.0 178.0 39.0
497 34.0 14.0 16.0 355.0 87.0
498 42.0 29.0 16.0 39.0 81.0
499 82.0 55.0 11.0 343.0 37.0
500 81.0 82.0 17.0 143.0 69.0
501 88.0 94.0 8.0 25.0 27.0
502 100.0 37.0 7.0 168.0 51.0
503 67.0 97.0 11.0 109.0 48.0
504 61.0 15.0 16.0 101.0 63.0
505 26.0 17.0 17.0 85.0 26.0
506 50.0 93.0 5.0 312.0 29.0
507 41.0 45.0 15.0 237.0 68.0
508 26.0 68.0 14.0 391.0 30.0
509 100.0 68.0 15.0 351.0 31.0
510 52.0 5.0 19.0 42.0 37.0
511 72.0 14.0 19.0 204.0 68.0
512 28.0 20.0 7.0 200.0 30.0
513 9.0 57.0 13.0 205.0 53.0
514 9.0 17.0 10.0 141.0 74.0
515 36.0 78.0 4.0 67.0 35.0
516 47.0 11.0 16.0 166.0 17.0
517 58.0 79.0 14.0 242.0 73.0
518 73.0 10.0 10.0 168.0 79.0
519 16.0 48.0 15.0 16.0 75.0
520 1.0 20.0 11.0 198.0 58.0
521 57.0 15.0 5.0 22.0 79.0
522 16.0 27.0 7.0 56.0 62.0
523 48.0 84.0 11.0 197.0 35.0
524 45.0 38.0 4.0 286.0 76.0
525 59.0 36.0 10.0 103.0 84.0
526 46.0 83.0 14.0 145.0 35.0
527 46.0 85.0 19.0 41.0 56.0
528 55.0 51.0 9.0 352.0 72.0
529 70.0 70.0 10.0 220.0 61.0
530 57.0 26.0 18.0 84.0 93.0
531 21.0 28.0 18.0 346.0 44.0
532 32.0 71.0 14.0 180.0 65.0
533 9.0 33.0 5.0 63.0 36.0
534 82.0 54.0 14.0 144.0 85.0
535 35.0 72.0 5.0 382.0 32.0
536 66.0 5.0 10.0 329.0 96.0
537 92.0 34.0 18.0 235.0 81.0
538 40.0 3.0 4.0 167.0 43.0
539 63.0 4.0 5.0 84.0 79.0
540 42.0 73.0 4.0 234.0 89.0
541 48.0 51.0 9.0 114.0 19.0
542 85.0 19.0 12.0 140.0 22.0
543 62.0 68.0 12.0 27.0 40.0
544 64.0 69.0 12.0 393.0 72.0
545 46.0 1.0 19.0 246.0 73.0
546 96.0 83.0 12.0 27.0 63.0
547 20.0 7.0 10.0 21.0 80.0
548 1.0 43.0 9.0 375.0 61.0
549 8.0 77.0 9.0 120.0 34.0
550 30.0 45.0 16.0 110.0 76.0
551 82.0 65.0 12.0 197.0 81.0
552 75.0 78.0 16.0 89.0 86.0
553 19.0 83.0 18.0 170.0 75.0
554 1.0 0.0 8.0 171.0 35.0
555 85.0 22.0 9.0 189.0 22.0
556 29.0 48.0 10.0 145.0 19.0
557 65.0 76.0 7.0 120.0 79.0
558 0.0 88.0 10.0 241.0 27.0
559 5.0 44.0 19.0 254.0 61.0
560 40.0 37.0 6.0 367.0 94.0
561 43.0 82.0 4.0 275.0 34.0
562 16.0 46.0 5.0 90.0 94.0
563 32.0 18.0 18.0 82.0 27.0
564 75.0 57.0 6.0 137.0 76.0
565 92.0 5.0 5.0 270.0 34.0
566 3.0 37.0 5.0 346.0 57.0
567 1.0 40.0 7.0 36.0 31.0
568 88.0 86.0 15.0 269.0 56.0
569 62.0 41.0 6.0 127.0 60.0
570 45.0 85.0 14.0 264.0 37.0
571 81.0 63.0 17.0 162.0 38.0
572 7.0 81.0 9.0 61.0 51.0
573 56.0 13.0 15.0 121.0 32.0
574 87.0 72.0 7.0 55.0 20.0
575 0.0 34.0 16.0 174.0 16.0
576 14.0 88.0 17.0 302.0 30.0
577 35.0 54.0 9.0 318.0 77.0
578 86.0 94.0 16.0 342.0 77.0
579 8.0 43.0 4.0 388.0 36.0
580 69.0 45.0 17.0 303.0 88.0
581 45.0 14.0 15.0 248.0 36.0
582 50.0 83.0 4.0 223.0 86.0
583 99.0 59.0 4.0 320.0 70.0
584 61.0 26.0 19.0 371.0 68.0
585 32.0 96.0 19.0 358.0 15.0
586 84.0 36.0 13.0 112.0 49.0
587 49.0 50.0 13.0 81.0 43.0
588 78.0 80.0 15.0 235.0 18.0
589 69.0 50.0 11.0 314.0 20.0
590 83.0 83.0 12.0 260.0 94.0
591 59.0 46.0 18.0 184.0 93.0
592 35.0 83.0 8.0 389.0 47.0
593 82.0 21.0 18.0 105.0 50.0
594 13.0 73.0 15.0 374.0 20.0
595 49.0 43.0 10.0 241.0 29.0
596 100.0 72.0 11.0 56.0 35.0
597 29.0 40.0 17.0 43.0 31.0
598 14.0 81.0 5.0 369.0 82.0
599 51.0 50.0 7.0 335.0 28.0
1769
0 427
0 445
0 417
0 424
0 313
1 114
1 303
1 49
1 431
1 111
2 469
2 193
2 160
2 411
2 256
2 495
2 438
3 186
3 336
3 92
3 390
3 556
3 550
3 597
4 419
4 525
4 42
4 222
5 278
5 241
5 312
5 405
5 22
6 492
6 435
6 35
6 145
6 305
6 322
6 80
6 586
6 131
7 476
7 342
7 200
7 340
7 78
7 48
8 189
8 386
8 88
8 69
8 572
9 215
9 473
9 344
9 181
9 513
9 60
10 163
10 473
10 594
10 181
10 208
10 19
11 478
11 384
11 350
11 263
11 142
11 199
12 261
12 277
12 378
12 53
12 230
12 14
13 373
13 185
13 278
13 506
13 166
13 22
14 583
14 173
14 230
14 287
14 53
15 100
15 483
15 87
15 152
15 367
15 385
16 124
16 416
16 204
16 186
17 238
17 292
17 374
17 265
17 90
18 551
18 335
18 334
18 144
18 192
18 574
18 179
18 81
19 151
19 442
19 208
19 594
20 412
20 403
20 104
20 437
20 416
20 124
21 220
21 82
21 482
21 37
21 510
21 117
22 278
22 166
22 405
23 330
23 560
23 149
23 524
23 52
24 212
24 280
24 231
24 236
24 360
24 168
24 72
24 140
25 215
25 448
25 519
25 390
25 92
26 291
26 214
26 321
26 127
27 442
27 408
27 343
27 151
27 86
28 107
28 373
28 503
28 130
28 295
29 516
29 118
29 415
29 262
29 362
29 581
30 71
30 494
30 474
30 171
31 387
31 98
31 55
31 468
31 270
31 517
32 213
32 280
32 327
32 207
32 212
33 292
33 203
33 374
33 471
33 445
33 113
34 420
34 135
34 196
34 36
34 392
35 537
35 194
35 435
35 502
35 223
35 453
35 322
36 184
36 597
36 251
36 57
36 139
36 196
36 392
37 220
37 545
37 275
37 117
37 417
37 118
38 338
38 554
38 364
38 246
38 328
38 257
38 520
39 264
39 346
39 97
39 365
39 432
39 252
39 219
40 278
40 477
40 326
40 62
40 317
40 225
41 127
41 214
41 537
41 322
41 131
41 383
42 97
42 429
42 346
42 419
42 264
42 222
43 355
43 67
43 591
43 359
43 589
43 178
44 248
44 366
44 261
44 491
44 146
45 525
45 250
45 304
45 460
45 379
46 195
46 382
46 269
46 321
46 565
46 66
47 484
47 105
47 466
47 407
47 138
47 504
47 242
48 239
48 200
48 273
48 553
48 340
48 108
49 102
49 384
49 478
49 114
49 111
50 543
50 270
50 544
50 414
50 557
50 234
51 387
51 286
51 434
51 389
51 561
51 526
52 418
52 460
52 524
52 70
52 560
53 287
53 509
53 261
53 109
53 366
54 578
54 106
54 380
54 481
54 401
54 159
54 206
55 468
55 98
55 281
55 353
55 426
56 65
56 459
56 446
56 511
56 242
56 199
57 428
57 139
57 184
57 395
57 416
57 204
57 531
58 192
58 277
58 574
58 146
59 385
59 461
59 444
60 513
60 344
60 423
60 494
60 474
60 397
60 562
61 225
61 279
61 477
61 585
61 289
61 356
61 239
61 200
62 329
62 430
62 576
62 317
62 225
62 279
62 273
63 576
63 598
63 354
63 187
63 553
64 373
64 324
64 107
64 130
64 106
64 401
65 263
65 309
65 459
65 199
66 475
66 85
66 565
66 269
67 451
67 297
67 271
67 352
67 488
67 355
67 589
68 329
68 576
68 88
68 337
68 558
68 156
69 88
69 572
69 288
69 598
69 549
69 576
70 498
70 560
70 418
70 371
70 162
71 79
71 290
71 548
71 494
71 171
72 236
72 280
72 381
72 514
73 335
73 529
73 122
73 282
73 271
74 209
74 448
74 148
74 495
74 438
75 582
75 286
75 523
75 526
76 447
76 155
76 284
76 229
76 552
77 575
77 472
77 566
77 257
77 245
77 533
77 300
78 163
78 121
78 180
78 476
78 187
78 108
78 340
79 290
79 548
79 472
79 84
79 408
80 96
80 305
80 586
80 131
81 335
81 529
81 229
81 284
81 155
81 144
82 220
82 482
82 431
83 172
83 444
83 258
83 461
83 497
83 563
84 208
84 408
84 423
84 513
84 290
85 475
85 211
85 565
85 247
85 102
85 285
86 343
86 151
86 189
86 110
87 221
87 573
87 521
87 262
87 100
87 152
87 362
88 386
88 558
88 576
89 198
89 554
89 463
89 319
90 255
90 462
90 374
90 125
90 265
91 98
91 193
91 281
91 160
91 240
92 390
92 519
92 562
92 157
92 336
93 339
93 193
93 469
93 256
93 535
93 532
94 503
94 130
94 310
94 436
94 272
94 159
94 450
94 552
94 308
95 495
95 411
95 176
95 577
96 410
96 305
96 252
96 361
96 219
96 383
96 131
97 493
97 429
97 365
97 346
98 540
98 193
98 387
98 281
98 434
99 259
99 533
99 300
99 381
99 236
99 332
100 249
100 254
100 483
100 126
100 521
101 555
101 205
101 306
101 188
101 368
102 425
102 384
102 247
102 285
102 111
103 163
103 473
103 421
103 532
103 180
103 508
104 412
104 437
104 533
104 128
104 245
105 484
105 341
105 573
105 539
105 228
105 504
106 324
106 479
106 578
106 401
107 373
107 130
108 340
108 187
108 553
109 596
109 509
109 248
109 366
110 572
110 189
110 151
110 549
111 247
111 211
111 431
112 203
112 554
112 292
112 191
112 547
112 238
112 319
112 485
113 391
113 203
113 538
113 417
113 427
113 445
114 536
114 496
114 303
114 478
114 142
115 543
115 297
115 271
115 122
115 315
116 434
116 540
116 389
116 452
116 515
116 283
117 510
117 221
117 118
117 516
118 417
118 516
118 415
119 133
119 369
119 393
119 311
119 372
119 491
120 226
120 525
120 253
120 402
120 599
120 304
120 316
120 351
121 163
121 594
121 288
121 354
121 187
122 282
122 271
122 315
123 425
123 384
123 154
123 358
123 350
124 157
124 336
124 403
124 416
124 186
125 212
125 207
125 267
125 265
125 547
125 255
126 224
126 138
126 504
126 249
126 370
126 521
127 194
127 321
127 214
127 537
128 412
128 567
128 566
128 245
128 559
128 579
129 467
129 388
129 188
129 480
129 368
130 503
130 401
130 308
131 322
131 586
131 383
132 325
132 486
132 314
132 439
132 453
133 248
133 596
133 369
133 491
134 140
134 168
134 216
134 182
134 428
134 243
135 498
135 560
135 440
135 266
135 420
135 196
136 381
136 332
136 364
136 164
136 246
136 328
136 520
136 514
137 517
137 582
137 363
137 299
137 398
138 466
138 407
138 446
138 224
138 504
138 197
139 243
139 428
139 392
140 168
140 522
140 231
140 428
140 531
140 218
141 304
141 316
141 351
141 595
141 489
141 524
142 244
142 496
142 478
142 518
142 199
143 216
143 182
143 512
143 505
144 155
144 447
144 334
145 217
145 305
145 167
145 458
145 331
145 492
145 534
146 491
146 261
146 574
146 277
147 361
147 202
147 593
147 422
147 309
147 459
148 448
148 495
148 176
148 183
148 390
148 556
149 507
149 165
149 489
149 330
149 524
150 195
150 321
150 291
150 480
151 442
151 594
151 549
152 385
152 461
152 424
152 362
152 581
153 543
153 544
153 282
153 315
154 425
154 382
154 195
154 467
154 388
154 358
155 447
155 284
156 326
156 337
156 558
157 562
157 403
157 336
158 323
158 376
158 302
158 546
158 311
159 450
159 481
159 206
159 308
160 193
160 411
160 240
160 318
160 409
161 302
161 568
161 590
161 578
161 380
162 498
162 371
162 254
162 440
162 367
162 483
163 473
163 594
163 180
164 213
164 364
164 514
165 507
165 489
165 169
165 301
165 487
166 506
166 405
167 217
167 493
167 458
167 201
167 455
167 227
168 360
168 216
169 489
169 595
169 587
169 599
169 301
169 351
170 333
170 378
170 551
170 277
170 571
171 559
171 548
171 474
172 444
172 258
172 243
172 420
172 392
173 583
173 287
173 230
173 325
173 486
173 502
174 333
174 564
174 499
174 331
174 293
174 406
175 357
175 324
175 501
175 479
176 495
176 183
176 577
177 183
177 233
177 470
177 330
177 507
177 409
178 359
178 580
178 429
178 589
178 569
179 393
179 457
179 276
179 500
179 334
179 588
179 574
180 421
180 476
180 342
181 473
181 208
181 513
182 216
182 512
182 243
182 258
183 577
183 556
183 233
183 409
184 597
184 186
184 204
185 373
185 295
185 348
185 506
185 232
186 336
186 597
186 204
187 354
187 553
188 306
188 214
188 480
188 368
189 558
189 408
189 386
189 343
189 572
190 320
190 353
190 377
190 426
191 547
191 485
191 327
191 267
192 277
192 551
192 574
193 339
193 469
193 540
194 321
194 537
194 502
195 321
195 382
195 467
195 480
196 456
196 560
196 251
197 446
197 224
197 432
197 264
197 419
198 338
198 554
198 463
199 518
199 242
199 263
200 592
200 356
200 239
200 342
201 458
201 589
201 580
201 227
202 252
202 361
202 459
203 554
203 292
203 391
204 416
205 555
205 306
205 383
205 361
205 593
206 401
206 308
207 327
207 212
207 267
208 442
208 408
208 513
209 441
209 473
209 215
209 448
209 438
210 585
210 477
210 241
210 278
211 475
211 274
211 247
212 280
212 360
212 255
213 364
213 463
213 280
213 514
213 327
214 291
214 306
214 480
214 383
215 448
215 473
215 344
215 519
216 360
216 505
217 305
217 493
217 410
218 531
218 395
218 522
219 410
219 365
219 252
220 391
220 275
220 545
221 510
221 375
221 341
221 573
221 516
221 262
222 525
222 429
222 569
223 502
223 486
223 453
224 419
224 584
224 249
224 530
225 279
225 477
226 525
226 253
226 569
227 455
227 580
228 536
228 484
228 539
228 303
229 272
229 414
229 529
229 284
229 552
230 378
230 307
230 325
231 259
231 236
231 522
232 348
232 506
232 299
232 294
232 404
233 470
233 396
233 556
234 517
234 237
234 270
234 557
234 436
235 464
235 312
235 570
235 527
236 381
236 259
237 404
237 310
237 294
237 517
237 436
237 398
238 547
238 292
238 265
239 279
239 273
240 281
240 318
240 433
241 312
241 349
241 278
241 356
241 585
241 289
242 407
242 244
242 496
242 518
242 511
242 484
243 428
243 258
243 392
244 496
244 518
245 533
245 566
246 364
246 328
248 596
248 366
248 491
249 379
249 254
249 530
250 525
250 379
250 443
250 530
251 597
251 465
251 456
252 361
252 432
252 446
252 459
253 591
253 402
253 359
253 569
254 371
254 379
254 483
255 462
255 394
255 360
256 469
256 532
256 508
256 438
257 300
257 332
257 520
257 575
258 512
258 298
258 563
259 437
259 533
259 522
260 301
260 541
260 318
260 409
260 487
261 277
261 366
262 516
262 362
263 350
263 309
264 346
264 432
264 419
265 547
266 440
266 444
266 420
267 327
267 547
268 309
268 542
268 358
268 388
268 368
269 475
269 274
269 321
270 543
270 468
270 517
271 352
271 564
271 297
271 335
272 414
272 557
272 436
272 552
273 279
273 576
273 553
274 475
275 391
275 545
275 538
275 417
276 500
276 590
276 393
277 378
277 551
278 477
278 326
278 373
280 514
281 426
281 433
282 529
282 414
282 544
282 315
283 400
283 312
283 561
283 592
283 515
283 389
285 425
285 565
286 387
286 582
286 517
286 526
287 583
287 509
288 594
288 354
288 598
288 549
289 585
289 356
290 423
290 494
291 321
291 480
292 374
293 331
293 458
293 449
293 406
294 299
294 404
294 398
295 373
295 503
295 310
295 348
296 462
296 394
296 505
296 512
296 298
296 497
296 563
297 451
297 468
297 543
298 512
298 563
299 363
299 506
299 398
300 332
300 533
301 541
301 487
301 587
302 357
302 323
302 501
302 311
302 568
302 578
303 431
303 413
303 536
303 539
304 525
304 316
304 460
304 524
305 410
306 383
307 378
307 492
307 314
307 325
307 499
307 534
308 401
309 542
309 422
309 358
309 350
309 459
310 503
310 348
310 404
310 436
311 546
311 568
311 393
311 372
312 363
312 405
312 349
312 400
312 464
312 570
312 561
312 345
313 424
313 454
313 471
313 445
314 435
314 492
314 325
314 439
315 543
316 351
317 430
317 326
318 433
318 541
318 409
319 554
319 463
319 485
320 451
320 353
320 377
320 488
321 502
322 537
323 376
323 399
323 357
324 399
324 357
324 373
324 479
325 486
326 329
326 430
326 373
326 337
327 485
327 463
328 520
329 430
329 337
329 576
330 507
330 456
330 560
330 470
331 458
331 499
331 534
332 381
332 520
333 564
333 335
333 378
333 499
333 571
334 447
334 552
334 588
335 529
335 551
335 564
335 571
338 554
338 463
338 364
339 540
339 535
339 452
341 573
341 413
341 375
341 539
342 347
342 421
342 515
342 592
342 476
343 408
344 519
344 562
345 561
345 570
345 526
345 527
347 421
347 515
347 535
347 452
348 404
349 356
349 400
349 592
350 384
350 358
351 599
351 595
352 406
352 564
352 449
352 490
352 589
353 468
353 451
353 426
354 598
355 488
355 591
355 528
356 592
357 399
357 501
358 388
359 591
359 569
360 394
360 505
361 593
361 383
362 581
363 506
363 405
363 582
363 464
364 463
365 493
365 410
367 440
367 444
367 483
367 385
368 422
368 542
368 388
368 555
368 593
369 596
369 376
369 372
370 504
370 521
371 418
371 379
372 546
372 376
374 471
374 462
375 431
375 482
375 510
375 413
376 399
376 596
376 546
377 488
377 426
377 528
378 499
379 418
379 460
379 530
380 590
380 481
380 500
380 578
381 514
382 425
382 565
384 425
384 478
385 461
385 444
386 558
387 434
387 517
388 467
389 434
389 561
390 448
390 556
391 538
392 420
393 568
393 590
393 491
393 457
394 462
394 505
395 416
395 437
395 522
395 531
396 470
396 556
396 550
397 562
397 403
397 559
397 474
397 579
398 517
399 596
400 592
402 591
402 599
402 528
403 412
403 562
403 579
405 506
406 564
406 449
407 466
407 446
407 511
408 558
408 442
409 411
409 577
409 507
409 487
410 493
411 495
411 577
412 579
413 431
413 539
414 529
414 544
414 557
415 417
415 424
415 581
416 437
417 538
417 427
417 424
418 460
419 525
419 584
419 443
420 444
421 532
421 535
422 542
422 593
423 494
423 513
424 454
424 497
424 461
424 581
425 565
426 528
426 599
426 541
426 433
427 445
428 531
429 493
429 580
429 455
429 569
431 482
432 446
433 541
434 540
435 492
435 439
435 453
436 557
437 533
437 522
438 441
438 495
438 508
439 453
440 498
440 444
441 473
441 508
443 584
443 525
443 530
444 461
445 471
446 459
446 511
447 552
449 490
449 458
450 500
450 588
450 481
450 552
451 468
451 488
452 535
452 515
452 540
453 486
454 462
454 471
454 497
455 493
455 580
456 470
456 465
456 560
457 491
457 574
458 490
458 589
460 524
461 497
462 471
462 497
463 485
464 523
464 582
464 527
465 470
465 597
465 550
467 480
468 543
470 550
472 548
472 575
472 566
472 567
473 508
474 494
474 559
477 585
479 501
479 578
481 500
482 510
484 536
484 496
486 502
487 507
488 528
489 595
489 524
490 589
491 574
492 534
496 536
497 563
498 560
499 534
500 588
500 590
501 578
504 573
504 521
505 512
508 532
509 596
515 592
517 582
519 562
521 573
523 582
523 526
523 527
525 569
526 561
526 527
527 570
528 599
528 591
530 584
532 535
541 599
541 587
543 544
548 567
548 559
549 572
549 594
550 556
550 597
551 571
552 588
553 576
555 593
559 567
559 579
566 567
568 590
576 598
580 589
587 599
10 0.5 0.5 0.5
