600
0 33.0 71.0 14.0 360.0 46.0
1 90.0 30.0 6.0 18.0 77.0
2 61.0 37.0 15.0 90.0 20.0
3 42.0 18.0 10.0 359.0 51.0
4 63.0 16.0 12.0 40.0 69.0
5 25.0 17.0 9.0 343.0 69.0
6 19.0 27.0 10.0 65.0 92.0
7 87.0 14.0 4.0 230.0 91.0
8 17.0 91.0 6.0 241.0 68.0
9 87.0 98.0 13.0 338.0 54.0
10 8.0 10.0 8.0 204.0 45.0
11 52.0 79.0 18.0 69.0 45.0
12 36.0 84.0 14.0 395.0 35.0
13 29.0 95.0 8.0 23.0 21.0
14 47.0 13.0 9.0 79.0 52.0
15 24.0 33.0 12.0 148.0 63.0
16 78.0 49.0 6.0 169.0 61.0
17 42.0 17.0 11.0 231.0 15.0
18 25.0 47.0 18.0 265.0 85.0
19 66.0 51.0 9.0 325.0 16.0
20 2.0 12.0 12.0 251.0 99.0
21 92.0 59.0 10.0 162.0 43.0
22 16.0 84.0 8.0 358.0 91.0
23 20.0 87.0 19.0 347.0 63.0
24 1.0 22.0 6.0 246.0 82.0
25 65.0 47.0 16.0 81.0 86.0
26 100.0 71.0 11.0 373.0 80.0
27 51.0 17.0 15.0 22.0 16.0
28 93.0 63.0 10.0 364.0 57.0
29 10.0 36.0 14.0 325.0 59.0
30 35.0 5.0 13.0 74.0 99.0
31 76.0 69.0 11.0 208.0 64.0
32 73.0 10.0 10.0 318.0 64.0
33 46.0 82.0 16.0 70.0 51.0
34 94.0 91.0 16.0 260.0 96.0
35 68.0 23.0 13.0 117.0 51.0
36 99.0 62.0 11.0 101.0 43.0
37 65.0 81.0 18.0 36.0 85.0
38 94.0 13.0 16.0 123.0 53.0
39 76.0 62.0 12.0 181.0 41.0
40 72.0 22.0 10.0 272.0 20.0
41 60.0 2.0 19.0 320.0 72.0
42 46.0 53.0 8.0 309.0 43.0
43 0.0 8.0 18.0 35.0 69.0
44 74.0 30.0 5.0 159.0 37.0
45 14.0 72.0 4.0 228.0 66.0
46 88.0 52.0 14.0 127.0 81.0
47 18.0 70.0 14.0 136.0 96.0
48 6.0 23.0 19.0 371.0 37.0
49 73.0 86.0 4.0 397.0 73.0
50 3.0 87.0 15.0 59.0 32.0
51 34.0 33.0 18.0 174.0 60.0
52 64.0 26.0 10.0 332.0 56.0
53 91.0 60.0 9.0 109.0 23.0
54 51.0 70.0 15.0 213.0 64.0
55 40.0 12.0 10.0 50.0 52.0
56 65.0 92.0 14.0 220.0 18.0
57 12.0 74.0 6.0 320.0 70.0
58 46.0 26.0 17.0 335.0 50.0
59 50.0 88.0 17.0 255.0 68.0
60 16.0 8.0 9.0 269.0 95.0
61 21.0 41.0 13.0 348.0 95.0
62 22.0 75.0 12.0 340.0 19.0
63 33.0 85.0 7.0 239.0 36.0
64 96.0 22.0 15.0 365.0 29.0
65 56.0 17.0 10.0 389.0 87.0
66 4.0 41.0 15.0 128.0 76.0
67 83.0 42.0 13.0 168.0 20.0
68 36.0 89.0 16.0 221.0 44.0
69 64.0 75.0 11.0 363.0 16.0
70 32.0 20.0 13.0 360.0 20.0
71 34.0 37.0 12.0 45.0 73.0
72 18.0 72.0 5.0 195.0 99.0
73 65.0 84.0 4.0 212.0 40.0
74 10.0 41.0 11.0 46.0 73.0
75 0.0 2.0 12.0 35.0 35.0
76 77.0 45.0 10.0 160.0 74.0
77 51.0 13.0 18.0 385.0 41.0
78 35.0 34.0 13.0 337.0 85.0
79 92.0 4.0 19.0 283.0 82.0
80 99.0 84.0 15.0 59.0 27.0
81 61.0 44.0 19.0 26.0 68.0
82 61.0 35.0 18.0 85.0 21.0
83 51.0 1.0 18.0 361.0 42.0
84 8.0 93.0 8.0 231.0 76.0
85 49.0 96.0 16.0 299.0 86.0
86 66.0 24.0 13.0 253.0 54.0
87 40.0 77.0 14.0 289.0 42.0
88 12.0 42.0 8.0 129.0 90.0
89 26.0 33.0 7.0 373.0 30.0
90 70.0 6.0 8.0 374.0 82.0
91 76.0 77.0 7.0 174.0 77.0
92 6.0 76.0 4.0 272.0 74.0
93 100.0 33.0 7.0 328.0 75.0
94 32.0 92.0 10.0 318.0 83.0
95 54.0 43.0 10.0 208.0 69.0
96 1.0 14.0 7.0 78.0 20.0
97 48.0 78.0 6.0 227.0 41.0
98 11.0 55.0 12.0 17.0 99.0
99 37.0 91.0 8.0 254.0 20.0
100 31.0 42.0 10.0 305.0 57.0
101 94.0 3.0 7.0 45.0 29.0
102 72.0 64.0 12.0 253.0 76.0
103 26.0 47.0 14.0 39.0 15.0
104 82.0 73.0 18.0 319.0 61.0
105 7.0 63.0 13.0 386.0 15.0
106 100.0 38.0 13.0 338.0 95.0
107 80.0 99.0 17.0 157.0 17.0
108 58.0 89.0 10.0 91.0 49.0
109 29.0 40.0 18.0 130.0 77.0
110 89.0 55.0 10.0 230.0 44.0
111 56.0 57.0 10.0 220.0 49.0
112 15.0 22.0 8.0 140.0 87.0
113 44.0 86.0 6.0 132.0 93.0
114 49.0 26.0 16.0 155.0 67.0
115 45.0 21.0 18.0 55.0 61.0
116 89.0 38.0 12.0 259.0 67.0
117 80.0 41.0 11.0 249.0 56.0
118 55.0 64.0 15.0 334.0 26.0
119 23.0 82.0 5.0 235.0 71.0
120 95.0 24.0 7.0 206.0 90.0
121 70.0 68.0 14.0 117.0 71.0
122 94.0 17.0 18.0 215.0 68.0
123 8.0 20.0 6.0 352.0 76.0
124 4.0 71.0 19.0 154.0 78.0
125 35.0 31.0 11.0 212.0 26.0
126 21.0 7.0 9.0 110.0 79.0
127 50.0 33.0 14.0 37.0 93.0
128 35.0 4.0 9.0 113.0 47.0
129 39.0 31.0 5.0 129.0 65.0
130 71.0 41.0 12.0 382.0 95.0
131 8.0 23.0 12.0 175.0 54.0
132 61.0 28.0 9.0 344.0 48.0
133 40.0 26.0 13.0 30.0 76.0
134 89.0 48.0 19.0 365.0 94.0
135 97.0 67.0 19.0 261.0 49.0
136 6.0 87.0 7.0 39.0 23.0
137 8.0 68.0 19.0 220.0 63.0
138 56.0 12.0 14.0 245.0 21.0
139 61.0 98.0 15.0 38.0 53.0
140 18.0 19.0 13.0 252.0 93.0
141 36.0 81.0 15.0 181.0 32.0
142 26.0 38.0 19.0 211.0 32.0
143 57.0 42.0 8.0 203.0 69.0
144 22.0 98.0 8.0 201.0 70.0
145 42.0 62.0 10.0 254.0 93.0
146 24.0 72.0 10.0 308.0 80.0
147 99.0 57.0 9.0 167.0 38.0
148 63.0 9.0 18.0 385.0 23.0
149 30.0 15.0 17.0 234.0 87.0
150 14.0 84.0 18.0 397.0 38.0
151 100.0 58.0 15.0 206.0 99.0
152 94.0 92.0 10.0 323.0 82.0
153 87.0 66.0 19.0 157.0 33.0
154 94.0 34.0 12.0 174.0 81.0
155 17.0 63.0 6.0 242.0 41.0
156 100.0 3.0 9.0 307.0 20.0
157 51.0 42.0 4.0 208.0 31.0
158 43.0 97.0 4.0 360.0 92.0
159 21.0 84.0 14.0 174.0 33.0
160 10.0 54.0 4.0 51.0 53.0
161 22.0 31.0 14.0 67.0 82.0
162 64.0 76.0 19.0 206.0 79.0
163 18.0 48.0 7.0 296.0 51.0
164 29.0 69.0 12.0 395.0 94.0
165 17.0 58.0 14.0 269.0 66.0
166 72.0 8.0 19.0 192.0 74.0
167 85.0 53.0 11.0 331.0 67.0
168 92.0 43.0 11.0 42.0 76.0
169 68.0 63.0 7.0 130.0 49.0
170 47.0 15.0 14.0 188.0 61.0
171 88.0 30.0 10.0 76.0 66.0
172 57.0 62.0 18.0 67.0 42.0
173 21.0 37.0 7.0 224.0 43.0
174 92.0 87.0 17.0 236.0 22.0
175 89.0 78.0 15.0 371.0 16.0
176 68.0 89.0 15.0 94.0 42.0
177 22.0 23.0 10.0 339.0 54.0
178 19.0 32.0 9.0 82.0 34.0
179 69.0 56.0 16.0 150.0 64.0
180 16.0 45.0 18.0 243.0 32.0
181 13.0 78.0 8.0 208.0 60.0
182 47.0 44.0 6.0 116.0 31.0
183 26.0 87.0 7.0 163.0 60.0
184 58.0 46.0 6.0 346.0 21.0
185 8.0 48.0 6.0 277.0 25.0
186 91.0 75.0 18.0 105.0 64.0
187 37.0 42.0 6.0 82.0 65.0
188 81.0 41.0 4.0 220.0 61.0
189 45.0 94.0 7.0 217.0 72.0
190 57.0 56.0 15.0 96.0 86.0
191 82.0 21.0 7.0 187.0 71.0
192 75.0 72.0 4.0 333.0 16.0
193 94.0 30.0 19.0 97.0 30.0
194 39.0 43.0 5.0 218.0 27.0
195 87.0 86.0 11.0 175.0 80.0
196 81.0 95.0 5.0 79.0 33.0
197 85.0 31.0 4.0 334.0 30.0
198 89.0 73.0 9.0 102.0 25.0
199 86.0 27.0 11.0 196.0 89.0
200 23.0 66.0 12.0 143.0 52.0
201 0.0 79.0 8.0 206.0 59.0
202 78.0 70.0 11.0 297.0 18.0
203 29.0 42.0 17.0 305.0 47.0
204 24.0 57.0 12.0 68.0 81.0
205 94.0 70.0 15.0 74.0 89.0
206 67.0 12.0 10.0 103.0 73.0
207 97.0 62.0 12.0 272.0 53.0
208 45.0 28.0 10.0 286.0 63.0
209 77.0 0.0 15.0 393.0 94.0
210 7.0 84.0 9.0 168.0 21.0
211 97.0 66.0 15.0 133.0 24.0
212 27.0 88.0 17.0 374.0 89.0
213 66.0 10.0 17.0 264.0 70.0
214 54.0 75.0 9.0 208.0 86.0
215 42.0 4.0 9.0 273.0 51.0
216 92.0 11.0 11.0 46.0 68.0
217 85.0 85.0 15.0 29.0 39.0
218 15.0 23.0 7.0 177.0 57.0
219 96.0 27.0 6.0 193.0 83.0
220 88.0 92.0 4.0 388.0 75.0
221 30.0 92.0 13.0 16.0 45.0
222 6.0 34.0 18.0 121.0 68.0
223 14.0 55.0 16.0 265.0 30.0
224 47.0 36.0 5.0 253.0 35.0
225 54.0 86.0 8.0 354.0 27.0
226 77.0 34.0 16.0 213.0 63.0
227 20.0 7.0 6.0 155.0 71.0
228 16.0 72.0 17.0 15.0 62.0
229 9.0 21.0 10.0 217.0 45.0
230 32.0 89.0 10.0 111.0 50.0
231 81.0 56.0 17.0 191.0 40.0
232 76.0 46.0 6.0 169.0 39.0
233 86.0 19.0 19.0 163.0 53.0
234 54.0 32.0 9.0 179.0 19.0
235 71.0 48.0 16.0 336.0 37.0
236 11.0 49.0 15.0 262.0 16.0
237 66.0 80.0 15.0 367.0 91.0
238 89.0 45.0 6.0 249.0 53.0
239 46.0 32.0 15.0 208.0 77.0
240 95.0 84.0 5.0 300.0 51.0
241 73.0 36.0 18.0 80.0 42.0
242 29.0 65.0 13.0 356.0 33.0
243 98.0 43.0 19.0 207.0 95.0
244 22.0 82.0 17.0 286.0 15.0
245 39.0 25.0 13.0 303.0 62.0
246 74.0 95.0 11.0 201.0 44.0
247 66.0 75.0 9.0 119.0 56.0
248 8.0 12.0 10.0 99.0 68.0
249 74.0 1.0 13.0 339.0 44.0
250 50.0 72.0 7.0 205.0 98.0
251 69.0 63.0 18.0 151.0 89.0
252 99.0 25.0 13.0 127.0 85.0
253 63.0 82.0 6.0 188.0 62.0
254 4.0 3.0 4.0 355.0 42.0
255 92.0 65.0 8.0 105.0 74.0
256 91.0 31.0 14.0 389.0 48.0
257 94.0 93.0 18.0 248.0 53.0
258 3.0 41.0 19.0 270.0 17.0
259 1.0 18.0 9.0 397.0 59.0
260 82.0 38.0 8.0 183.0 93.0
261 69.0 84.0 19.0 337.0 44.0
262 97.0 45.0 12.0 301.0 30.0
263 41.0 67.0 18.0 136.0 50.0
264 85.0 64.0 15.0 236.0 91.0
265 20.0 42.0 10.0 384.0 70.0
266 66.0 31.0 19.0 56.0 65.0
267 66.0 47.0 6.0 315.0 76.0
268 69.0 62.0 12.0 358.0 64.0
269 43.0 20.0 10.0 215.0 32.0
270 96.0 53.0 7.0 125.0 78.0
271 25.0 38.0 13.0 27.0 48.0
272 85.0 94.0 18.0 201.0 41.0
273 19.0 99.0 17.0 98.0 53.0
274 45.0 63.0 9.0 365.0 77.0
275 11.0 37.0 15.0 151.0 34.0
276 75.0 24.0 16.0 334.0 99.0
277 59.0 90.0 19.0 189.0 59.0
278 13.0 67.0 8.0 119.0 65.0
279 28.0 35.0 12.0 376.0 44.0
280 90.0 66.0 18.0 150.0 34.0
281 85.0 99.0 8.0 31.0 19.0
282 28.0 38.0 10.0 249.0 45.0
283 47.0 2.0 15.0 150.0 21.0
284 84.0 72.0 7.0 50.0 24.0
285 43.0 5.0 6.0 89.0 48.0
286 77.0 1.0 11.0 255.0 48.0
287 13.0 1.0 17.0 246.0 87.0
288 45.0 35.0 9.0 317.0 75.0
289 68.0 58.0 15.0 122.0 95.0
290 18.0 59.0 12.0 96.0 96.0
291 0.0 59.0 13.0 381.0 56.0
292 71.0 73.0 16.0 227.0 84.0
293 52.0 64.0 16.0 227.0 45.0
294 43.0 44.0 14.0 316.0 71.0
295 94.0 87.0 15.0 248.0 54.0
296 17.0 26.0 13.0 142.0 24.0
297 14.0 14.0 17.0 289.0 77.0
298 40.0 73.0 15.0 217.0 24.0
299 81.0 91.0 12.0 140.0 34.0
300 61.0 5.0 16.0 120.0 53.0
301 26.0 84.0 6.0 243.0 84.0
302 78.0 46.0 7.0 271.0 83.0
303 13.0 52.0 5.0 191.0 67.0
304 48.0 75.0 9.0 45.0 29.0
305 73.0 75.0 16.0 151.0 44.0
306 81.0 2.0 13.0 370.0 33.0
307 6.0 33.0 12.0 264.0 79.0
308 76.0 6.0 19.0 73.0 76.0
309 2.0 92.0 16.0 371.0 45.0
310 12.0 71.0 19.0 189.0 61.0
311 69.0 69.0 5.0 240.0 93.0
312 24.0 31.0 13.0 324.0 24.0
313 27.0 71.0 18.0 257.0 34.0
314 64.0 88.0 10.0 33.0 91.0
315 17.0 41.0 18.0 110.0 52.0
316 33.0 82.0 18.0 202.0 29.0
317 6.0 50.0 18.0 343.0 21.0
318 7.0 22.0 6.0 249.0 58.0
319 59.0 50.0 14.0 186.0 96.0
320 93.0 40.0 4.0 307.0 95.0
321 31.0 64.0 14.0 263.0 78.0
322 70.0 4.0 16.0 245.0 86.0
323 25.0 61.0 10.0 374.0 81.0
324 38.0 1.0 15.0 227.0 79.0
325 99.0 29.0 15.0 278.0 60.0
326 25.0 77.0 19.0 204.0 92.0
327 79.0 74.0 19.0 338.0 85.0
328 31.0 93.0 8.0 351.0 15.0
329 19.0 60.0 10.0 146.0 17.0
330 61.0 19.0 16.0 167.0 87.0
331 98.0 20.0 5.0 67.0 32.0
332 46.0 21.0 6.0 36.0 60.0
333 20.0 57.0 17.0 36.0 94.0
334 24.0 37.0 4.0 303.0 88.0
335 56.0 48.0 17.0 381.0 27.0
336 47.0 98.0 8.0 242.0 54.0
337 70.0 14.0 5.0 147.0 60.0
338 100.0 8.0 14.0 19.0 84.0
339 30.0 80.0 16.0 348.0 66.0
340 96.0 5.0 10.0 77.0 82.0
341 15.0 84.0 16.0 58.0 18.0
342 29.0 84.0 8.0 165.0 84.0
343 50.0 50.0 13.0 325.0 44.0
344 68.0 90.0 6.0 392.0 83.0
345 39.0 56.0 19.0 134.0 33.0
346 8.0 91.0 19.0 328.0 49.0
347 2.0 0.0 19.0 212.0 81.0
348 2.0 36.0 15.0 336.0 44.0
349 68.0 87.0 6.0 105.0 49.0
350 95.0 93.0 17.0 298.0 18.0
351 83.0 22.0 10.0 216.0 58.0
352 18.0 76.0 7.0 214.0 29.0
353 27.0 42.0 14.0 261.0 44.0
354 27.0 9.0 8.0 19.0 63.0
355 92.0 55.0 5.0 214.0 92.0
356 90.0 19.0 9.0 201.0 60.0
357 32.0 17.0 4.0 135.0 99.0
358 54.0 57.0 4.0 17.0 69.0
359 49.0 19.0 6.0 80.0 82.0
360 38.0 20.0 8.0 329.0 75.0
361 79.0 4.0 7.0 207.0 61.0
362 4.0 81.0 16.0 124.0 44.0
363 62.0 88.0 14.0 396.0 97.0
364 60.0 7.0 15.0 268.0 39.0
365 19.0 59.0 6.0 222.0 84.0
366 93.0 24.0 7.0 128.0 75.0
367 84.0 14.0 15.0 277.0 52.0
368 13.0 30.0 6.0 291.0 29.0
369 22.0 47.0 11.0 206.0 41.0
370 75.0 25.0 4.0 335.0 64.0
371 27.0 77.0 10.0 371.0 59.0
372 62.0 56.0 13.0 243.0 75.0
373 18.0 12.0 13.0 45.0 98.0
374 11.0 28.0 8.0 209.0 33.0
375 11.0 39.0 7.0 301.0 55.0
376 11.0 95.0 14.0 40.0 15.0
377 28.0 70.0 15.0 324.0 79.0
378 69.0 89.0 15.0 148.0 91.0
379 56.0 15.0 18.0 384.0 59.0
380 26.0 67.0 7.0 106.0 74.0
381 86.0 77.0 9.0 232.0 87.0
382 11.0 2.0 16.0 303.0 68.0
383 2.0 58.0 19.0 317.0 58.0
384 77.0 80.0 7.0 28.0 63.0
385 1.0 57.0 12.0 111.0 54.0
386 37.0 72.0 16.0 72.0 19.0
387 55.0 45.0 5.0 88.0 36.0
388 68.0 31.0 17.0 107.0 47.0
389 58.0 70.0 6.0 90.0 16.0
390 52.0 58.0 8.0 316.0 65.0
391 39.0 27.0 19.0 95.0 24.0
392 82.0 43.0 13.0 379.0 51.0
393 3.0 25.0 18.0 57.0 97.0
394 10.0 47.0 5.0 347.0 31.0
395 89.0 0.0 10.0 25.0 76.0
396 58.0 49.0 7.0 126.0 83.0
397 80.0 37.0 6.0 36.0 27.0
398 9.0 50.0 7.0 106.0 61.0
399 90.0 45.0 16.0 376.0 67.0
400 12.0 36.0 12.0 338.0 70.0
401 23.0 79.0 19.0 339.0 92.0
402 36.0 88.0 12.0 282.0 80.0
403 64.0 5.0 14.0 95.0 85.0
404 53.0 69.0 18.0 301.0 72.0
405 82.0 60.0 16.0 286.0 23.0
406 39.0 1.0 17.0 39.0 60.0
407 96.0 21.0 8.0 114.0 37.0
408 91.0 21.0 6.0 45.0 48.0
409 41.0 30.0 15.0 195.0 52.0
410 27.0 56.0 17.0 267.0 98.0
411 48.0 57.0 11.0 260.0 23.0
412 59.0 17.0 10.0 21.0 96.0
413 44.0 1.0 4.0 100.0 53.0
414 38.0 65.0 5.0 216.0 69.0
415 27.0 14.0 11.0 116.0 88.0
416 13.0 89.0 5.0 89.0 92.0
417 11.0 11.0 16.0 340.0 39.0
418 30.0 3.0 15.0 349.0 77.0
419 16.0 30.0 12.0 260.0 34.0
420 23.0 99.0 8.0 21.0 60.0
421 26.0 34.0 16.0 40.0 85.0
422 75.0 46.0 11.0 204.0 35.0
423 12.0 23.0 11.0 237.0 76.0
424 22.0 57.0 16.0 151.0 32.0
425 90.0 39.0 9.0 228.0 96.0
426 80.0 79.0 5.0 23.0 43.0
427 12.0 20.0 17.0 329.0 69.0
428 48.0 100.0 9.0 281.0 84.0
429 47.0 50.0 14.0 79.0 79.0
430 88.0 71.0 18.0 179.0 97.0
431 18.0 71.0 16.0 143.0 77.0
432 41.0 62.0 16.0 276.0 88.0
433 11.0 64.0 5.0 98.0 51.0
434 42.0 96.0 18.0 166.0 49.0
435 60.0 14.0 4.0 275.0 63.0
436 9.0 23.0 19.0 308.0 60.0
437 92.0 12.0 18.0 163.0 29.0
438 41.0 15.0 6.0 226.0 78.0
439 26.0 21.0 8.0 242.0 68.0
440 54.0 56.0 8.0 21.0 22.0
441 63.0 71.0 19.0 311.0 61.0
442 95.0 29.0 19.0 397.0 20.0
443 55.0 78.0 8.0 289.0 78.0
444 65.0 41.0 12.0 114.0 99.0
445 89.0 47.0 10.0 359.0 66.0
446 19.0 28.0 12.0 299.0 42.0
447 14.0 16.0 4.0 184.0 25.0
448 44.0 82.0 14.0 59.0 19.0
449 80.0 27.0 7.0 203.0 27.0
450 23.0 23.0 17.0 229.0 72.0
451 9.0 98.0 19.0 310.0 77.0
452 76.0 13.0 6.0 183.0 47.0
453 89.0 51.0 12.0 295.0 96.0
454 21.0 39.0 16.0 331.0 53.0
455 32.0 44.0 18.0 270.0 89.0
456 76.0 42.0 17.0 47.0 47.0
457 37.0 99.0 18.0 393.0 85.0
458 72.0 74.0 12.0 128.0 15.0
459 19.0 90.0 10.0 302.0 30.0
460 10.0 13.0 8.0 142.0 94.0
461 66.0 16.0 8.0 156.0 75.0
462 13.0 18.0 5.0 103.0 89.0
463 9.0 79.0 13.0 278.0 45.0
464 14.0 64.0 10.0 284.0 28.0
465 7.0 0.0 15.0 194.0 62.0
466 100.0 66.0 4.0 343.0 26.0
467 35.0 79.0 14.0 248.0 26.0
468 29.0 45.0 11.0 58.0 45.0
469 72.0 52.0 14.0 279.0 51.0
470 32.0 91.0 15.0 357.0 94.0
471 20.0 41.0 4.0 247.0 16.0
472 32.0 97.0 11.0 342.0 63.0
473 98.0 46.0 15.0 109.0 88.0
474 4.0 46.0 9.0 266.0 90.0
475 16.0 86.0 14.0 303.0 52.0
476 18.0 41.0 10.0 143.0 58.0
477 53.0 23.0 8.0 280.0 33.0
478 68.0 39.0 19.0 360.0 82.0
479 75.0 9.0 8.0 349.0 80.0
480 70.0 82.0 19.0 209.0 76.0
481 86.0 98.0 12.0 250.0 49.0
482 43.0 58.0 14.0 235.0 21.0
483 5.0 45.0 15.0 258.0 51.0
484 64.0 47.0 17.0 251.0 83.0
485 39.0 91.0 10.0 278.0 52.0
486 21.0 43.0 16.0 394.0 99.0
487 74.0 3.0 14.0 377.0 21.0
488 91.0 81.0 14.0 24.0 49.0
489 53.0 72.0 17.0 268.0 72.0
490 38.0 75.0 18.0 302.0 20.0
491 49.0 53.0 19.0 65.0 39.0
492 24.0 40.0 18.0 340.0 95.0
493 14.0 31.0 7.0 347.0 47.0
494 56.0 47.0 18.0 151.0 69.0
495 44.0 7.0 13.0 270.0 57.0
496 77.0 62.0 8.0 47.0 68.0
497 8.0 64.0 11.0 185.0 53.0
498 38.0 71.0 14.0 256.0 90.0
499 90.0 14.0 4.0 229.0 33.0
500 76.0 44.0 13.0 173.0 52.0
501 47.0 95.0 14.0 193.0 18.0
502 68.0 69.0 9.0 289.0 32.0
503 1.0 99.0 10.0 301.0 50.0
504 80.0 8.0 7.0 296.0 94.0
505 38.0 40.0 8.0 220.0 34.0
506 9.0 4.0 15.0 350.0 16.0
507 12.0 66.0 6.0 346.0 80.0
508 51.0 47.0 15.0 268.0 66.0
509 29.0 1.0 4.0 378.0 83.0
510 9.0 91.0 9.0 220.0 51.0
511 20.0 16.0 10.0 287.0 40.0
512 74.0 34.0 17.0 347.0 69.0
513 91.0 7.0 14.0 49.0 82.0
514 29.0 38.0 12.0 114.0 19.0
515 36.0 82.0 12.0 228.0 96.0
516 77.0 20.0 13.0 169.0 89.0
517 14.0 80.0 16.0 81.0 69.0
518 66.0 84.0 12.0 51.0 26.0
519 72.0 50.0 5.0 67.0 59.0
520 8.0 86.0 17.0 190.0 98.0
521 75.0 1.0 7.0 337.0 25.0
522 22.0 1.0 18.0 379.0 77.0
523 50.0 24.0 5.0 279.0 57.0
524 45.0 87.0 7.0 190.0 58.0
525 0.0 71.0 8.0 200.0 35.0
526 25.0 59.0 12.0 38.0 70.0
527 80.0 88.0 17.0 43.0 56.0
528 83.0 57.0 15.0 69.0 28.0
529 46.0 98.0 9.0 239.0 95.0
530 74.0 40.0 13.0 165.0 73.0
531 50.0 54.0 5.0 363.0 80.0
532 17.0 14.0 5.0 202.0 73.0
533 89.0 2.0 10.0 97.0 66.0
534 70.0 49.0 4.0 36.0 62.0
535 12.0 92.0 11.0 269.0 36.0
536 91.0 39.0 15.0 103.0 89.0
537 42.0 64.0 12.0 275.0 68.0
538 29.0 10.0 11.0 265.0 93.0
539 78.0 68.0 19.0 61.0 65.0
540 88.0 83.0 8.0 56.0 29.0
541 81.0 94.0 18.0 237.0 29.0
542 93.0 2.0 15.0 44.0 86.0
543 51.0 94.0 12.0 270.0 85.0
544 2.0 70.0 11.0 235.0 63.0
545 100.0 1.0 12.0 34.0 82.0
546 41.0 59.0 8.0 106.0 20.0
547 1.0 98.0 16.0 337.0 19.0
548 4.0 52.0 4.0 93.0 87.0
549 61.0 46.0 5.0 146.0 31.0
550 9.0 66.0 6.0 124.0 39.0
551 8.0 28.0 6.0 188.0 60.0
552 53.0 28.0 10.0 94.0 93.0
553 83.0 9.0 8.0 224.0 36.0
554 3.0 96.0 5.0 75.0 47.0
555 37.0 60.0 6.0 301.0 40.0
556 81.0 90.0 14.0 156.0 91.0
557 100.0 48.0 7.0 134.0 66.0
558 47.0 6.0 11.0 284.0 28.0
559 8.0 3.0 6.0 315.0 67.0
560 80.0 81.0 8.0 324.0 52.0
561 14.0 83.0 13.0 238.0 29.0
562 18.0 84.0 7.0 134.0 15.0
563 34.0 13.0 5.0 132.0 28.0
564 76.0 93.0 6.0 70.0 57.0
565 42.0 86.0 10.0 209.0 56.0
566 28.0 36.0 17.0 286.0 19.0
567 4.0 68.0 17.0 382.0 94.0
568 67.0 20.0 6.0 220.0 96.0
569 84.0 15.0 9.0 214.0 21.0
570 60.0 96.0 14.0 237.0 46.0
571 47.0 23.0 10.0 239.0 65.0
572 44.0 0.0 19.0 281.0 83.0
573 56.0 1.0 18.0 303.0 28.0
574 47.0 37.0 11.0 168.0 33.0
575 25.0 36.0 9.0 37.0 27.0
576 85.0 21.0 16.0 54.0 17.0
577 9.0 88.0 4.0 203.0 51.0
578 15.0 71.0 8.0 354.0 47.0
579 50.0 31.0 18.0 57.0 52.0
580 91.0 35.0 15.0 348.0 66.0
581 50.0 81.0 18.0 390.0 45.0
582 14.0 0.0 4.0 49.0 43.0
583 89.0 4.0 7.0 162.0 85.0
584 62.0 9.0 10.0 208.0 45.0
585 94.0 45.0 17.0 341.0 47.0
586 46.0 79.0 13.0 133.0 30.0
587 48.0 43.0 5.0 178.0 61.0
588 99.0 60.0 9.0 165.0 77.0
589 99.0 96.0 15.0 198.0 50.0
590 61.0 74.0 18.0 353.0 36.0
591 99.0 68.0 11.0 70.0 75.0
592 83.0 81.0 5.0 43.0 44.0
593 76.0 26.0 8.0 234.0 81.0
594 39.0 68.0 4.0 344.0 62.0
595 29.0 75.0 13.0 155.0 98.0
596 26.0 74.0 5.0 367.0 69.0
597 58.0 14.0 4.0 132.0 88.0
598 23.0 52.0 14.0 209.0 82.0
599 0.0 42.0 8.0 98.0 21.0
1772
0 321
0 414
0 467
0 490
0 164
0 377
0 386
0 498
0 594
0 595
1 171
1 199
1 256
1 193
1 366
2 234
2 143
2 82
2 444
2 478
2 81
3 360
3 17
3 269
3 170
4 148
4 435
4 568
4 461
4 330
4 412
4 206
5 177
5 450
5 149
5 415
5 439
5 511
6 450
6 312
6 161
6 177
6 446
6 296
7 216
7 499
7 513
7 553
7 356
7 367
7 569
7 233
8 459
8 144
8 273
8 376
8 475
8 416
8 535
9 281
9 589
9 257
9 481
9 272
9 220
10 254
10 506
10 43
10 20
10 248
10 417
11 225
11 443
11 214
11 581
11 304
11 97
12 402
12 63
12 565
12 515
12 316
13 420
13 144
13 459
13 212
13 221
13 472
13 328
14 438
14 55
14 170
14 495
14 558
14 77
15 161
15 312
15 178
15 421
15 89
15 173
15 334
15 575
16 231
16 469
16 519
16 422
16 232
16 392
16 302
16 167
17 438
17 360
17 170
18 598
18 103
18 369
18 353
18 486
19 319
19 372
19 534
19 469
19 484
19 267
19 25
19 179
20 43
20 248
20 96
21 207
21 28
21 355
21 147
21 588
21 53
21 110
22 341
22 475
22 561
22 562
22 517
23 475
23 459
23 183
23 159
23 562
24 599
24 43
24 348
24 259
24 393
24 48
25 484
25 267
25 444
26 80
26 589
26 186
26 205
26 466
26 591
27 65
27 477
27 379
27 77
27 359
27 170
28 211
28 207
28 53
28 255
29 74
29 66
29 222
29 307
29 400
29 275
29 375
29 368
30 128
30 418
30 563
30 55
30 215
30 538
31 192
31 202
31 539
31 39
31 102
31 121
32 337
32 452
32 206
32 166
32 479
33 524
33 113
33 448
33 59
33 581
33 586
34 350
34 80
34 295
34 174
34 152
34 220
35 388
35 44
35 86
35 568
35 370
35 40
36 466
36 151
36 211
36 207
36 588
37 518
37 237
37 162
37 253
37 73
38 340
38 338
38 216
38 331
38 437
38 499
38 122
39 268
39 102
39 539
39 496
39 231
39 469
39 179
40 337
40 516
40 568
40 276
40 370
41 300
41 403
41 322
41 573
41 364
41 249
42 345
42 294
42 429
42 491
42 482
42 411
43 254
43 75
43 599
43 259
43 96
44 388
44 512
44 226
44 449
44 370
44 593
45 310
45 57
45 228
45 578
46 134
46 453
46 110
46 167
47 578
47 278
47 155
47 200
47 146
47 431
47 228
48 393
48 551
48 131
48 318
48 259
49 378
49 564
49 560
49 384
49 527
49 349
49 261
49 480
50 309
50 201
50 362
50 210
50 136
51 279
51 71
51 78
51 125
51 89
52 266
52 388
52 86
52 132
52 330
53 153
53 264
53 280
53 255
53 110
53 528
54 489
54 404
54 250
54 293
54 274
54 263
55 563
55 438
55 215
55 285
55 495
56 139
56 246
56 344
56 570
56 314
56 363
56 277
57 181
57 352
57 463
57 92
57 310
57 228
58 133
58 208
58 115
58 571
58 114
59 225
59 543
59 524
59 189
59 501
59 581
60 417
60 506
60 382
60 227
60 582
60 287
60 297
60 373
61 265
61 471
61 486
61 492
61 454
62 596
62 146
62 72
62 352
62 326
62 401
63 402
63 230
63 342
63 316
64 366
64 120
64 252
64 331
64 407
64 408
65 477
65 330
65 412
65 379
66 258
66 348
66 74
66 222
66 483
67 425
67 116
67 260
67 188
67 238
67 392
68 402
68 230
68 485
68 99
68 470
69 162
69 247
69 590
69 441
70 245
70 360
70 125
70 439
70 357
71 100
71 187
71 505
71 109
71 279
71 514
71 78
71 566
72 146
72 431
72 228
72 352
73 518
73 314
73 253
73 363
74 483
74 394
74 375
74 88
75 254
75 347
76 500
76 232
76 117
76 456
76 302
77 138
77 558
77 379
77 170
78 505
78 129
78 125
79 513
79 340
79 101
79 542
79 583
79 533
80 589
80 186
80 240
80 350
80 295
81 184
81 143
81 549
81 444
81 484
82 234
82 132
82 478
82 266
83 572
83 283
83 558
83 573
83 138
84 346
84 309
84 554
84 451
84 376
84 535
84 510
85 336
85 428
85 501
85 543
85 570
86 388
86 568
86 330
87 467
87 490
87 298
87 141
87 448
87 586
87 304
88 394
88 375
88 315
88 180
89 125
89 312
89 279
89 421
90 322
90 403
90 213
90 166
90 487
91 426
91 384
91 327
91 192
91 305
91 480
92 201
92 525
92 362
92 124
92 463
92 310
93 154
93 106
93 338
93 252
93 325
93 442
93 193
94 472
94 99
94 328
94 221
94 470
95 508
95 157
95 387
95 143
96 248
96 259
96 123
97 586
97 581
97 304
98 433
98 105
98 303
98 223
98 160
98 165
98 464
98 383
99 472
99 457
99 485
99 470
99 434
100 187
100 455
100 468
100 203
100 109
101 542
101 545
101 340
101 156
102 268
102 251
102 121
103 410
103 468
103 598
103 353
104 202
104 327
104 284
104 381
104 426
105 291
105 383
105 433
105 497
105 567
106 154
106 320
106 243
106 557
107 281
107 428
107 139
107 246
107 564
107 196
108 253
108 363
108 225
108 543
108 277
109 353
109 203
109 514
109 282
109 142
110 355
110 453
110 528
110 167
111 440
111 190
111 172
111 358
112 218
112 423
112 427
112 462
112 140
113 565
113 524
113 448
114 579
114 208
114 552
114 523
114 571
115 133
115 269
115 571
115 332
115 170
116 536
116 580
116 425
116 197
116 260
117 260
117 397
117 188
117 456
117 392
117 302
118 389
118 404
118 172
118 293
118 390
119 301
119 159
119 244
119 401
120 219
120 252
120 366
121 292
121 311
121 192
121 251
121 169
121 502
122 407
122 408
122 356
122 499
122 331
123 259
123 318
123 248
123 460
123 229
123 427
123 462
124 525
124 310
124 137
124 544
124 567
125 245
125 391
125 129
125 439
125 312
126 522
126 227
126 354
126 373
127 224
127 239
127 574
127 234
127 157
127 579
128 418
128 324
128 509
128 215
129 391
129 409
129 288
129 505
130 444
130 478
130 422
130 235
130 500
130 456
130 530
130 241
130 267
131 318
131 229
131 436
131 551
132 234
132 266
132 330
132 477
132 552
133 409
133 208
133 391
133 245
133 269
134 585
134 270
134 453
134 445
134 392
134 167
135 205
135 591
135 211
135 255
136 210
136 309
136 346
136 577
136 520
137 310
137 550
137 497
137 507
137 278
137 567
138 573
138 364
138 558
138 584
138 435
138 597
138 379
139 428
139 246
139 570
140 532
140 447
140 511
140 177
140 462
140 218
141 467
141 448
141 515
141 316
142 566
142 282
142 353
142 492
142 271
142 575
143 234
143 157
143 387
143 184
144 420
144 459
144 273
145 546
145 432
145 482
145 274
145 537
146 380
146 313
146 200
146 431
146 596
147 557
147 270
147 151
147 355
147 588
148 213
148 403
148 435
148 584
148 300
148 206
149 415
149 439
149 357
149 563
149 538
150 475
150 416
150 577
150 520
150 341
150 561
151 557
151 466
151 588
152 350
152 257
152 220
153 284
153 264
153 430
153 280
154 320
154 580
154 193
154 256
155 329
155 200
155 290
155 278
155 464
155 165
156 340
156 338
156 545
157 587
157 508
157 234
157 574
158 457
158 428
158 529
158 189
158 434
159 183
159 301
159 244
159 562
160 548
160 383
160 317
160 398
160 303
161 312
161 178
161 446
162 237
162 247
162 590
162 253
163 369
163 598
163 486
163 303
163 223
163 333
163 180
163 236
164 377
164 321
164 242
164 380
165 464
165 290
165 333
165 223
166 213
166 206
166 487
166 308
166 479
167 528
167 231
167 392
168 320
168 585
168 399
168 536
168 425
168 238
169 289
169 372
169 172
169 441
169 502
169 251
169 268
170 269
170 332
170 359
170 438
171 197
171 580
171 199
171 256
172 372
172 190
172 441
172 389
172 390
172 358
173 178
173 400
173 315
173 476
173 454
173 334
174 295
174 240
174 488
174 195
174 220
174 540
175 198
175 381
175 186
175 488
175 540
176 314
176 344
176 349
176 378
177 450
177 511
177 218
177 296
178 493
178 400
178 446
178 419
179 469
179 372
179 289
179 268
180 394
180 315
180 476
180 265
180 486
180 236
181 352
181 463
181 517
182 587
182 294
182 429
182 508
183 212
183 459
183 342
183 301
184 549
184 396
184 387
184 494
184 335
185 483
185 394
185 474
185 317
185 398
185 236
186 240
186 205
186 198
186 488
187 194
187 455
187 505
188 260
188 392
189 524
189 485
189 501
189 529
189 434
190 319
190 396
190 372
190 440
191 569
191 516
191 233
191 449
191 576
191 351
192 305
192 458
192 327
192 292
192 202
193 442
193 256
193 366
194 345
194 294
194 455
194 505
195 217
195 556
195 220
195 540
196 281
196 564
196 541
196 272
196 481
197 580
197 260
197 397
197 226
197 449
197 199
198 284
198 381
198 205
198 430
199 449
199 366
199 408
199 576
199 351
200 380
200 323
200 329
201 525
201 309
201 362
201 547
201 503
202 327
202 539
202 284
203 468
203 353
204 526
204 410
204 424
204 598
205 591
205 430
205 280
205 255
206 337
206 213
206 461
207 211
207 588
208 409
208 239
208 579
209 306
209 395
209 572
209 573
209 249
209 286
209 521
210 362
210 463
210 561
210 520
211 466
211 255
211 591
212 221
212 459
212 230
212 342
213 403
214 443
214 590
214 389
214 489
214 250
214 304
215 406
215 413
215 285
215 324
216 340
216 513
216 499
216 437
217 527
217 560
217 592
217 556
217 540
218 423
218 296
218 374
219 252
219 325
219 442
219 366
220 272
220 556
220 257
221 230
221 328
221 470
222 348
222 307
223 303
223 333
224 239
224 574
224 288
225 253
225 543
225 443
225 581
226 397
226 512
226 530
226 449
226 241
227 582
227 522
227 373
228 352
228 431
228 578
229 318
229 436
229 423
229 427
230 402
230 342
230 470
231 405
231 496
231 469
231 528
232 500
232 422
232 302
233 356
233 569
233 576
234 552
234 579
235 422
235 519
235 534
235 267
236 303
236 398
236 394
237 247
237 518
237 480
237 305
237 458
238 445
238 399
238 425
238 392
239 288
239 409
239 579
240 295
240 488
241 530
241 512
241 478
241 388
242 380
242 323
242 321
243 557
243 320
243 585
243 473
243 262
244 562
244 352
244 401
245 360
245 269
245 391
246 378
246 344
246 564
247 502
247 441
247 458
247 292
248 460
248 417
249 322
249 573
249 487
249 521
250 489
250 263
250 304
251 268
252 338
252 325
252 331
253 590
253 363
253 443
254 347
254 559
254 506
254 465
255 280
256 580
257 350
257 589
258 599
258 348
258 483
258 474
259 318
260 397
261 349
261 518
261 480
262 585
262 473
263 537
263 414
263 274
263 594
263 298
263 304
264 405
264 496
264 284
264 539
264 528
265 471
265 486
265 476
266 388
266 478
267 534
267 444
268 289
269 360
270 557
270 473
270 585
270 453
270 355
271 492
271 334
271 575
272 541
272 299
272 556
272 481
273 376
273 451
273 420
273 503
273 428
274 537
274 482
274 411
274 293
275 400
275 375
276 593
276 516
276 370
277 570
277 543
277 363
278 310
278 507
278 464
278 578
279 566
279 421
279 575
280 430
281 428
281 589
281 481
282 514
282 566
283 572
283 558
283 413
283 285
284 381
284 539
284 430
285 495
285 558
285 413
286 306
286 361
286 521
286 487
287 465
287 582
287 382
288 574
288 294
288 409
288 505
289 372
290 329
290 365
290 333
291 385
291 599
291 383
291 544
291 525
291 567
292 458
292 311
292 502
293 404
293 390
293 411
294 345
294 429
294 587
294 574
294 505
296 446
296 419
296 374
296 368
297 417
297 447
297 532
297 460
297 373
298 490
298 386
298 498
298 594
298 304
299 564
299 556
299 541
300 403
300 364
300 584
301 339
301 342
301 371
301 401
302 392
303 398
304 586
305 458
305 480
306 395
306 583
306 553
306 533
306 504
306 361
307 393
307 551
307 348
307 368
308 504
308 361
308 487
308 479
309 547
309 554
309 346
310 578
311 502
312 450
312 439
313 377
313 380
313 596
313 595
314 344
314 363
314 349
314 518
315 375
315 400
315 476
316 342
316 339
316 515
316 467
317 474
317 548
317 398
319 372
319 396
319 484
319 549
320 580
320 585
320 536
321 410
321 555
321 414
321 323
321 526
322 403
322 487
323 380
323 329
323 424
323 526
324 509
324 572
324 406
325 442
326 596
326 371
326 401
327 426
328 472
329 424
329 365
330 477
330 568
330 412
331 338
331 407
332 571
332 359
333 424
333 365
333 598
334 454
334 492
334 575
335 440
335 396
335 494
335 508
335 343
336 428
336 501
336 529
337 568
337 461
337 452
337 516
338 340
339 342
339 371
339 467
339 595
340 513
341 475
341 561
343 429
343 491
343 508
343 440
343 531
344 378
345 410
345 555
345 546
345 455
345 482
346 577
346 510
347 465
348 599
348 393
349 518
349 378
350 589
351 576
351 449
352 562
352 517
352 401
353 468
353 486
353 492
354 522
354 418
354 538
354 415
354 373
355 453
356 499
356 408
356 576
357 563
357 360
357 439
358 390
358 440
359 477
359 523
359 571
360 438
360 563
361 504
361 487
362 463
364 573
364 584
365 424
366 408
366 442
367 553
367 569
367 452
367 504
368 419
368 493
368 374
368 400
368 551
369 598
369 486
370 593
371 595
371 596
371 401
373 532
373 511
373 415
374 423
374 436
374 551
375 400
376 451
376 535
377 380
377 595
378 564
379 597
379 412
381 426
381 592
381 540
382 465
382 559
382 506
383 385
383 548
384 560
384 426
384 480
385 599
385 548
386 490
386 498
387 494
387 508
388 512
388 478
389 441
389 590
389 404
389 489
390 440
390 531
390 411
391 409
392 445
393 551
394 483
395 542
395 545
395 533
396 440
396 549
397 530
397 456
399 585
399 445
400 493
402 565
402 485
404 489
405 496
405 528
406 572
406 413
407 408
408 576
410 555
410 455
410 468
410 526
410 598
411 482
411 491
411 531
412 435
412 597
413 572
414 432
414 555
414 537
414 594
415 511
415 538
416 475
416 535
416 577
416 510
417 460
417 506
418 522
418 509
418 538
419 493
419 446
420 457
420 428
420 472
421 575
422 519
422 500
423 436
423 427
424 526
424 598
425 536
426 560
426 592
427 462
428 570
428 457
428 503
428 529
429 491
429 508
432 555
432 537
432 546
433 507
433 464
433 497
433 550
434 485
434 457
435 584
435 597
436 551
437 499
438 563
439 450
440 531
441 590
441 502
443 590
444 478
444 484
445 585
447 532
447 460
447 462
448 565
448 515
448 586
449 593
449 516
451 503
451 554
452 516
452 569
452 504
452 479
454 471
454 492
454 476
455 468
456 530
456 500
457 472
459 475
460 462
461 568
463 561
463 517
464 507
465 559
465 582
466 591
467 490
467 595
469 534
469 519
471 476
473 585
473 557
474 599
474 483
474 548
475 562
477 552
477 523
479 504
480 518
482 546
484 549
485 524
485 565
486 492
487 521
488 540
491 531
494 508
495 558
496 539
497 550
497 567
498 594
501 543
501 529
503 547
503 554
504 553
506 559
507 550
508 587
509 582
509 572
509 522
510 535
510 577
511 532
513 553
513 583
514 566
515 565
516 569
516 593
517 561
517 562
519 534
520 577
520 561
522 582
523 552
523 571
524 565
525 544
527 564
527 556
527 560
533 542
533 583
536 580
538 563
540 592
541 564
542 545
543 570
544 567
546 555
547 554
548 599
552 579
553 583
556 564
560 592
566 575
572 582
572 573
574 587
581 586
595 596
10 0.5 0.5 0.5
