500
0 0.0 73.0 4.0 384.0 22.0
1 38.0 79.0 4.0 57.0 97.0
2 94.0 50.0 6.0 228.0 67.0
3 78.0 58.0 16.0 267.0 46.0
4 39.0 97.0 15.0 228.0 24.0
5 61.0 90.0 13.0 321.0 96.0
6 82.0 57.0 17.0 109.0 40.0
7 29.0 27.0 16.0 295.0 55.0
8 55.0 93.0 14.0 258.0 66.0
9 100.0 85.0 19.0 260.0 63.0
10 88.0 68.0 8.0 223.0 86.0
11 74.0 83.0 8.0 171.0 67.0
12 58.0 58.0 14.0 111.0 50.0
13 0.0 76.0 13.0 117.0 52.0
14 32.0 36.0 8.0 326.0 44.0
15 63.0 10.0 15.0 187.0 61.0
16 93.0 77.0 5.0 228.0 47.0
17 50.0 54.0 14.0 235.0 96.0
18 86.0 87.0 6.0 241.0 35.0
19 56.0 79.0 16.0 71.0 59.0
20 4.0 96.0 13.0 253.0 35.0
21 100.0 40.0 8.0 197.0 53.0
22 20.0 82.0 7.0 225.0 49.0
23 54.0 60.0 12.0 29.0 65.0
24 53.0 18.0 15.0 313.0 26.0
25 2.0 77.0 15.0 206.0 50.0
26 97.0 82.0 11.0 215.0 17.0
27 73.0 39.0 9.0 16.0 63.0
28 47.0 100.0 14.0 236.0 98.0
29 6.0 10.0 11.0 64.0 18.0
30 0.0 39.0 9.0 202.0 70.0
31 46.0 65.0 6.0 263.0 48.0
32 78.0 95.0 10.0 281.0 57.0
33 59.0 64.0 15.0 140.0 95.0
34 99.0 16.0 14.0 129.0 67.0
35 36.0 85.0 5.0 324.0 39.0
36 44.0 51.0 6.0 281.0 27.0
37 30.0 19.0 4.0 67.0 29.0
38 9.0 39.0 11.0 381.0 77.0
39 61.0 10.0 10.0 398.0 28.0
40 65.0 0.0 8.0 23.0 55.0
41 63.0 60.0 12.0 391.0 98.0
42 61.0 69.0 17.0 146.0 64.0
43 77.0 37.0 8.0 52.0 66.0
44 56.0 20.0 19.0 38.0 42.0
45 28.0 19.0 10.0 118.0 15.0
46 94.0 16.0 15.0 313.0 50.0
47 22.0 41.0 14.0 106.0 34.0
48 79.0 39.0 19.0 181.0 60.0
49 21.0 19.0 15.0 224.0 18.0
50 54.0 12.0 17.0 124.0 39.0
51 44.0 15.0 18.0 214.0 39.0
52 77.0 42.0 13.0 353.0 68.0
53 93.0 72.0 14.0 365.0 25.0
54 24.0 4.0 10.0 257.0 63.0
55 89.0 0.0 11.0 150.0 77.0
56 91.0 71.0 14.0 259.0 97.0
57 72.0 18.0 10.0 203.0 95.0
58 96.0 79.0 16.0 41.0 32.0
59 28.0 30.0 13.0 60.0 17.0
60 12.0 44.0 13.0 286.0 88.0
61 77.0 85.0 15.0 347.0 67.0
62 1.0 61.0 4.0 303.0 40.0
63 60.0 50.0 19.0 31.0 22.0
64 86.0 27.0 4.0 375.0 90.0
65 18.0 83.0 7.0 323.0 31.0
66 59.0 41.0 14.0 180.0 82.0
67 12.0 91.0 15.0 35.0 58.0
68 12.0 98.0 18.0 220.0 50.0
69 76.0 65.0 15.0 110.0 85.0
70 57.0 35.0 9.0 278.0 56.0
71 25.0 10.0 11.0 225.0 99.0
72 17.0 47.0 16.0 48.0 29.0
73 26.0 100.0 11.0 26.0 46.0
74 89.0 30.0 10.0 371.0 17.0
75 88.0 74.0 13.0 124.0 59.0
76 36.0 28.0 12.0 365.0 75.0
77 12.0 1.0 9.0 345.0 52.0
78 71.0 83.0 10.0 178.0 73.0
79 97.0 25.0 15.0 282.0 50.0
80 0.0 61.0 10.0 89.0 63.0
81 8.0 10.0 13.0 78.0 92.0
82 28.0 51.0 19.0 399.0 90.0
83 68.0 76.0 13.0 382.0 88.0
84 87.0 92.0 15.0 30.0 57.0
85 53.0 47.0 19.0 359.0 83.0
86 23.0 78.0 9.0 331.0 25.0
87 62.0 16.0 16.0 286.0 74.0
88 74.0 47.0 7.0 128.0 71.0
89 24.0 52.0 13.0 256.0 31.0
90 52.0 93.0 15.0 248.0 95.0
91 8.0 32.0 14.0 156.0 67.0
92 3.0 20.0 4.0 301.0 34.0
93 80.0 73.0 9.0 62.0 66.0
94 25.0 81.0 9.0 359.0 94.0
95 28.0 85.0 10.0 393.0 86.0
96 44.0 87.0 7.0 360.0 71.0
97 27.0 84.0 11.0 238.0 99.0
98 50.0 70.0 11.0 61.0 79.0
99 44.0 56.0 7.0 272.0 84.0
100 36.0 60.0 12.0 186.0 66.0
101 70.0 74.0 19.0 373.0 47.0
102 29.0 96.0 17.0 357.0 32.0
103 32.0 53.0 13.0 328.0 77.0
104 41.0 68.0 6.0 302.0 76.0
105 3.0 16.0 14.0 74.0 38.0
106 2.0 100.0 17.0 302.0 72.0
107 71.0 18.0 7.0 50.0 16.0
108 56.0 47.0 7.0 346.0 34.0
109 37.0 83.0 8.0 277.0 19.0
110 32.0 50.0 6.0 59.0 84.0
111 19.0 32.0 8.0 218.0 95.0
112 51.0 42.0 5.0 264.0 62.0
113 33.0 13.0 18.0 275.0 97.0
114 44.0 24.0 6.0 122.0 15.0
115 90.0 51.0 4.0 387.0 92.0
116 70.0 14.0 19.0 382.0 93.0
117 31.0 18.0 16.0 194.0 23.0
118 100.0 39.0 19.0 73.0 90.0
119 55.0 31.0 17.0 110.0 49.0
120 11.0 50.0 11.0 162.0 96.0
121 24.0 77.0 16.0 155.0 38.0
122 77.0 14.0 15.0 320.0 81.0
123 9.0 74.0 13.0 122.0 48.0
124 15.0 16.0 13.0 270.0 18.0
125 18.0 78.0 19.0 250.0 86.0
126 7.0 6.0 11.0 206.0 74.0
127 92.0 91.0 12.0 323.0 83.0
128 21.0 79.0 4.0 75.0 54.0
129 56.0 27.0 12.0 289.0 24.0
130 0.0 84.0 13.0 88.0 28.0
131 79.0 94.0 18.0 250.0 57.0
132 75.0 8.0 19.0 304.0 63.0
133 12.0 47.0 7.0 146.0 60.0
134 94.0 98.0 6.0 238.0 15.0
135 96.0 17.0 4.0 91.0 51.0
136 4.0 74.0 15.0 328.0 42.0
137 63.0 52.0 9.0 47.0 59.0
138 25.0 68.0 6.0 24.0 25.0
139 80.0 25.0 10.0 81.0 87.0
140 46.0 27.0 11.0 152.0 54.0
141 87.0 12.0 17.0 148.0 91.0
142 90.0 12.0 9.0 297.0 70.0
143 53.0 56.0 15.0 287.0 24.0
144 36.0 91.0 7.0 341.0 89.0
145 34.0 98.0 18.0 30.0 66.0
146 28.0 64.0 14.0 329.0 77.0
147 71.0 88.0 6.0 254.0 90.0
148 83.0 38.0 17.0 28.0 51.0
149 56.0 68.0 16.0 138.0 38.0
150 72.0 7.0 8.0 287.0 28.0
151 9.0 99.0 9.0 291.0 81.0
152 82.0 42.0 5.0 78.0 62.0
153 34.0 81.0 5.0 351.0 22.0
154 95.0 38.0 16.0 55.0 48.0
155 99.0 93.0 18.0 88.0 96.0
156 99.0 65.0 17.0 152.0 23.0
157 96.0 30.0 12.0 183.0 68.0
158 78.0 69.0 7.0 97.0 47.0
159 71.0 60.0 14.0 108.0 46.0
160 40.0 40.0 17.0 388.0 88.0
161 65.0 96.0 12.0 61.0 65.0
162 47.0 57.0 8.0 258.0 80.0
163 81.0 97.0 11.0 370.0 71.0
164 0.0 100.0 15.0 277.0 90.0
165 60.0 76.0 7.0 328.0 19.0
166 31.0 54.0 16.0 63.0 73.0
167 88.0 84.0 8.0 233.0 81.0
168 6.0 59.0 19.0 344.0 19.0
169 75.0 75.0 6.0 347.0 48.0
170 20.0 30.0 12.0 226.0 42.0
171 41.0 11.0 15.0 304.0 16.0
172 22.0 81.0 9.0 318.0 40.0
173 80.0 80.0 13.0 51.0 58.0
174 98.0 61.0 11.0 202.0 19.0
175 10.0 6.0 6.0 277.0 28.0
176 86.0 17.0 19.0 343.0 26.0
177 88.0 2.0 4.0 369.0 67.0
178 17.0 17.0 7.0 127.0 47.0
179 1.0 92.0 5.0 219.0 27.0
180 34.0 77.0 10.0 229.0 93.0
181 26.0 20.0 18.0 76.0 25.0
182 52.0 73.0 6.0 165.0 27.0
183 46.0 98.0 8.0 103.0 77.0
184 92.0 46.0 12.0 216.0 83.0
185 74.0 68.0 17.0 195.0 92.0
186 96.0 76.0 4.0 390.0 16.0
187 7.0 91.0 7.0 78.0 35.0
188 90.0 6.0 10.0 162.0 76.0
189 92.0 31.0 10.0 92.0 79.0
190 86.0 61.0 11.0 346.0 47.0
191 23.0 2.0 4.0 90.0 57.0
192 98.0 97.0 16.0 273.0 71.0
193 24.0 3.0 15.0 196.0 54.0
194 16.0 2.0 5.0 107.0 78.0
195 40.0 32.0 12.0 212.0 74.0
196 25.0 21.0 8.0 107.0 58.0
197 67.0 13.0 5.0 298.0 49.0
198 77.0 41.0 5.0 366.0 51.0
199 30.0 45.0 6.0 97.0 62.0
200 68.0 49.0 18.0 90.0 37.0
201 38.0 33.0 13.0 133.0 47.0
202 16.0 85.0 19.0 38.0 73.0
203 3.0 12.0 16.0 351.0 56.0
204 91.0 3.0 14.0 231.0 25.0
205 1.0 20.0 6.0 182.0 76.0
206 88.0 34.0 10.0 341.0 22.0
207 11.0 62.0 8.0 272.0 36.0
208 52.0 83.0 5.0 338.0 25.0
209 1.0 95.0 7.0 248.0 58.0
210 51.0 87.0 14.0 320.0 78.0
211 98.0 17.0 4.0 48.0 76.0
212 2.0 44.0 4.0 335.0 81.0
213 55.0 12.0 14.0 330.0 64.0
214 74.0 32.0 4.0 35.0 42.0
215 96.0 66.0 17.0 324.0 40.0
216 37.0 3.0 9.0 315.0 37.0
217 38.0 10.0 8.0 86.0 26.0
218 57.0 12.0 12.0 221.0 31.0
219 87.0 32.0 8.0 74.0 68.0
220 46.0 63.0 13.0 240.0 49.0
221 88.0 100.0 14.0 39.0 46.0
222 61.0 17.0 15.0 237.0 35.0
223 76.0 11.0 17.0 268.0 61.0
224 75.0 68.0 15.0 131.0 31.0
225 8.0 100.0 8.0 264.0 53.0
226 64.0 98.0 6.0 223.0 28.0
227 61.0 61.0 5.0 288.0 59.0
228 27.0 53.0 17.0 232.0 87.0
229 37.0 96.0 19.0 350.0 84.0
230 18.0 90.0 19.0 186.0 59.0
231 49.0 74.0 7.0 15.0 44.0
232 30.0 23.0 11.0 369.0 41.0
233 44.0 91.0 5.0 154.0 61.0
234 99.0 91.0 15.0 35.0 40.0
235 30.0 14.0 6.0 36.0 59.0
236 98.0 52.0 5.0 88.0 84.0
237 82.0 70.0 18.0 256.0 85.0
238 88.0 61.0 7.0 328.0 45.0
239 0.0 89.0 18.0 55.0 40.0
240 75.0 66.0 9.0 284.0 39.0
241 32.0 0.0 13.0 269.0 47.0
242 52.0 75.0 8.0 241.0 55.0
243 74.0 44.0 9.0 122.0 22.0
244 93.0 14.0 19.0 70.0 59.0
245 21.0 54.0 17.0 348.0 66.0
246 59.0 5.0 9.0 39.0 91.0
247 35.0 51.0 15.0 131.0 93.0
248 72.0 62.0 4.0 319.0 95.0
249 97.0 98.0 17.0 282.0 40.0
250 21.0 34.0 4.0 52.0 18.0
251 1.0 74.0 6.0 83.0 74.0
252 75.0 10.0 14.0 164.0 33.0
253 76.0 4.0 16.0 271.0 85.0
254 71.0 64.0 8.0 348.0 64.0
255 76.0 29.0 18.0 396.0 43.0
256 3.0 13.0 17.0 250.0 27.0
257 47.0 74.0 11.0 371.0 40.0
258 95.0 99.0 16.0 264.0 21.0
259 63.0 88.0 6.0 321.0 58.0
260 12.0 14.0 8.0 20.0 47.0
261 71.0 90.0 4.0 214.0 37.0
262 10.0 5.0 13.0 84.0 50.0
263 49.0 52.0 17.0 121.0 91.0
264 91.0 92.0 4.0 92.0 39.0
265 13.0 70.0 5.0 254.0 66.0
266 6.0 49.0 8.0 274.0 22.0
267 15.0 56.0 14.0 229.0 81.0
268 31.0 49.0 10.0 277.0 61.0
269 78.0 48.0 19.0 79.0 50.0
270 89.0 20.0 8.0 137.0 23.0
271 44.0 47.0 6.0 230.0 39.0
272 47.0 35.0 9.0 70.0 78.0
273 60.0 68.0 14.0 385.0 96.0
274 62.0 74.0 10.0 236.0 65.0
275 47.0 78.0 17.0 132.0 53.0
276 81.0 67.0 6.0 176.0 52.0
277 78.0 97.0 4.0 229.0 96.0
278 59.0 13.0 4.0 354.0 58.0
279 21.0 81.0 18.0 153.0 57.0
280 63.0 80.0 9.0 152.0 52.0
281 68.0 0.0 15.0 261.0 42.0
282 90.0 28.0 17.0 330.0 91.0
283 84.0 94.0 11.0 52.0 34.0
284 38.0 62.0 17.0 20.0 99.0
285 0.0 54.0 9.0 40.0 94.0
286 6.0 29.0 13.0 229.0 29.0
287 30.0 68.0 9.0 243.0 35.0
288 91.0 45.0 19.0 299.0 93.0
289 15.0 66.0 7.0 181.0 25.0
290 97.0 67.0 8.0 210.0 72.0
291 60.0 41.0 18.0 367.0 16.0
292 56.0 90.0 18.0 389.0 39.0
293 11.0 6.0 6.0 297.0 84.0
294 79.0 63.0 17.0 135.0 89.0
295 42.0 13.0 5.0 277.0 42.0
296 77.0 82.0 4.0 142.0 70.0
297 18.0 19.0 14.0 165.0 81.0
298 70.0 27.0 16.0 92.0 75.0
299 1.0 51.0 6.0 115.0 60.0
300 12.0 37.0 14.0 34.0 76.0
301 20.0 45.0 13.0 191.0 15.0
302 22.0 86.0 15.0 381.0 83.0
303 61.0 84.0 19.0 181.0 23.0
304 24.0 59.0 5.0 269.0 86.0
305 8.0 14.0 12.0 125.0 82.0
306 76.0 6.0 14.0 264.0 33.0
307 74.0 36.0 8.0 396.0 32.0
308 95.0 52.0 19.0 381.0 72.0
309 6.0 23.0 4.0 299.0 62.0
310 13.0 50.0 5.0 287.0 45.0
311 38.0 16.0 5.0 323.0 42.0
312 82.0 18.0 14.0 128.0 76.0
313 5.0 46.0 5.0 115.0 15.0
314 19.0 69.0 9.0 197.0 18.0
315 44.0 44.0 8.0 88.0 65.0
316 72.0 48.0 5.0 373.0 41.0
317 20.0 51.0 12.0 113.0 72.0
318 5.0 17.0 19.0 197.0 26.0
319 18.0 59.0 16.0 385.0 62.0
320 51.0 64.0 9.0 381.0 56.0
321 32.0 93.0 4.0 164.0 75.0
322 88.0 86.0 18.0 118.0 60.0
323 31.0 30.0 4.0 17.0 62.0
324 94.0 30.0 6.0 360.0 82.0
325 69.0 54.0 13.0 32.0 91.0
326 6.0 41.0 14.0 360.0 58.0
327 38.0 80.0 18.0 327.0 68.0
328 10.0 74.0 13.0 167.0 62.0
329 86.0 31.0 17.0 82.0 72.0
330 73.0 91.0 6.0 364.0 97.0
331 24.0 56.0 15.0 359.0 67.0
332 74.0 72.0 7.0 266.0 27.0
333 47.0 87.0 6.0 81.0 31.0
334 67.0 45.0 18.0 298.0 19.0
335 84.0 50.0 4.0 225.0 93.0
336 97.0 71.0 9.0 243.0 75.0
337 30.0 18.0 4.0 374.0 16.0
338 53.0 63.0 9.0 89.0 40.0
339 78.0 90.0 12.0 174.0 75.0
340 27.0 75.0 12.0 229.0 86.0
341 45.0 27.0 8.0 36.0 39.0
342 33.0 45.0 4.0 352.0 90.0
343 82.0 10.0 5.0 44.0 38.0
344 91.0 85.0 15.0 153.0 66.0
345 50.0 21.0 12.0 54.0 68.0
346 1.0 11.0 10.0 186.0 92.0
347 55.0 7.0 19.0 194.0 99.0
348 36.0 18.0 14.0 33.0 52.0
349 83.0 85.0 19.0 285.0 48.0
350 27.0 38.0 13.0 150.0 62.0
351 77.0 35.0 9.0 49.0 57.0
352 36.0 75.0 17.0 87.0 75.0
353 77.0 26.0 12.0 246.0 27.0
354 25.0 50.0 15.0 187.0 28.0
355 63.0 23.0 6.0 213.0 54.0
356 71.0 19.0 18.0 35.0 44.0
357 95.0 96.0 8.0 309.0 62.0
358 55.0 88.0 14.0 88.0 47.0
359 9.0 97.0 4.0 215.0 88.0
360 46.0 75.0 18.0 284.0 31.0
361 83.0 93.0 9.0 33.0 87.0
362 18.0 93.0 17.0 153.0 28.0
363 93.0 13.0 14.0 99.0 60.0
364 14.0 57.0 18.0 206.0 99.0
365 87.0 80.0 5.0 381.0 51.0
366 62.0 4.0 16.0 274.0 88.0
367 26.0 22.0 16.0 344.0 21.0
368 95.0 17.0 11.0 198.0 75.0
369 41.0 100.0 18.0 95.0 26.0
370 11.0 100.0 12.0 307.0 46.0
371 14.0 46.0 11.0 258.0 87.0
372 2.0 99.0 15.0 236.0 36.0
373 87.0 9.0 19.0 386.0 36.0
374 42.0 90.0 5.0 26.0 74.0
375 84.0 81.0 4.0 309.0 86.0
376 62.0 48.0 6.0 277.0 95.0
377 57.0 76.0 18.0 211.0 68.0
378 97.0 16.0 16.0 376.0 64.0
379 3.0 79.0 6.0 222.0 88.0
380 28.0 98.0 19.0 330.0 71.0
381 90.0 55.0 4.0 127.0 96.0
382 7.0 16.0 4.0 129.0 49.0
383 55.0 61.0 14.0 42.0 99.0
384 29.0 31.0 18.0 265.0 74.0
385 51.0 3.0 13.0 264.0 27.0
386 91.0 5.0 18.0 256.0 39.0
387 100.0 99.0 13.0 156.0 99.0
388 85.0 29.0 5.0 104.0 81.0
389 27.0 2.0 16.0 189.0 56.0
390 77.0 32.0 15.0 102.0 56.0
391 1.0 8.0 8.0 318.0 66.0
392 45.0 83.0 13.0 35.0 56.0
393 36.0 19.0 5.0 336.0 25.0
394 93.0 10.0 5.0 328.0 99.0
395 25.0 89.0 14.0 301.0 82.0
396 12.0 94.0 16.0 389.0 70.0
397 91.0 66.0 6.0 201.0 48.0
398 92.0 69.0 4.0 344.0 40.0
399 41.0 49.0 10.0 159.0 68.0
400 1.0 25.0 13.0 143.0 57.0
401 80.0 35.0 11.0 136.0 29.0
402 8.0 90.0 10.0 59.0 81.0
403 99.0 43.0 12.0 206.0 52.0
404 26.0 63.0 12.0 304.0 53.0
405 34.0 100.0 9.0 387.0 74.0
406 38.0 35.0 15.0 340.0 20.0
407 79.0 17.0 14.0 395.0 47.0
408 37.0 59.0 11.0 326.0 31.0
409 9.0 6.0 19.0 336.0 58.0
410 77.0 57.0 15.0 237.0 31.0
411 39.0 95.0 9.0 225.0 84.0
412 78.0 44.0 12.0 367.0 78.0
413 12.0 2.0 13.0 232.0 86.0
414 40.0 34.0 14.0 245.0 81.0
415 79.0 23.0 14.0 50.0 55.0
416 46.0 99.0 19.0 208.0 49.0
417 55.0 56.0 18.0 39.0 43.0
418 16.0 4.0 12.0 371.0 32.0
419 52.0 81.0 17.0 295.0 73.0
420 25.0 19.0 5.0 118.0 63.0
421 87.0 31.0 8.0 332.0 83.0
422 70.0 2.0 9.0 194.0 58.0
423 25.0 24.0 8.0 348.0 47.0
424 34.0 37.0 7.0 220.0 97.0
425 0.0 53.0 5.0 156.0 80.0
426 77.0 79.0 5.0 240.0 57.0
427 90.0 77.0 8.0 178.0 19.0
428 28.0 99.0 13.0 60.0 97.0
429 74.0 19.0 11.0 336.0 75.0
430 17.0 1.0 8.0 112.0 85.0
431 33.0 91.0 4.0 336.0 55.0
432 15.0 11.0 19.0 382.0 77.0
433 19.0 8.0 9.0 60.0 22.0
434 57.0 64.0 4.0 124.0 71.0
435 36.0 32.0 8.0 58.0 17.0
436 86.0 1.0 12.0 82.0 94.0
437 51.0 17.0 6.0 356.0 60.0
438 64.0 47.0 17.0 17.0 29.0
439 39.0 33.0 14.0 231.0 97.0
440 11.0 8.0 13.0 359.0 44.0
441 83.0 80.0 5.0 149.0 47.0
442 77.0 25.0 19.0 331.0 70.0
443 66.0 84.0 11.0 140.0 96.0
444 59.0 49.0 14.0 333.0 72.0
445 33.0 51.0 15.0 343.0 27.0
446 32.0 52.0 14.0 353.0 51.0
447 0.0 17.0 7.0 278.0 29.0
448 71.0 34.0 7.0 160.0 62.0
449 93.0 33.0 11.0 368.0 31.0
450 67.0 10.0 13.0 141.0 52.0
451 47.0 69.0 8.0 291.0 71.0
452 65.0 19.0 14.0 318.0 20.0
453 31.0 6.0 12.0 105.0 29.0
454 31.0 89.0 4.0 106.0 63.0
455 2.0 75.0 18.0 43.0 67.0
456 22.0 64.0 10.0 82.0 79.0
457 51.0 90.0 15.0 129.0 83.0
458 98.0 48.0 14.0 263.0 51.0
459 6.0 9.0 16.0 267.0 83.0
460 88.0 57.0 8.0 203.0 66.0
461 49.0 95.0 11.0 250.0 35.0
462 77.0 95.0 5.0 121.0 50.0
463 76.0 48.0 11.0 333.0 20.0
464 31.0 23.0 12.0 320.0 98.0
465 57.0 69.0 15.0 17.0 35.0
466 91.0 27.0 18.0 193.0 54.0
467 12.0 46.0 18.0 278.0 96.0
468 77.0 0.0 10.0 306.0 92.0
469 38.0 78.0 8.0 342.0 23.0
470 4.0 60.0 14.0 243.0 89.0
471 86.0 53.0 4.0 302.0 83.0
472 18.0 3.0 11.0 317.0 43.0
473 96.0 0.0 16.0 35.0 64.0
474 90.0 96.0 17.0 278.0 83.0
475 55.0 86.0 18.0 319.0 95.0
476 88.0 94.0 10.0 114.0 46.0
477 0.0 31.0 15.0 83.0 80.0
478 81.0 78.0 6.0 187.0 32.0
479 9.0 82.0 6.0 373.0 94.0
480 42.0 58.0 15.0 47.0 56.0
481 88.0 66.0 7.0 266.0 84.0
482 82.0 85.0 19.0 179.0 44.0
483 89.0 81.0 17.0 250.0 98.0
484 17.0 60.0 13.0 194.0 94.0
485 20.0 50.0 17.0 306.0 88.0
486 94.0 3.0 5.0 98.0 92.0
487 10.0 50.0 5.0 357.0 27.0
488 93.0 20.0 12.0 172.0 57.0
489 48.0 97.0 19.0 370.0 63.0
490 7.0 17.0 14.0 68.0 72.0
491 94.0 92.0 9.0 33.0 84.0
492 89.0 83.0 13.0 237.0 85.0
493 86.0 76.0 6.0 363.0 98.0
494 80.0 36.0 16.0 386.0 29.0
495 74.0 29.0 13.0 55.0 31.0
496 22.0 10.0 15.0 27.0 92.0
497 48.0 72.0 9.0 40.0 42.0
498 20.0 35.0 12.0 163.0 90.0
499 80.0 46.0 15.0 76.0 29.0
1465
0 136
0 62
0 80
0 13
0 251
1 392
1 275
1 327
1 469
1 180
1 153
2 115
2 308
2 184
2 458
2 236
3 248
3 294
3 6
3 410
4 369
4 405
4 145
4 183
4 411
4 229
5 259
5 161
5 8
5 292
5 226
5 358
5 303
6 335
6 269
6 190
6 460
6 471
6 294
6 410
7 59
7 423
7 464
7 76
7 323
7 232
8 489
8 28
8 226
8 292
8 90
8 461
9 156
9 336
9 186
9 491
9 234
9 344
9 58
9 26
9 21
9 387
10 276
10 237
10 481
10 397
10 398
10 56
10 75
11 78
11 147
11 61
11 296
11 426
12 227
12 41
12 383
12 137
12 23
12 63
12 417
13 379
13 130
13 251
13 25
13 455
14 350
14 384
14 199
14 424
14 435
14 323
15 87
15 197
15 39
15 366
15 278
15 450
16 483
16 427
16 58
16 186
16 53
17 162
17 143
17 263
17 85
18 349
18 167
18 84
18 361
18 322
18 482
19 165
19 280
19 419
19 242
19 208
19 475
19 303
19 377
20 372
20 209
20 225
20 179
20 187
20 359
21 236
21 403
21 156
21 154
21 118
22 65
22 125
22 302
22 172
22 279
23 162
23 143
23 338
23 383
23 320
23 417
24 345
24 437
24 44
24 278
24 218
24 50
24 213
25 379
25 136
25 455
26 344
26 58
27 334
27 448
27 243
27 307
27 198
27 43
28 221
28 226
28 416
28 369
28 489
29 459
29 81
29 203
29 305
29 256
30 425
30 299
30 212
30 326
30 91
30 477
31 220
31 104
31 320
31 451
32 277
32 462
32 131
32 163
33 273
33 227
33 434
33 149
34 79
34 118
34 486
34 394
34 473
34 378
34 211
35 95
35 454
35 431
35 144
35 374
35 96
35 153
35 109
36 271
36 263
36 399
36 99
37 117
37 464
37 232
37 45
37 337
38 326
38 91
38 60
38 300
39 366
39 246
39 347
39 278
39 218
40 241
40 385
40 246
40 422
40 281
40 366
41 159
41 254
41 227
41 137
41 325
41 42
42 101
42 254
42 227
42 274
42 465
42 273
43 351
43 307
43 198
43 48
43 494
44 355
44 222
44 129
44 345
44 278
45 235
45 420
45 181
45 232
45 367
45 337
46 244
46 270
46 378
46 488
46 368
46 135
47 60
47 301
47 199
47 350
47 498
47 300
47 354
48 198
48 148
48 152
48 494
48 52
49 297
49 423
49 196
49 420
49 496
49 178
50 51
50 437
50 347
50 385
50 295
50 213
51 311
51 114
51 295
51 345
51 437
52 412
52 243
52 198
52 152
53 336
53 186
53 398
53 427
53 56
53 75
54 433
54 496
54 71
54 453
54 389
54 193
54 191
54 472
55 436
55 468
55 177
55 204
55 473
56 398
56 75
57 429
57 122
57 116
57 107
57 356
58 344
58 483
58 186
59 423
59 323
59 384
59 170
59 250
60 301
60 371
60 467
60 313
60 326
60 300
61 482
61 339
61 147
61 330
61 296
62 136
62 80
62 285
62 470
63 137
63 376
63 444
63 417
64 270
64 466
64 312
64 282
64 74
64 139
64 388
64 421
65 125
65 302
65 479
65 202
66 70
66 291
66 112
66 376
66 108
67 479
67 402
67 202
67 230
67 362
67 396
67 187
68 370
68 73
68 151
68 362
68 396
68 359
69 248
69 240
69 158
69 276
69 294
69 224
70 448
70 291
70 298
70 112
70 272
70 119
70 355
70 129
71 496
71 420
71 453
71 235
72 371
72 301
72 310
72 485
73 405
73 428
73 380
73 370
73 362
74 282
74 189
74 421
74 219
74 206
75 427
75 237
75 493
76 114
76 393
76 464
76 341
76 195
76 435
76 323
77 126
77 391
77 262
77 413
77 194
77 430
77 241
78 83
78 169
78 443
78 147
78 426
79 118
79 157
79 324
79 466
79 488
79 211
79 135
80 285
81 409
81 126
81 459
81 440
81 260
81 305
82 354
82 228
82 166
82 199
82 446
82 268
82 110
83 101
83 169
83 443
83 280
83 274
84 361
84 283
84 476
84 264
84 322
85 271
85 263
85 112
85 143
85 108
85 417
86 128
86 125
86 121
86 172
86 94
87 452
87 197
87 222
87 278
88 243
88 316
88 463
88 412
89 331
89 228
89 354
89 245
89 317
89 485
90 461
90 457
90 292
91 326
91 477
91 300
91 111
91 170
91 286
92 490
92 318
92 309
92 105
92 205
92 400
92 447
93 158
93 237
93 332
93 169
93 478
93 493
93 426
94 97
94 302
94 172
94 153
94 121
94 340
95 395
95 454
95 97
95 153
96 374
96 233
96 333
96 392
96 109
97 395
97 302
97 153
98 451
98 320
98 149
98 182
98 497
99 263
99 162
99 399
99 480
100 146
100 287
100 166
100 284
100 408
101 332
101 169
101 185
101 254
101 274
102 395
102 321
102 145
102 380
102 362
103 445
103 247
103 446
103 166
103 408
104 287
104 352
104 284
104 360
104 220
104 451
104 257
105 318
105 256
105 447
106 372
106 164
106 225
107 452
107 356
107 116
108 376
108 112
108 444
108 417
109 153
109 327
109 392
110 446
110 268
110 445
110 342
110 247
111 300
111 498
111 170
111 250
112 272
112 315
112 271
113 348
113 311
113 117
113 217
113 453
113 235
114 393
114 341
114 140
114 311
114 345
115 308
115 471
115 335
115 381
115 288
115 184
116 252
116 150
116 452
116 197
116 223
116 122
116 450
117 348
117 464
117 393
117 235
117 337
118 157
118 154
119 272
119 140
119 129
120 133
120 487
120 310
120 364
120 267
121 314
121 125
121 138
121 340
122 343
122 407
122 429
122 223
123 136
123 379
123 265
123 328
123 479
124 178
124 297
124 432
124 260
124 490
124 309
125 265
125 328
125 314
125 479
125 128
125 279
126 391
126 262
126 409
126 459
127 491
127 344
127 264
127 322
128 279
128 172
129 355
129 140
129 345
130 379
130 239
130 402
130 479
131 462
131 339
131 361
131 163
132 306
132 150
132 252
132 223
133 266
133 487
133 310
133 371
133 467
134 221
134 258
134 357
134 474
135 211
135 378
135 368
135 488
136 265
136 207
136 379
136 251
136 470
136 455
137 325
137 200
137 376
137 438
138 146
138 404
138 287
138 456
138 314
138 340
139 312
139 388
139 390
139 255
139 415
139 442
139 353
140 341
140 272
140 345
141 373
141 343
141 176
141 142
142 373
142 188
142 394
142 176
142 363
142 244
143 162
143 417
144 431
144 321
144 374
144 411
144 229
145 428
145 405
145 380
145 321
145 229
146 287
146 166
146 404
147 443
147 259
147 261
147 330
148 152
148 288
148 206
148 219
148 494
148 401
148 329
149 320
149 338
149 434
149 273
149 465
149 182
150 253
150 422
150 306
150 252
150 450
151 225
151 370
151 359
152 499
152 335
152 288
152 412
153 327
153 180
153 340
154 403
154 184
154 288
154 157
154 449
154 206
155 192
155 387
155 234
155 491
155 357
156 336
156 174
156 215
156 290
156 236
157 324
157 449
158 276
158 237
158 224
158 332
159 254
159 248
159 325
159 410
160 399
160 315
160 342
160 424
160 272
160 406
160 414
161 462
161 330
161 226
161 277
161 259
161 261
162 263
162 220
162 320
162 480
163 277
163 221
163 283
163 361
164 209
164 239
164 372
165 280
165 274
165 377
166 304
166 404
166 331
166 228
166 446
166 408
167 344
167 492
167 365
167 375
167 349
167 322
168 364
168 487
168 207
168 266
168 470
168 285
168 299
169 332
169 426
170 423
170 297
170 286
170 250
170 309
171 295
171 385
171 216
171 311
171 217
172 302
172 279
173 441
173 478
173 482
173 426
173 296
174 215
174 308
174 381
174 238
174 236
174 397
175 440
175 409
175 293
175 262
176 270
176 312
176 343
176 244
177 373
177 436
177 188
177 204
177 386
178 297
178 496
178 432
179 239
179 209
179 187
180 352
180 287
180 469
180 340
181 420
181 196
181 367
182 377
182 465
182 242
182 231
182 497
183 233
183 411
183 369
183 416
183 461
183 489
184 288
184 458
184 403
185 224
185 332
185 254
185 240
186 336
187 402
187 239
187 359
187 396
188 394
188 373
188 386
189 282
189 449
189 324
189 466
189 206
190 460
190 276
190 481
190 238
190 294
191 389
191 241
191 193
191 430
191 472
192 387
192 249
192 357
193 389
194 413
194 418
194 430
194 472
195 341
195 435
195 272
195 201
195 439
195 414
196 423
196 420
196 367
197 452
197 450
198 243
199 350
199 424
199 342
199 354
199 268
200 334
200 316
200 325
200 438
201 406
201 439
201 435
202 479
202 302
202 230
203 346
203 391
203 459
203 256
204 386
204 486
204 473
205 447
205 400
206 449
206 219
206 288
207 265
207 289
207 364
207 470
207 484
208 419
208 392
208 333
208 475
208 210
209 239
209 372
210 333
210 457
210 475
210 358
211 378
212 299
212 313
212 326
213 218
213 347
214 307
214 448
214 495
214 351
214 390
214 255
215 290
215 398
215 397
216 453
216 241
216 385
216 217
217 311
217 453
218 347
218 278
219 421
219 329
220 284
220 320
220 480
221 258
221 387
221 474
221 476
221 226
221 277
221 283
222 355
222 452
222 278
223 252
223 343
223 306
224 332
224 240
225 372
225 370
225 359
226 277
227 383
227 273
227 434
228 331
228 354
229 411
229 321
230 395
230 302
230 362
231 242
231 275
231 497
231 257
232 464
232 367
232 423
233 411
233 374
233 333
233 457
233 461
234 491
234 387
235 453
235 420
235 337
236 308
236 403
236 458
237 276
237 493
238 460
238 481
238 381
238 397
239 402
240 248
240 254
241 385
241 453
241 389
241 430
242 419
242 275
242 377
243 334
243 316
243 412
244 270
244 363
244 378
245 331
245 317
245 319
245 267
246 385
246 347
246 366
247 445
247 399
247 342
247 408
247 480
248 254
248 294
248 410
249 387
249 258
249 357
250 498
250 350
250 384
251 455
253 422
253 468
253 436
253 306
253 343
255 390
255 495
255 353
256 382
256 305
256 346
256 447
256 318
257 497
257 451
257 275
257 360
258 387
258 357
259 443
259 261
259 303
260 440
260 432
260 490
260 305
260 382
261 330
262 409
262 293
262 413
263 271
264 491
264 474
264 476
264 322
264 357
265 289
265 328
265 314
266 487
266 299
266 313
266 467
267 317
267 310
267 364
267 319
267 484
268 342
269 335
269 499
269 463
269 410
269 412
270 466
270 312
270 488
271 399
271 315
272 315
272 341
272 414
273 465
274 280
274 465
274 377
275 392
275 419
275 469
275 360
276 481
276 294
277 462
280 443
280 303
281 422
281 468
282 466
283 476
283 361
284 287
284 408
284 480
285 470
285 299
285 425
286 477
286 400
286 309
287 352
287 340
288 335
289 314
289 484
289 456
290 336
290 398
291 448
291 376
291 334
291 438
292 358
292 457
293 440
293 413
293 418
295 385
295 311
296 426
296 482
297 423
297 309
298 448
298 355
298 452
298 356
298 429
298 442
298 495
299 425
299 313
300 498
301 371
301 485
301 354
302 395
303 443
303 475
303 358
304 404
304 331
304 319
304 456
305 382
306 343
307 448
307 351
308 381
309 400
309 490
310 371
310 317
310 485
311 393
311 348
312 343
312 407
312 415
313 467
313 326
314 456
315 399
316 334
316 325
316 463
317 485
318 490
318 382
319 331
319 484
319 456
320 338
320 451
321 395
321 454
321 431
322 344
323 435
323 384
324 466
324 449
325 463
325 410
327 392
328 479
329 421
329 388
329 401
330 462
330 339
333 457
333 392
334 448
334 438
335 499
335 471
336 398
338 383
338 434
339 462
339 361
339 482
342 424
342 399
343 407
343 373
343 436
344 492
344 483
344 491
345 437
346 447
346 391
347 385
348 393
349 375
349 482
350 384
350 498
351 390
351 401
351 494
352 360
352 469
353 442
353 495
354 485
355 452
356 452
356 429
357 491
357 474
358 457
358 475
359 396
360 469
361 482
362 396
362 395
362 380
363 394
363 378
364 487
364 484
365 375
365 492
365 483
365 427
365 441
365 493
366 422
366 450
367 423
368 488
369 416
369 405
371 467
373 436
374 411
375 482
375 441
376 444
376 438
377 465
378 394
379 479
380 428
381 460
381 471
382 490
383 434
386 486
386 394
388 390
388 401
388 421
389 453
390 401
391 459
391 447
392 419
393 464
394 486
395 454
397 481
397 398
399 480
400 477
400 447
401 494
402 479
403 458
404 456
405 428
406 424
406 435
406 439
406 414
407 429
407 415
408 480
409 440
410 463
412 499
412 463
413 418
414 439
415 442
415 429
416 489
417 444
418 432
418 433
418 440
418 472
420 496
422 468
422 450
424 435
426 478
427 483
427 493
429 442
430 472
431 454
432 496
432 433
432 440
433 496
433 472
436 468
441 478
441 482
441 493
442 495
445 446
447 477
448 495
451 497
456 484
457 461
460 471
461 489
466 488
473 486
474 476
478 493
483 492
10 0.5 0.5 0.5
