700
0 71.0 5.0 18.0 95.0 32.0
1 90.0 5.0 5.0 201.0 41.0
2 48.0 84.0 10.0 132.0 98.0
3 64.0 69.0 18.0 348.0 88.0
4 43.0 78.0 5.0 148.0 36.0
5 3.0 37.0 11.0 256.0 65.0
6 51.0 0.0 13.0 23.0 81.0
7 42.0 90.0 17.0 147.0 43.0
8 13.0 58.0 12.0 41.0 64.0
9 95.0 20.0 12.0 174.0 37.0
10 61.0 85.0 9.0 114.0 32.0
11 25.0 85.0 9.0 157.0 26.0
12 35.0 76.0 12.0 107.0 68.0
13 39.0 86.0 4.0 370.0 26.0
14 80.0 72.0 10.0 73.0 17.0
15 9.0 57.0 12.0 59.0 35.0
16 63.0 98.0 4.0 85.0 49.0
17 44.0 22.0 12.0 251.0 40.0
18 8.0 35.0 15.0 210.0 79.0
19 13.0 21.0 18.0 236.0 39.0
20 81.0 86.0 13.0 191.0 30.0
21 51.0 32.0 19.0 325.0 38.0
22 68.0 87.0 15.0 386.0 95.0
23 9.0 62.0 10.0 163.0 21.0
24 87.0 14.0 11.0 211.0 60.0
25 28.0 20.0 10.0 327.0 35.0
26 22.0 8.0 14.0 64.0 50.0
27 50.0 93.0 17.0 42.0 85.0
28 24.0 98.0 14.0 106.0 37.0
29 39.0 28.0 16.0 211.0 39.0
30 24.0 9.0 19.0 59.0 22.0
31 92.0 67.0 8.0 238.0 74.0
32 20.0 46.0 14.0 106.0 58.0
33 9.0 97.0 16.0 307.0 32.0
34 41.0 82.0 13.0 49.0 41.0
35 38.0 66.0 14.0 390.0 78.0
36 39.0 12.0 9.0 322.0 97.0
37 21.0 38.0 4.0 314.0 50.0
38 69.0 99.0 15.0 302.0 63.0
39 94.0 55.0 10.0 203.0 24.0
40 84.0 23.0 14.0 297.0 60.0
41 52.0 90.0 7.0 65.0 58.0
42 42.0 1.0 17.0 286.0 89.0
43 54.0 52.0 10.0 77.0 88.0
44 83.0 82.0 5.0 392.0 98.0
45 25.0 2.0 11.0 284.0 47.0
46 94.0 20.0 17.0 121.0 72.0
47 27.0 76.0 13.0 398.0 43.0
48 14.0 1.0 9.0 148.0 63.0
49 80.0 14.0 15.0 134.0 84.0
50 76.0 36.0 7.0 291.0 54.0
51 15.0 32.0 18.0 244.0 73.0
52 1.0 33.0 13.0 126.0 54.0
53 91.0 44.0 14.0 346.0 50.0
54 32.0 71.0 6.0 158.0 63.0
55 77.0 93.0 13.0 341.0 48.0
56 66.0 40.0 18.0 326.0 73.0
57 20.0 93.0 8.0 136.0 15.0
58 72.0 14.0 8.0 163.0 59.0
59 91.0 21.0 14.0 285.0 59.0
60 16.0 48.0 17.0 33.0 52.0
61 6.0 72.0 14.0 311.0 84.0
62 46.0 1.0 6.0 214.0 34.0
63 18.0 30.0 17.0 335.0 22.0
64 65.0 6.0 6.0 273.0 40.0
65 65.0 82.0 14.0 26.0 16.0
66 57.0 26.0 7.0 338.0 59.0
67 6.0 17.0 14.0 34.0 30.0
68 98.0 51.0 19.0 168.0 55.0
69 72.0 73.0 17.0 388.0 15.0
70 85.0 4.0 6.0 49.0 43.0
71 48.0 73.0 9.0 298.0 57.0
72 26.0 62.0 12.0 120.0 63.0
73 71.0 13.0 17.0 298.0 47.0
74 39.0 9.0 6.0 66.0 47.0
75 60.0 76.0 9.0 131.0 39.0
76 26.0 17.0 16.0 202.0 87.0
77 49.0 42.0 12.0 298.0 81.0
78 2.0 83.0 8.0 42.0 37.0
79 85.0 77.0 11.0 165.0 69.0
80 82.0 54.0 6.0 264.0 27.0
81 45.0 85.0 19.0 361.0 51.0
82 75.0 57.0 10.0 160.0 48.0
83 57.0 56.0 5.0 35.0 63.0
84 75.0 78.0 14.0 86.0 26.0
85 2.0 73.0 9.0 161.0 29.0
86 75.0 9.0 16.0 170.0 68.0
87 63.0 7.0 10.0 375.0 30.0
88 31.0 65.0 9.0 197.0 31.0
89 32.0 81.0 16.0 76.0 37.0
90 35.0 83.0 16.0 366.0 68.0
91 49.0 29.0 11.0 225.0 30.0
92 21.0 23.0 17.0 238.0 53.0
93 99.0 46.0 8.0 58.0 74.0
94 97.0 17.0 7.0 181.0 35.0
95 45.0 35.0 11.0 122.0 17.0
96 33.0 38.0 16.0 221.0 73.0
97 47.0 13.0 17.0 251.0 79.0
98 76.0 69.0 5.0 57.0 75.0
99 59.0 35.0 15.0 213.0 58.0
100 78.0 11.0 14.0 159.0 79.0
101 74.0 73.0 15.0 195.0 62.0
102 81.0 76.0 19.0 52.0 35.0
103 3.0 49.0 19.0 345.0 76.0
104 44.0 47.0 7.0 157.0 84.0
105 66.0 17.0 13.0 189.0 35.0
106 1.0 20.0 10.0 71.0 56.0
107 36.0 78.0 4.0 94.0 72.0
108 100.0 0.0 16.0 178.0 61.0
109 62.0 17.0 14.0 355.0 93.0
110 58.0 45.0 10.0 39.0 44.0
111 49.0 83.0 15.0 343.0 65.0
112 97.0 20.0 11.0 143.0 36.0
113 35.0 5.0 5.0 25.0 85.0
114 24.0 19.0 7.0 168.0 32.0
115 80.0 88.0 11.0 109.0 96.0
116 74.0 14.0 4.0 101.0 81.0
117 15.0 23.0 10.0 85.0 43.0
118 69.0 77.0 14.0 312.0 79.0
119 63.0 28.0 19.0 237.0 89.0
120 87.0 18.0 9.0 391.0 19.0
121 52.0 5.0 10.0 351.0 22.0
122 10.0 20.0 18.0 42.0 40.0
123 26.0 44.0 18.0 204.0 72.0
124 45.0 27.0 14.0 200.0 73.0
125 75.0 98.0 5.0 205.0 63.0
126 93.0 68.0 14.0 141.0 80.0
127 25.0 14.0 5.0 67.0 61.0
128 34.0 5.0 10.0 166.0 34.0
129 22.0 22.0 18.0 242.0 76.0
130 17.0 8.0 4.0 168.0 81.0
131 10.0 26.0 5.0 16.0 86.0
132 8.0 77.0 4.0 198.0 75.0
133 35.0 61.0 9.0 22.0 35.0
134 90.0 37.0 12.0 56.0 22.0
135 48.0 51.0 12.0 197.0 19.0
136 12.0 59.0 12.0 286.0 79.0
137 31.0 98.0 19.0 103.0 27.0
138 67.0 25.0 12.0 145.0 61.0
139 67.0 97.0 10.0 41.0 94.0
140 82.0 65.0 9.0 352.0 34.0
141 63.0 4.0 9.0 220.0 94.0
142 45.0 59.0 16.0 84.0 27.0
143 44.0 16.0 12.0 346.0 76.0
144 62.0 41.0 16.0 180.0 34.0
145 97.0 38.0 18.0 63.0 57.0
146 40.0 18.0 8.0 144.0 31.0
147 9.0 17.0 9.0 382.0 56.0
148 67.0 6.0 10.0 329.0 60.0
149 57.0 35.0 7.0 235.0 37.0
150 36.0 46.0 10.0 167.0 38.0
151 70.0 51.0 19.0 84.0 51.0
152 94.0 65.0 6.0 234.0 32.0
153 98.0 25.0 4.0 114.0 20.0
154 72.0 89.0 5.0 140.0 16.0
155 26.0 65.0 18.0 27.0 30.0
156 60.0 49.0 6.0 393.0 77.0
157 90.0 0.0 5.0 246.0 77.0
158 39.0 39.0 5.0 27.0 36.0
159 45.0 12.0 7.0 21.0 88.0
160 19.0 19.0 15.0 375.0 36.0
161 32.0 84.0 6.0 120.0 86.0
162 24.0 4.0 14.0 110.0 70.0
163 7.0 77.0 17.0 197.0 68.0
164 88.0 44.0 9.0 89.0 15.0
165 18.0 43.0 15.0 170.0 49.0
166 74.0 75.0 7.0 171.0 43.0
167 99.0 59.0 16.0 189.0 18.0
168 78.0 39.0 17.0 145.0 20.0
169 22.0 91.0 9.0 120.0 94.0
170 44.0 43.0 16.0 241.0 93.0
171 62.0 16.0 4.0 254.0 47.0
172 92.0 13.0 17.0 367.0 50.0
173 25.0 95.0 15.0 275.0 20.0
174 6.0 13.0 4.0 90.0 29.0
175 100.0 74.0 4.0 82.0 35.0
176 81.0 61.0 19.0 137.0 31.0
177 18.0 99.0 19.0 270.0 82.0
178 5.0 83.0 13.0 346.0 28.0
179 13.0 67.0 13.0 36.0 16.0
180 74.0 49.0 15.0 269.0 57.0
181 33.0 47.0 11.0 127.0 86.0
182 34.0 27.0 12.0 264.0 72.0
183 68.0 29.0 18.0 162.0 55.0
184 82.0 27.0 8.0 61.0 89.0
185 57.0 84.0 18.0 121.0 21.0
186 71.0 6.0 15.0 55.0 86.0
187 67.0 64.0 10.0 174.0 57.0
188 66.0 53.0 11.0 302.0 17.0
189 0.0 48.0 17.0 318.0 96.0
190 29.0 40.0 5.0 342.0 17.0
191 91.0 24.0 7.0 388.0 88.0
192 14.0 81.0 12.0 303.0 32.0
193 63.0 79.0 6.0 248.0 47.0
194 54.0 55.0 13.0 223.0 56.0
195 96.0 92.0 18.0 320.0 32.0
196 75.0 53.0 15.0 371.0 31.0
197 98.0 42.0 12.0 358.0 37.0
198 73.0 44.0 7.0 112.0 90.0
199 55.0 88.0 15.0 81.0 94.0
200 47.0 4.0 11.0 235.0 19.0
201 72.0 52.0 9.0 314.0 78.0
202 58.0 29.0 14.0 260.0 84.0
203 73.0 9.0 8.0 184.0 63.0
204 92.0 75.0 9.0 389.0 35.0
205 13.0 61.0 5.0 105.0 39.0
206 11.0 29.0 7.0 374.0 43.0
207 93.0 67.0 17.0 241.0 32.0
208 10.0 37.0 16.0 56.0 65.0
209 88.0 86.0 4.0 43.0 43.0
210 10.0 33.0 9.0 369.0 78.0
211 6.0 83.0 19.0 335.0 87.0
212 18.0 100.0 12.0 62.0 70.0
213 99.0 35.0 4.0 121.0 86.0
214 23.0 16.0 9.0 325.0 49.0
215 96.0 49.0 4.0 268.0 83.0
216 16.0 27.0 10.0 387.0 69.0
217 73.0 53.0 14.0 167.0 98.0
218 68.0 61.0 19.0 53.0 15.0
219 21.0 51.0 6.0 353.0 77.0
220 90.0 53.0 12.0 220.0 80.0
221 29.0 33.0 13.0 335.0 25.0
222 24.0 71.0 5.0 64.0 26.0
223 87.0 66.0 15.0 86.0 47.0
224 42.0 75.0 5.0 303.0 73.0
225 65.0 72.0 7.0 388.0 86.0
226 31.0 81.0 11.0 85.0 27.0
227 49.0 2.0 13.0 124.0 25.0
228 55.0 24.0 15.0 170.0 96.0
229 85.0 22.0 16.0 276.0 52.0
230 20.0 15.0 17.0 390.0 96.0
231 46.0 43.0 7.0 286.0 94.0
232 96.0 70.0 13.0 182.0 38.0
233 75.0 48.0 17.0 180.0 19.0
234 1.0 52.0 8.0 33.0 58.0
235 36.0 75.0 11.0 56.0 25.0
236 35.0 45.0 8.0 350.0 71.0
237 4.0 72.0 16.0 317.0 50.0
238 82.0 64.0 5.0 76.0 28.0
239 18.0 10.0 4.0 145.0 33.0
240 46.0 14.0 4.0 43.0 36.0
241 10.0 42.0 5.0 295.0 49.0
242 35.0 88.0 7.0 265.0 23.0
243 9.0 33.0 13.0 160.0 93.0
244 2.0 7.0 18.0 297.0 50.0
245 100.0 56.0 5.0 298.0 65.0
246 45.0 14.0 5.0 82.0 38.0
247 34.0 58.0 16.0 327.0 66.0
248 2.0 26.0 9.0 84.0 30.0
249 74.0 26.0 18.0 339.0 16.0
250 78.0 13.0 14.0 141.0 28.0
251 92.0 50.0 7.0 365.0 23.0
252 88.0 28.0 8.0 77.0 24.0
253 19.0 58.0 14.0 92.0 89.0
254 13.0 50.0 14.0 282.0 24.0
255 51.0 42.0 19.0 48.0 17.0
256 91.0 100.0 4.0 54.0 70.0
257 92.0 21.0 12.0 265.0 21.0
258 25.0 59.0 15.0 193.0 98.0
259 75.0 13.0 10.0 21.0 57.0
260 30.0 9.0 10.0 391.0 47.0
261 9.0 91.0 4.0 50.0 98.0
262 22.0 32.0 15.0 24.0 22.0
263 54.0 67.0 18.0 41.0 44.0
264 53.0 9.0 14.0 281.0 37.0
265 43.0 74.0 10.0 86.0 32.0
266 36.0 21.0 7.0 271.0 56.0
267 1.0 40.0 4.0 186.0 62.0
268 86.0 44.0 17.0 278.0 84.0
269 15.0 8.0 19.0 362.0 52.0
270 37.0 20.0 5.0 388.0 75.0
271 58.0 51.0 19.0 235.0 43.0
272 0.0 35.0 19.0 305.0 29.0
273 69.0 45.0 7.0 201.0 65.0
274 46.0 78.0 6.0 211.0 52.0
275 20.0 43.0 18.0 163.0 77.0
276 35.0 0.0 19.0 97.0 27.0
277 57.0 0.0 5.0 396.0 64.0
278 98.0 19.0 10.0 371.0 76.0
279 47.0 61.0 16.0 268.0 63.0
280 100.0 62.0 10.0 359.0 27.0
281 25.0 98.0 18.0 81.0 66.0
282 88.0 30.0 17.0 265.0 94.0
283 41.0 42.0 19.0 389.0 74.0
284 87.0 19.0 8.0 65.0 63.0
285 34.0 20.0 8.0 117.0 55.0
286 2.0 70.0 12.0 227.0 97.0
287 97.0 74.0 12.0 262.0 20.0
288 3.0 4.0 10.0 128.0 61.0
289 83.0 83.0 5.0 255.0 80.0
290 49.0 41.0 9.0 357.0 65.0
291 55.0 80.0 11.0 125.0 76.0
292 73.0 37.0 7.0 227.0 79.0
293 78.0 80.0 8.0 174.0 94.0
294 42.0 39.0 14.0 179.0 84.0
295 85.0 21.0 16.0 104.0 39.0
296 12.0 95.0 10.0 340.0 49.0
297 45.0 84.0 11.0 166.0 93.0
298 37.0 96.0 13.0 21.0 16.0
299 19.0 78.0 9.0 361.0 51.0
300 30.0 81.0 7.0 323.0 38.0
301 40.0 10.0 17.0 189.0 99.0
302 16.0 22.0 13.0 141.0 52.0
303 59.0 86.0 5.0 371.0 99.0
304 0.0 14.0 6.0 374.0 51.0
305 52.0 20.0 12.0 250.0 30.0
306 97.0 91.0 7.0 366.0 38.0
307 55.0 9.0 14.0 41.0 31.0
308 20.0 55.0 10.0 319.0 26.0
309 8.0 57.0 8.0 292.0 91.0
310 42.0 59.0 18.0 371.0 69.0
311 98.0 100.0 13.0 291.0 41.0
312 31.0 6.0 6.0 388.0 86.0
313 19.0 26.0 12.0 241.0 78.0
314 62.0 54.0 10.0 196.0 92.0
315 1.0 49.0 5.0 394.0 68.0
316 58.0 28.0 4.0 314.0 81.0
317 51.0 35.0 19.0 58.0 27.0
318 10.0 3.0 12.0 201.0 87.0
319 3.0 9.0 16.0 179.0 77.0
320 23.0 43.0 7.0 258.0 20.0
321 63.0 58.0 17.0 120.0 93.0
322 25.0 81.0 8.0 395.0 23.0
323 5.0 55.0 10.0 380.0 57.0
324 62.0 44.0 17.0 35.0 23.0
325 7.0 71.0 13.0 107.0 93.0
326 95.0 48.0 13.0 24.0 37.0
327 92.0 34.0 10.0 47.0 69.0
328 35.0 23.0 6.0 359.0 17.0
329 46.0 23.0 17.0 347.0 46.0
330 80.0 63.0 13.0 20.0 86.0
331 38.0 57.0 17.0 350.0 88.0
332 53.0 11.0 5.0 368.0 29.0
333 27.0 22.0 12.0 69.0 96.0
334 50.0 12.0 4.0 294.0 92.0
335 29.0 38.0 14.0 275.0 97.0
336 67.0 72.0 17.0 75.0 35.0
337 73.0 43.0 6.0 106.0 49.0
338 21.0 28.0 5.0 156.0 97.0
339 87.0 13.0 9.0 274.0 26.0
340 100.0 68.0 18.0 46.0 50.0
341 47.0 87.0 17.0 232.0 52.0
342 23.0 89.0 4.0 274.0 76.0
343 6.0 7.0 12.0 119.0 99.0
344 87.0 87.0 14.0 188.0 27.0
345 15.0 70.0 4.0 354.0 19.0
346 83.0 20.0 9.0 244.0 73.0
347 60.0 87.0 16.0 395.0 64.0
348 49.0 50.0 14.0 199.0 21.0
349 57.0 15.0 8.0 32.0 68.0
350 10.0 29.0 6.0 242.0 54.0
351 31.0 46.0 19.0 266.0 53.0
352 3.0 51.0 7.0 97.0 54.0
353 0.0 55.0 7.0 324.0 24.0
354 9.0 15.0 13.0 289.0 41.0
355 97.0 65.0 12.0 261.0 80.0
356 40.0 83.0 16.0 42.0 79.0
357 63.0 75.0 11.0 50.0 72.0
358 67.0 54.0 4.0 284.0 72.0
359 66.0 68.0 13.0 302.0 80.0
360 92.0 26.0 12.0 310.0 99.0
361 56.0 57.0 5.0 288.0 44.0
362 72.0 75.0 15.0 188.0 53.0
363 65.0 68.0 10.0 225.0 45.0
364 2.0 34.0 8.0 283.0 91.0
365 54.0 84.0 16.0 79.0 78.0
366 38.0 14.0 12.0 332.0 96.0
367 8.0 45.0 9.0 296.0 55.0
368 22.0 37.0 10.0 247.0 98.0
369 87.0 71.0 18.0 200.0 85.0
370 9.0 70.0 4.0 214.0 35.0
371 31.0 18.0 5.0 72.0 86.0
372 95.0 42.0 19.0 214.0 82.0
373 23.0 30.0 19.0 109.0 88.0
374 57.0 4.0 13.0 289.0 46.0
375 89.0 64.0 5.0 80.0 41.0
376 34.0 36.0 7.0 202.0 80.0
377 24.0 72.0 17.0 324.0 61.0
378 60.0 52.0 9.0 327.0 85.0
379 11.0 49.0 11.0 225.0 17.0
380 14.0 56.0 19.0 20.0 24.0
381 94.0 7.0 7.0 197.0 51.0
382 31.0 83.0 15.0 102.0 78.0
383 81.0 96.0 12.0 184.0 17.0
384 66.0 66.0 4.0 238.0 84.0
385 48.0 69.0 17.0 196.0 95.0
386 65.0 3.0 17.0 240.0 18.0
387 23.0 23.0 5.0 247.0 22.0
388 98.0 59.0 14.0 148.0 18.0
389 72.0 21.0 7.0 84.0 53.0
390 74.0 44.0 8.0 284.0 46.0
391 49.0 43.0 19.0 306.0 96.0
392 15.0 81.0 5.0 349.0 63.0
393 25.0 40.0 4.0 82.0 18.0
394 44.0 31.0 14.0 56.0 31.0
395 39.0 27.0 18.0 360.0 58.0
396 64.0 28.0 8.0 45.0 51.0
397 7.0 2.0 18.0 223.0 44.0
398 24.0 73.0 16.0 393.0 81.0
399 33.0 69.0 14.0 50.0 73.0
400 50.0 25.0 10.0 88.0 56.0
401 43.0 98.0 4.0 85.0 24.0
402 31.0 14.0 4.0 82.0 88.0
403 45.0 38.0 6.0 252.0 57.0
404 20.0 75.0 15.0 168.0 73.0
405 55.0 6.0 8.0 160.0 24.0
406 8.0 43.0 19.0 194.0 69.0
407 66.0 63.0 14.0 194.0 28.0
408 9.0 88.0 14.0 64.0 94.0
409 29.0 48.0 11.0 290.0 47.0
410 72.0 11.0 9.0 26.0 46.0
411 68.0 98.0 9.0 251.0 95.0
412 5.0 47.0 16.0 235.0 71.0
413 9.0 59.0 16.0 196.0 49.0
414 56.0 33.0 4.0 298.0 44.0
415 85.0 19.0 9.0 274.0 67.0
416 59.0 17.0 8.0 112.0 90.0
417 20.0 62.0 15.0 112.0 56.0
418 16.0 25.0 15.0 391.0 61.0
419 12.0 1.0 4.0 231.0 90.0
420 91.0 78.0 15.0 213.0 75.0
421 28.0 2.0 6.0 134.0 44.0
422 97.0 59.0 17.0 306.0 67.0
423 76.0 93.0 18.0 107.0 83.0
424 16.0 78.0 7.0 31.0 35.0
425 22.0 89.0 16.0 213.0 48.0
426 66.0 100.0 16.0 71.0 15.0
427 41.0 99.0 16.0 305.0 85.0
428 26.0 29.0 15.0 209.0 19.0
429 91.0 87.0 15.0 112.0 24.0
430 0.0 65.0 15.0 145.0 57.0
431 60.0 43.0 18.0 81.0 82.0
432 85.0 10.0 9.0 159.0 57.0
433 25.0 20.0 9.0 136.0 24.0
434 85.0 11.0 4.0 352.0 80.0
435 39.0 76.0 9.0 48.0 28.0
436 33.0 10.0 13.0 167.0 23.0
437 87.0 79.0 15.0 240.0 97.0
438 81.0 3.0 6.0 318.0 34.0
439 46.0 4.0 13.0 45.0 58.0
440 81.0 92.0 8.0 148.0 79.0
441 85.0 44.0 12.0 277.0 75.0
442 22.0 73.0 19.0 264.0 55.0
443 27.0 94.0 9.0 220.0 67.0
444 5.0 99.0 18.0 142.0 51.0
445 46.0 86.0 4.0 23.0 91.0
446 77.0 0.0 4.0 82.0 76.0
447 36.0 40.0 16.0 158.0 86.0
448 94.0 82.0 9.0 92.0 76.0
449 74.0 40.0 4.0 35.0 91.0
450 82.0 55.0 15.0 278.0 91.0
451 89.0 25.0 13.0 312.0 26.0
452 20.0 7.0 9.0 382.0 25.0
453 40.0 37.0 11.0 75.0 31.0
454 69.0 50.0 10.0 190.0 23.0
455 65.0 46.0 8.0 392.0 85.0
456 67.0 66.0 13.0 140.0 57.0
457 49.0 49.0 8.0 211.0 32.0
458 47.0 30.0 14.0 89.0 53.0
459 61.0 90.0 12.0 257.0 82.0
460 81.0 63.0 6.0 263.0 67.0
461 28.0 31.0 13.0 286.0 99.0
462 2.0 23.0 16.0 272.0 22.0
463 70.0 21.0 12.0 235.0 92.0
464 26.0 10.0 9.0 101.0 38.0
465 65.0 76.0 4.0 245.0 75.0
466 15.0 10.0 4.0 110.0 39.0
467 99.0 6.0 16.0 76.0 44.0
468 86.0 94.0 17.0 121.0 48.0
469 71.0 14.0 8.0 25.0 19.0
470 30.0 94.0 15.0 342.0 57.0
471 34.0 54.0 13.0 128.0 72.0
472 35.0 64.0 15.0 129.0 70.0
473 66.0 35.0 8.0 88.0 96.0
474 99.0 82.0 8.0 77.0 39.0
475 28.0 53.0 10.0 271.0 39.0
476 81.0 21.0 8.0 315.0 53.0
477 30.0 11.0 12.0 388.0 60.0
478 59.0 0.0 9.0 43.0 44.0
479 29.0 16.0 13.0 282.0 83.0
480 81.0 82.0 18.0 107.0 40.0
481 87.0 0.0 7.0 115.0 93.0
482 55.0 51.0 19.0 391.0 89.0
483 71.0 59.0 9.0 330.0 52.0
484 74.0 13.0 19.0 179.0 94.0
485 78.0 77.0 7.0 295.0 93.0
486 52.0 82.0 13.0 169.0 51.0
487 47.0 32.0 16.0 73.0 91.0
488 66.0 45.0 6.0 253.0 51.0
489 36.0 67.0 10.0 203.0 89.0
490 35.0 56.0 4.0 35.0 27.0
491 19.0 27.0 12.0 345.0 95.0
492 15.0 12.0 19.0 218.0 15.0
493 100.0 37.0 19.0 18.0 77.0
494 26.0 58.0 15.0 111.0 67.0
495 46.0 59.0 16.0 392.0 54.0
496 56.0 32.0 19.0 308.0 81.0
497 34.0 40.0 8.0 96.0 39.0
498 87.0 97.0 19.0 168.0 65.0
499 86.0 31.0 10.0 108.0 74.0
500 36.0 6.0 17.0 350.0 79.0
501 44.0 65.0 8.0 374.0 71.0
502 71.0 26.0 9.0 287.0 92.0
503 37.0 87.0 18.0 380.0 81.0
504 100.0 72.0 12.0 263.0 40.0
505 58.0 54.0 12.0 120.0 61.0
506 30.0 45.0 19.0 356.0 37.0
507 19.0 99.0 12.0 209.0 19.0
508 58.0 57.0 15.0 351.0 31.0
509 82.0 21.0 17.0 194.0 30.0
510 64.0 24.0 14.0 282.0 17.0
511 46.0 83.0 10.0 261.0 64.0
512 41.0 51.0 7.0 244.0 35.0
513 52.0 99.0 19.0 215.0 22.0
514 75.0 73.0 19.0 375.0 45.0
515 17.0 34.0 12.0 41.0 88.0
516 48.0 79.0 11.0 72.0 78.0
517 25.0 37.0 10.0 183.0 86.0
518 98.0 47.0 17.0 96.0 71.0
519 96.0 75.0 19.0 109.0 68.0
520 52.0 30.0 8.0 84.0 77.0
521 61.0 26.0 9.0 113.0 15.0
522 3.0 57.0 5.0 150.0 68.0
523 32.0 18.0 13.0 378.0 63.0
524 23.0 54.0 10.0 301.0 43.0
525 92.0 3.0 9.0 178.0 19.0
526 73.0 45.0 5.0 233.0 34.0
527 31.0 0.0 8.0 215.0 22.0
528 29.0 42.0 5.0 298.0 78.0
529 96.0 76.0 9.0 194.0 50.0
530 14.0 49.0 16.0 136.0 63.0
531 43.0 10.0 19.0 265.0 44.0
532 88.0 92.0 13.0 132.0 52.0
533 90.0 69.0 19.0 91.0 24.0
534 51.0 17.0 4.0 186.0 35.0
535 42.0 29.0 4.0 249.0 72.0
536 91.0 46.0 19.0 356.0 45.0
537 93.0 69.0 15.0 21.0 89.0
538 55.0 65.0 13.0 61.0 46.0
539 77.0 8.0 5.0 358.0 25.0
540 40.0 5.0 5.0 305.0 87.0
541 1.0 0.0 14.0 303.0 81.0
542 36.0 95.0 5.0 40.0 83.0
543 68.0 14.0 7.0 129.0 70.0
544 89.0 92.0 14.0 264.0 85.0
545 5.0 9.0 18.0 44.0 54.0
546 82.0 36.0 14.0 178.0 70.0
547 79.0 52.0 14.0 339.0 76.0
548 52.0 38.0 12.0 211.0 68.0
549 27.0 20.0 16.0 95.0 88.0
550 0.0 30.0 16.0 184.0 44.0
551 95.0 31.0 8.0 95.0 64.0
552 76.0 94.0 5.0 27.0 58.0
553 65.0 10.0 17.0 143.0 32.0
554 25.0 49.0 10.0 53.0 93.0
555 87.0 62.0 15.0 389.0 95.0
556 51.0 23.0 8.0 21.0 90.0
557 40.0 3.0 18.0 158.0 62.0
558 40.0 27.0 9.0 210.0 36.0
559 78.0 64.0 6.0 18.0 38.0
560 30.0 52.0 13.0 91.0 20.0
561 34.0 14.0 11.0 60.0 99.0
562 15.0 18.0 13.0 132.0 43.0
563 78.0 22.0 13.0 274.0 82.0
564 89.0 31.0 5.0 16.0 17.0
565 89.0 83.0 9.0 154.0 37.0
566 80.0 91.0 8.0 69.0 24.0
567 93.0 39.0 7.0 134.0 23.0
568 85.0 34.0 10.0 174.0 44.0
569 38.0 63.0 12.0 179.0 83.0
570 4.0 56.0 13.0 67.0 33.0
571 20.0 40.0 10.0 260.0 86.0
572 13.0 38.0 14.0 235.0 37.0
573 78.0 73.0 9.0 218.0 90.0
574 76.0 87.0 15.0 128.0 69.0
575 80.0 33.0 7.0 195.0 47.0
576 42.0 4.0 19.0 247.0 15.0
577 96.0 10.0 15.0 367.0 81.0
578 35.0 54.0 14.0 74.0 96.0
579 52.0 58.0 19.0 70.0 93.0
580 47.0 27.0 9.0 78.0 50.0
581 84.0 69.0 14.0 205.0 90.0
582 1.0 75.0 14.0 57.0 57.0
583 12.0 14.0 11.0 387.0 76.0
584 12.0 55.0 12.0 69.0 40.0
585 1.0 43.0 10.0 238.0 62.0
586 16.0 46.0 19.0 377.0 76.0
587 73.0 10.0 5.0 342.0 95.0
588 47.0 11.0 6.0 218.0 94.0
589 58.0 91.0 14.0 15.0 68.0
590 92.0 5.0 11.0 146.0 39.0
591 63.0 24.0 18.0 392.0 66.0
592 96.0 83.0 15.0 54.0 34.0
593 99.0 1.0 9.0 348.0 89.0
594 60.0 51.0 4.0 156.0 86.0
595 52.0 40.0 4.0 137.0 63.0
596 1.0 95.0 11.0 314.0 97.0
597 80.0 37.0 17.0 128.0 33.0
598 98.0 69.0 15.0 144.0 46.0
599 89.0 18.0 4.0 297.0 70.0
600 89.0 63.0 4.0 72.0 92.0
601 81.0 31.0 7.0 206.0 60.0
602 61.0 78.0 18.0 177.0 80.0
603 84.0 77.0 6.0 187.0 84.0
604 60.0 41.0 18.0 123.0 57.0
605 66.0 5.0 7.0 244.0 86.0
606 91.0 47.0 17.0 238.0 75.0
607 82.0 74.0 19.0 288.0 97.0
608 9.0 81.0 17.0 388.0 64.0
609 30.0 1.0 17.0 278.0 25.0
610 70.0 70.0 8.0 322.0 56.0
611 17.0 3.0 11.0 124.0 87.0
612 59.0 97.0 4.0 372.0 66.0
613 100.0 4.0 7.0 298.0 74.0
614 74.0 72.0 5.0 290.0 73.0
615 100.0 67.0 9.0 84.0 33.0
616 87.0 89.0 18.0 302.0 80.0
617 22.0 4.0 13.0 119.0 84.0
618 4.0 74.0 13.0 328.0 19.0
619 45.0 52.0 12.0 81.0 99.0
620 77.0 94.0 12.0 308.0 96.0
621 24.0 82.0 5.0 354.0 26.0
622 49.0 79.0 17.0 216.0 93.0
623 13.0 20.0 15.0 190.0 47.0
624 1.0 16.0 7.0 125.0 93.0
625 74.0 90.0 19.0 251.0 51.0
626 1.0 86.0 16.0 135.0 27.0
627 82.0 87.0 6.0 211.0 42.0
628 18.0 11.0 9.0 24.0 72.0
629 73.0 72.0 15.0 186.0 22.0
630 67.0 12.0 14.0 64.0 55.0
631 46.0 95.0 19.0 256.0 27.0
632 51.0 50.0 17.0 200.0 89.0
633 29.0 6.0 5.0 248.0 34.0
634 62.0 78.0 7.0 164.0 32.0
635 66.0 97.0 16.0 130.0 84.0
636 75.0 94.0 12.0 335.0 96.0
637 40.0 63.0 18.0 387.0 96.0
638 31.0 22.0 19.0 356.0 76.0
639 32.0 2.0 19.0 218.0 45.0
640 91.0 8.0 17.0 114.0 35.0
641 61.0 3.0 17.0 343.0 17.0
642 12.0 68.0 8.0 52.0 48.0
643 82.0 79.0 6.0 370.0 92.0
644 46.0 85.0 10.0 36.0 54.0
645 100.0 25.0 11.0 213.0 58.0
646 26.0 68.0 4.0 75.0 83.0
647 58.0 79.0 4.0 276.0 25.0
648 78.0 36.0 16.0 19.0 23.0
649 50.0 5.0 10.0 233.0 51.0
650 32.0 25.0 13.0 122.0 96.0
651 33.0 94.0 14.0 143.0 48.0
652 59.0 16.0 4.0 163.0 80.0
653 92.0 97.0 18.0 283.0 56.0
654 89.0 1.0 7.0 219.0 45.0
655 56.0 13.0 4.0 38.0 62.0
656 60.0 56.0 18.0 237.0 90.0
657 61.0 89.0 4.0 57.0 43.0
658 53.0 1.0 14.0 17.0 68.0
659 41.0 45.0 11.0 125.0 93.0
660 5.0 44.0 6.0 33.0 81.0
661 95.0 85.0 4.0 245.0 86.0
662 48.0 30.0 15.0 80.0 41.0
663 6.0 39.0 9.0 264.0 16.0
664 35.0 72.0 10.0 186.0 36.0
665 13.0 73.0 15.0 26.0 79.0
666 91.0 98.0 11.0 255.0 51.0
667 92.0 12.0 11.0 396.0 55.0
668 15.0 27.0 19.0 271.0 44.0
669 1.0 27.0 6.0 159.0 25.0
670 73.0 82.0 11.0 92.0 68.0
671 2.0 45.0 11.0 131.0 17.0
672 76.0 56.0 10.0 378.0 19.0
673 0.0 34.0 6.0 365.0 72.0
674 59.0 36.0 17.0 266.0 37.0
675 1.0 74.0 8.0 17.0 18.0
676 43.0 82.0 17.0 164.0 49.0
677 64.0 38.0 9.0 188.0 94.0
678 23.0 10.0 18.0 124.0 91.0
679 89.0 26.0 13.0 308.0 97.0
680 44.0 50.0 6.0 369.0 81.0
681 23.0 87.0 7.0 316.0 42.0
682 79.0 10.0 5.0 72.0 22.0
683 65.0 60.0 14.0 281.0 53.0
684 72.0 60.0 4.0 307.0 37.0
685 77.0 76.0 12.0 16.0 87.0
686 34.0 51.0 16.0 217.0 23.0
687 82.0 16.0 16.0 123.0 58.0
688 77.0 72.0 8.0 56.0 60.0
689 36.0 60.0 15.0 342.0 79.0
690 65.0 88.0 12.0 60.0 22.0
691 99.0 4.0 15.0 322.0 64.0
692 72.0 34.0 19.0 186.0 37.0
693 52.0 21.0 8.0 27.0 69.0
694 15.0 17.0 4.0 54.0 49.0
695 42.0 73.0 16.0 229.0 28.0
696 30.0 31.0 13.0 83.0 81.0
697 10.0 45.0 7.0 339.0 92.0
698 70.0 36.0 8.0 49.0 29.0
699 92.0 23.0 11.0 360.0 96.0
2065
0 386
0 446
0 539
0 148
0 186
0 605
1 70
1 654
1 525
1 590
1 432
1 640
2 111
2 365
2 41
2 511
2 341
2 644
3 225
3 359
3 75
3 263
3 538
3 357
3 363
4 274
4 676
4 34
4 435
4 265
4 224
5 267
5 663
5 272
5 364
5 18
6 227
6 62
6 658
6 276
6 42
6 277
7 401
7 631
7 13
7 503
7 298
7 542
7 81
7 341
7 445
8 136
8 205
8 253
8 380
8 584
8 15
9 153
9 699
9 112
9 94
9 46
10 657
10 690
10 347
10 303
10 647
10 185
10 65
10 193
11 681
11 621
11 342
11 322
11 300
11 470
11 161
11 443
11 382
12 54
12 664
12 47
12 235
12 226
12 89
12 107
13 503
13 90
13 356
13 81
14 607
14 581
14 140
14 98
14 688
14 573
15 413
15 309
15 136
15 584
16 513
16 426
16 635
16 459
16 612
17 270
17 558
17 124
17 329
17 146
17 143
18 364
18 210
18 208
18 663
18 243
19 623
19 122
19 131
19 117
19 302
20 480
20 574
20 289
20 627
20 115
21 662
21 487
21 317
21 414
21 496
21 520
21 91
22 154
22 690
22 670
22 65
23 522
23 430
23 286
23 325
23 413
23 370
23 642
23 179
23 205
23 136
24 687
24 120
24 434
24 339
24 172
24 599
25 333
25 638
25 549
25 76
25 479
25 371
26 452
26 617
26 239
26 162
26 30
26 678
27 631
27 513
27 612
27 589
27 41
27 341
28 507
28 57
28 212
28 173
28 281
29 535
29 453
29 558
29 376
29 182
29 395
30 162
30 678
30 633
30 464
31 207
31 152
31 375
31 126
31 533
32 586
32 60
32 165
32 554
32 320
32 275
32 219
33 444
33 212
33 596
33 261
33 296
34 676
34 356
34 435
34 107
35 472
35 489
35 501
35 637
35 695
35 569
36 246
36 143
36 561
36 436
36 74
36 366
36 301
36 531
36 159
37 515
37 571
37 368
37 393
38 125
38 426
38 636
38 411
39 245
39 68
39 215
39 251
39 220
39 555
39 600
39 422
40 476
40 509
40 184
40 451
40 229
40 252
40 679
40 295
41 199
41 589
41 365
41 341
42 276
42 62
42 557
42 576
43 632
43 194
43 482
43 505
44 289
44 565
44 437
44 643
44 480
45 162
45 617
45 421
45 611
45 48
45 527
45 609
46 94
46 172
46 699
46 257
46 599
47 404
47 398
47 322
47 300
47 377
47 54
47 226
48 527
48 541
48 419
48 318
48 269
48 611
49 563
49 687
49 434
49 682
49 100
49 250
49 116
50 575
50 692
50 648
50 292
50 168
50 449
51 210
51 572
51 515
51 63
51 206
51 668
51 216
52 673
52 550
52 364
52 243
53 372
53 567
53 134
53 164
53 536
54 399
54 664
54 377
54 646
55 620
55 440
55 566
55 423
55 625
55 574
56 698
56 473
56 337
56 273
56 449
56 677
56 144
56 488
57 261
57 408
57 296
57 177
57 507
57 425
57 169
57 173
58 389
58 469
58 73
58 116
58 484
59 284
59 229
59 257
59 699
59 451
59 599
59 191
60 586
60 530
60 308
60 219
61 237
61 325
61 132
61 163
61 618
62 227
62 200
62 439
62 576
63 515
63 262
63 338
63 491
63 216
64 148
64 553
64 87
64 141
64 605
65 193
65 465
65 670
65 690
65 118
66 521
66 316
66 228
66 520
67 122
67 462
67 147
67 106
67 624
67 174
67 354
68 93
68 518
68 245
68 215
69 610
69 336
69 629
69 101
69 362
70 481
70 654
70 438
70 432
71 291
71 622
71 385
71 263
71 75
71 516
71 274
71 265
72 417
72 155
72 88
72 247
72 494
72 258
73 410
73 630
73 543
73 469
73 484
74 500
74 436
74 301
74 540
75 602
75 634
75 263
75 357
75 647
75 291
76 549
76 479
76 114
76 214
76 127
76 433
77 391
77 255
77 290
77 231
78 582
78 626
78 178
78 163
79 607
79 603
79 369
79 204
79 420
79 437
79 643
80 220
80 268
80 450
80 547
80 441
81 356
81 676
81 297
81 445
81 644
82 559
82 684
82 672
82 176
82 483
82 217
82 196
83 361
83 194
83 505
83 508
83 656
84 166
84 685
84 485
84 293
84 670
84 118
84 362
85 286
85 675
85 237
85 618
86 186
86 203
86 100
86 539
86 587
86 259
87 655
87 307
87 553
87 141
87 641
87 374
88 489
88 472
88 155
88 247
88 399
88 646
88 133
89 382
89 161
89 226
89 90
89 107
90 161
90 503
90 242
90 356
90 107
91 662
91 520
91 400
91 580
91 458
92 302
92 313
92 160
92 338
92 129
92 387
93 518
93 493
93 197
93 245
93 372
94 577
94 467
94 278
94 112
94 172
95 453
95 294
95 394
95 403
95 317
95 487
96 190
96 335
96 447
96 376
96 497
97 159
97 240
97 534
97 334
97 588
98 610
98 684
98 559
98 140
98 629
98 614
98 688
99 119
99 473
99 414
99 149
99 496
99 674
99 202
99 677
100 539
100 682
100 259
100 250
101 629
101 614
101 514
101 166
101 362
102 485
102 643
102 603
102 607
102 573
103 315
103 352
103 412
103 671
104 170
104 659
104 512
104 231
104 457
104 680
105 543
105 469
105 463
105 630
105 171
105 510
105 109
106 462
106 669
106 304
106 550
106 624
107 435
107 235
107 356
108 157
108 593
108 613
109 510
109 591
109 171
109 416
109 652
110 595
110 255
110 604
110 156
110 324
110 632
110 482
110 431
110 271
111 486
111 622
111 516
111 365
111 511
112 153
112 278
112 645
113 128
113 500
113 557
113 276
113 639
114 160
114 214
114 129
114 433
115 627
115 574
115 566
116 484
116 259
116 389
116 563
116 250
117 131
117 668
117 418
117 302
118 670
118 465
118 336
118 362
119 396
119 473
119 591
119 521
119 202
119 510
120 687
120 415
120 284
120 599
121 227
121 649
121 658
121 264
121 405
122 462
122 147
122 623
122 131
123 393
123 320
123 528
123 506
123 554
123 409
124 394
124 535
124 329
124 580
124 458
124 558
125 426
125 256
125 383
125 620
125 636
125 552
126 232
126 537
126 207
126 533
127 230
127 214
127 479
127 678
127 477
127 464
128 639
128 312
128 436
128 500
129 160
129 433
129 387
130 269
130 466
130 239
130 611
130 452
131 248
131 462
131 350
131 668
131 206
132 665
132 325
132 192
132 608
132 163
132 424
133 569
133 472
133 689
133 247
134 567
134 546
134 268
134 568
134 327
134 564
134 164
135 680
135 619
135 457
135 348
135 194
135 579
135 495
135 632
136 205
136 413
137 427
137 212
137 298
137 651
137 470
137 443
137 542
137 281
138 183
138 396
138 502
138 510
138 463
139 154
139 690
139 635
139 636
139 411
140 559
140 581
140 223
140 330
140 238
141 641
141 386
141 605
142 501
142 310
142 279
142 495
142 619
143 146
143 534
143 240
143 329
143 246
143 366
144 674
144 604
144 677
144 431
144 324
144 488
145 197
145 493
145 567
145 327
145 213
145 372
146 270
146 366
147 623
147 354
147 583
147 694
148 553
148 630
148 186
148 605
148 410
149 317
149 548
149 414
149 674
149 595
150 686
150 512
150 181
150 659
150 236
150 283
151 180
151 454
151 201
151 358
151 188
152 207
152 355
152 422
152 600
152 375
153 699
153 551
153 645
153 360
154 690
154 574
154 625
154 636
154 670
155 417
155 646
156 455
156 188
156 324
156 271
156 594
157 593
157 481
157 654
157 525
158 294
158 453
158 376
158 447
158 283
159 240
159 588
159 531
159 246
160 562
160 302
160 230
160 214
160 694
161 470
161 242
161 382
162 617
162 421
162 633
163 211
163 608
163 178
163 582
163 618
164 268
164 536
164 606
165 571
165 572
165 586
165 241
165 275
166 685
166 514
166 362
167 245
167 280
167 388
168 449
168 390
168 441
168 597
168 648
169 443
169 342
169 425
169 173
170 403
170 231
170 294
170 283
170 659
171 630
171 553
171 652
172 667
172 577
172 339
172 599
173 443
173 281
174 319
174 304
174 624
174 354
174 545
174 343
174 583
175 474
175 529
175 311
175 287
175 504
176 450
176 672
176 555
176 559
176 330
176 460
176 238
177 296
177 212
177 507
178 626
178 408
178 211
179 345
179 642
179 417
179 205
180 526
180 233
180 454
180 201
180 217
180 196
181 686
181 236
181 351
181 409
182 376
182 696
182 395
182 328
182 650
183 396
183 473
183 692
183 502
184 601
184 249
184 563
184 499
184 476
184 252
185 647
185 291
185 365
185 303
185 199
186 203
186 410
186 539
187 684
187 218
187 456
187 407
187 384
188 454
188 455
188 594
188 314
188 358
189 353
189 234
189 315
189 671
189 585
189 272
190 335
190 393
190 528
190 497
191 360
191 699
191 451
191 679
192 392
192 408
192 608
192 424
193 634
193 465
193 602
193 647
194 361
194 579
194 505
194 632
195 311
195 306
195 653
195 429
195 544
196 547
196 672
196 217
196 233
197 493
197 372
198 273
198 526
198 390
198 337
199 303
199 365
199 589
199 347
200 227
200 649
200 439
200 588
201 358
201 217
202 496
202 520
202 316
202 521
203 410
203 587
204 232
204 537
204 533
204 369
204 519
204 529
204 420
205 417
205 253
206 350
206 668
206 210
207 355
207 232
208 210
208 572
208 241
208 663
209 289
209 565
209 344
209 429
209 616
210 572
210 350
210 243
211 608
211 408
212 444
212 296
212 507
212 427
212 426
212 281
213 493
213 645
213 551
213 327
214 230
215 518
215 326
215 251
216 418
216 313
216 668
216 491
217 358
217 483
218 683
218 407
218 358
218 684
218 483
219 554
219 524
219 308
220 251
220 555
220 606
220 268
220 450
221 335
221 517
221 461
221 696
221 376
222 377
222 442
222 345
222 417
222 646
223 581
223 369
223 555
223 238
223 533
223 375
224 435
224 695
224 265
225 336
225 359
225 465
225 357
226 300
226 382
227 649
227 658
228 556
228 400
228 520
228 693
228 305
228 416
228 591
228 521
229 284
229 451
229 295
230 628
230 492
230 694
230 678
231 403
231 290
231 457
231 391
232 537
232 598
232 504
232 355
232 287
232 519
233 390
233 526
233 441
233 547
234 353
234 323
234 352
234 315
234 570
235 664
235 435
236 497
236 447
236 506
236 351
236 283
237 286
237 325
237 618
238 555
238 460
238 330
239 466
239 452
239 628
239 678
240 534
240 246
241 697
241 586
241 572
241 406
241 663
242 470
242 651
242 542
242 503
243 350
243 364
243 248
243 669
243 550
244 304
244 541
244 288
244 343
244 319
244 545
245 493
245 280
245 388
245 422
247 331
247 490
247 689
247 494
247 475
247 471
248 669
248 462
248 350
249 502
249 692
249 601
249 575
249 563
249 389
250 259
251 326
251 606
252 360
252 564
252 499
252 282
252 679
253 380
253 308
253 417
253 258
254 530
254 379
254 584
254 380
254 308
255 391
255 290
255 595
255 632
256 311
256 653
256 498
256 383
256 426
256 666
257 699
257 599
258 417
258 494
258 524
258 308
259 587
259 484
260 436
260 312
260 633
260 477
260 464
261 596
261 626
261 408
261 296
262 461
262 517
262 515
262 368
262 338
262 373
263 538
263 385
263 279
264 332
264 307
264 649
264 334
264 405
264 588
265 274
265 695
265 385
266 285
266 270
266 328
266 395
267 663
267 272
267 585
267 660
268 606
268 546
268 441
269 466
269 343
269 318
269 611
270 558
270 395
270 561
270 285
270 366
271 378
271 505
271 482
271 594
272 364
272 673
272 585
273 526
273 454
273 337
273 488
274 676
274 516
274 511
275 571
275 320
276 639
276 527
276 557
277 658
277 374
277 478
278 613
278 645
278 467
279 495
279 501
279 538
279 385
279 579
280 615
280 355
280 388
280 422
281 443
282 499
282 564
283 294
283 659
283 447
284 415
284 599
284 295
285 561
285 523
285 328
285 638
286 430
286 675
286 325
287 504
287 529
287 519
288 397
288 343
288 541
289 565
289 480
289 627
289 344
290 403
290 595
290 548
290 317
291 647
291 622
291 365
291 486
292 698
292 449
292 692
293 643
293 485
293 480
293 574
293 670
294 453
294 403
295 346
295 415
295 509
297 676
297 511
297 644
298 427
298 401
298 542
299 392
299 424
299 621
299 404
299 322
300 322
300 382
301 531
301 540
302 623
302 418
302 313
302 562
303 347
304 541
304 550
304 319
304 624
305 693
305 416
305 349
305 534
305 329
306 311
306 474
306 661
306 429
307 332
307 655
307 374
307 405
308 380
308 530
308 524
309 323
309 570
309 522
309 413
309 584
310 331
310 512
310 637
310 501
310 689
310 619
311 474
311 653
312 436
312 639
312 633
313 418
313 491
313 338
314 656
314 321
314 594
314 378
314 358
315 352
315 671
316 521
316 520
317 403
317 487
317 548
317 414
318 419
318 343
318 397
319 545
320 393
320 571
320 554
321 683
321 358
321 538
321 508
321 656
322 621
322 404
323 352
323 379
323 570
323 584
324 455
324 488
324 431
325 370
325 665
326 606
326 518
326 372
326 536
327 567
327 551
327 564
328 395
328 650
328 638
329 400
329 580
329 556
329 534
329 693
330 559
330 460
331 512
331 578
331 490
331 689
332 655
332 334
332 534
333 638
333 549
333 650
333 428
333 433
333 387
334 534
334 588
335 517
335 393
335 376
336 359
336 465
336 610
336 362
337 390
337 449
338 373
338 428
338 491
338 387
339 434
339 640
339 667
339 432
340 598
340 504
340 615
341 631
341 445
341 644
342 681
342 425
342 443
343 397
343 545
343 583
343 466
344 627
344 616
345 404
345 442
345 665
345 642
345 417
346 415
346 687
346 476
346 509
347 657
347 589
348 457
348 632
349 416
349 534
349 655
349 652
351 409
351 506
352 379
352 412
353 430
353 522
353 570
354 583
355 615
355 598
355 422
356 676
357 465
357 634
358 683
358 483
359 610
359 363
359 384
359 456
360 699
360 551
360 564
360 679
361 579
361 538
361 508
363 538
363 384
364 673
365 486
366 561
367 412
367 379
367 697
367 406
367 660
368 517
368 393
368 515
369 581
369 607
369 533
370 642
370 665
371 523
371 402
371 479
371 638
372 567
372 518
372 536
373 428
373 461
374 641
374 658
374 478
374 405
375 555
375 600
375 533
376 447
376 453
376 696
377 442
377 398
377 646
378 505
378 594
378 656
379 412
379 530
379 697
379 584
380 584
381 577
381 467
381 691
381 525
381 590
381 667
381 640
383 498
383 468
383 440
383 620
384 538
384 407
384 456
385 501
385 695
386 478
386 446
386 641
386 605
387 433
387 428
388 422
389 502
389 463
389 563
389 469
390 449
390 526
390 441
391 457
391 632
392 424
392 621
392 408
392 425
392 681
393 517
393 571
393 528
394 535
394 453
394 487
394 458
395 558
396 473
396 510
397 541
397 419
398 442
398 404
399 664
399 489
399 646
400 580
400 556
400 520
401 631
401 513
401 427
402 561
402 436
402 523
402 479
402 477
404 442
404 424
404 665
405 658
406 697
406 663
406 660
407 683
407 538
408 626
408 608
408 425
409 554
409 475
409 560
409 506
409 686
410 630
410 587
410 484
411 636
411 426
411 635
412 671
412 660
413 522
414 496
415 687
416 591
416 652
417 646
418 668
419 541
420 448
420 529
420 437
420 565
421 609
421 639
421 633
422 600
423 625
423 636
423 552
423 620
424 665
425 681
426 427
426 513
426 635
427 513
428 461
428 696
428 650
429 661
429 448
429 565
429 544
429 616
430 626
430 596
430 522
430 582
430 675
431 604
432 438
432 640
432 682
432 434
433 549
434 687
434 682
435 695
435 664
436 561
436 500
436 477
437 565
437 643
438 481
438 446
438 539
438 682
439 576
439 531
439 588
440 627
440 616
440 468
440 620
440 566
441 546
441 547
441 597
443 470
444 596
445 644
446 481
446 478
446 539
447 497
448 565
448 661
448 592
448 529
449 698
450 672
450 555
450 547
451 679
452 611
452 617
453 535
454 526
454 455
454 488
455 488
456 610
456 684
457 680
457 632
458 487
458 662
458 580
459 657
459 589
459 690
459 635
459 612
461 517
461 696
462 669
463 502
463 510
463 469
464 477
464 633
464 678
465 634
466 583
466 492
466 628
467 613
467 691
467 577
468 532
468 616
468 498
468 544
469 543
470 651
471 578
471 686
471 560
471 490
471 475
472 489
472 569
473 692
473 698
473 677
474 529
474 661
474 592
475 554
475 524
475 494
475 560
476 563
476 687
476 509
477 479
478 641
480 643
480 574
481 654
482 632
482 505
483 684
484 587
485 643
485 685
485 573
486 622
487 662
489 664
489 695
490 578
492 583
492 628
492 694
493 645
494 524
495 579
495 619
496 520
497 528
497 506
498 666
498 653
498 544
499 564
499 568
499 601
500 557
500 540
501 637
501 695
502 692
503 542
504 598
505 656
506 528
508 538
508 656
510 591
511 676
511 516
511 644
512 686
512 578
512 659
512 619
512 680
513 631
513 612
514 614
514 688
514 685
514 573
515 571
515 572
516 622
519 529
521 591
522 570
523 561
523 638
524 554
525 593
525 654
525 590
525 691
527 541
527 639
527 609
529 592
530 586
530 697
531 576
531 588
531 540
532 616
532 544
533 537
534 655
535 558
536 606
538 683
538 579
539 682
540 557
540 576
542 651
543 630
544 616
544 653
546 568
546 575
546 597
547 672
548 595
550 669
550 673
551 645
551 564
552 636
552 620
553 630
553 655
553 652
555 600
556 693
557 576
559 684
560 686
562 623
562 694
563 687
564 568
566 574
566 627
568 575
568 601
569 689
569 637
571 572
573 688
573 685
573 607
574 625
574 670
575 601
575 692
575 597
575 648
577 667
578 686
581 607
582 675
582 626
582 618
583 694
585 671
585 660
586 697
588 649
589 657
589 612
590 640
592 661
593 691
593 613
595 604
595 674
596 626
597 648
598 615
602 634
602 647
603 607
603 643
604 674
609 639
610 684
610 629
611 617
613 691
613 645
614 629
614 688
616 627
618 675
619 680
621 681
623 694
625 636
628 678
633 639
635 690
637 689
638 650
640 667
642 665
650 696
652 655
653 666
657 690
660 671
660 663
664 695
674 677
692 698
10 0.5 0.5 0.5
