500
0 81.0 89.0 19.0 287.0 19.0
1 48.0 69.0 19.0 339.0 99.0
2 7.0 85.0 9.0 319.0 98.0
3 13.0 22.0 10.0 155.0 47.0
4 81.0 2.0 18.0 170.0 62.0
5 93.0 80.0 5.0 387.0 91.0
6 12.0 38.0 16.0 21.0 47.0
7 11.0 5.0 7.0 252.0 61.0
8 62.0 95.0 12.0 375.0 21.0
9 12.0 23.0 4.0 51.0 74.0
10 28.0 97.0 6.0 141.0 47.0
11 60.0 49.0 7.0 220.0 20.0
12 82.0 1.0 15.0 284.0 67.0
13 74.0 17.0 12.0 240.0 76.0
14 67.0 71.0 11.0 130.0 15.0
15 16.0 45.0 16.0 128.0 53.0
16 32.0 64.0 18.0 96.0 82.0
17 65.0 12.0 18.0 130.0 52.0
18 53.0 87.0 17.0 32.0 40.0
19 61.0 41.0 16.0 169.0 16.0
20 2.0 14.0 16.0 218.0 62.0
21 69.0 74.0 12.0 280.0 40.0
22 22.0 66.0 15.0 66.0 71.0
23 17.0 70.0 15.0 157.0 15.0
24 80.0 69.0 12.0 278.0 87.0
25 50.0 77.0 4.0 282.0 74.0
26 95.0 12.0 4.0 293.0 78.0
27 83.0 1.0 4.0 149.0 96.0
28 77.0 98.0 15.0 351.0 85.0
29 79.0 25.0 8.0 371.0 60.0
30 31.0 62.0 4.0 114.0 68.0
31 30.0 41.0 4.0 314.0 70.0
32 64.0 41.0 13.0 333.0 15.0
33 25.0 59.0 17.0 18.0 72.0
34 91.0 53.0 18.0 61.0 89.0
35 95.0 60.0 19.0 31.0 44.0
36 19.0 63.0 6.0 29.0 90.0
37 77.0 37.0 13.0 38.0 67.0
38 24.0 91.0 12.0 352.0 36.0
39 96.0 78.0 13.0 158.0 92.0
40 35.0 100.0 19.0 195.0 65.0
41 0.0 41.0 8.0 216.0 61.0
42 55.0 59.0 12.0 25.0 69.0
43 14.0 36.0 5.0 164.0 31.0
44 44.0 28.0 11.0 56.0 60.0
45 79.0 60.0 14.0 18.0 82.0
46 87.0 86.0 4.0 183.0 44.0
47 14.0 93.0 9.0 234.0 33.0
48 87.0 33.0 10.0 285.0 96.0
49 24.0 87.0 16.0 301.0 28.0
50 88.0 93.0 6.0 286.0 17.0
51 88.0 89.0 18.0 332.0 48.0
52 93.0 40.0 17.0 390.0 44.0
53 93.0 93.0 8.0 52.0 67.0
54 2.0 69.0 11.0 182.0 54.0
55 30.0 60.0 9.0 398.0 39.0
56 8.0 76.0 11.0 80.0 51.0
57 47.0 88.0 13.0 194.0 58.0
58 15.0 91.0 10.0 319.0 86.0
59 30.0 25.0 10.0 392.0 42.0
60 75.0 38.0 13.0 362.0 49.0
61 0.0 32.0 15.0 281.0 40.0
62 53.0 27.0 7.0 321.0 63.0
63 51.0 60.0 15.0 347.0 53.0
64 36.0 52.0 10.0 374.0 86.0
65 23.0 95.0 16.0 321.0 84.0
66 51.0 61.0 19.0 151.0 83.0
67 70.0 48.0 10.0 199.0 82.0
68 31.0 23.0 10.0 247.0 96.0
69 67.0 19.0 16.0 135.0 41.0
70 79.0 49.0 18.0 150.0 60.0
71 71.0 39.0 13.0 348.0 38.0
72 12.0 49.0 11.0 353.0 75.0
73 97.0 6.0 15.0 290.0 26.0
74 23.0 36.0 19.0 243.0 30.0
75 0.0 21.0 7.0 27.0 15.0
76 88.0 87.0 15.0 167.0 48.0
77 90.0 22.0 9.0 239.0 25.0
78 77.0 55.0 18.0 188.0 43.0
79 42.0 16.0 10.0 149.0 35.0
80 10.0 64.0 10.0 169.0 31.0
81 38.0 11.0 15.0 55.0 46.0
82 94.0 63.0 15.0 364.0 94.0
83 76.0 44.0 10.0 217.0 78.0
84 3.0 19.0 8.0 257.0 67.0
85 41.0 10.0 9.0 241.0 60.0
86 50.0 18.0 19.0 230.0 86.0
87 48.0 17.0 12.0 373.0 52.0
88 42.0 55.0 11.0 137.0 96.0
89 68.0 100.0 12.0 384.0 54.0
90 39.0 33.0 10.0 16.0 98.0
91 44.0 5.0 18.0 156.0 27.0
92 54.0 45.0 10.0 39.0 98.0
93 38.0 52.0 5.0 205.0 67.0
94 87.0 17.0 7.0 367.0 51.0
95 72.0 96.0 6.0 320.0 21.0
96 64.0 38.0 8.0 335.0 15.0
97 71.0 98.0 6.0 189.0 93.0
98 89.0 55.0 12.0 202.0 35.0
99 18.0 98.0 17.0 227.0 37.0
100 7.0 94.0 13.0 336.0 98.0
101 31.0 88.0 15.0 361.0 50.0
102 5.0 79.0 19.0 368.0 99.0
103 7.0 54.0 12.0 159.0 65.0
104 30.0 23.0 12.0 200.0 96.0
105 19.0 4.0 9.0 206.0 47.0
106 67.0 79.0 16.0 352.0 53.0
107 73.0 51.0 8.0 165.0 45.0
108 0.0 73.0 6.0 234.0 85.0
109 92.0 37.0 8.0 286.0 52.0
110 5.0 53.0 15.0 30.0 73.0
111 32.0 39.0 8.0 64.0 61.0
112 7.0 45.0 12.0 307.0 63.0
113 88.0 98.0 9.0 43.0 96.0
114 34.0 55.0 16.0 57.0 86.0
115 94.0 37.0 11.0 203.0 94.0
116 84.0 45.0 9.0 194.0 73.0
117 49.0 74.0 7.0 273.0 86.0
118 14.0 89.0 6.0 396.0 70.0
119 100.0 96.0 5.0 48.0 99.0
120 90.0 14.0 11.0 126.0 38.0
121 54.0 85.0 6.0 181.0 42.0
122 29.0 61.0 4.0 150.0 96.0
123 0.0 10.0 6.0 98.0 49.0
124 42.0 51.0 14.0 162.0 29.0
125 48.0 13.0 18.0 36.0 52.0
126 51.0 17.0 18.0 399.0 28.0
127 74.0 42.0 14.0 37.0 38.0
128 90.0 80.0 6.0 307.0 77.0
129 17.0 71.0 12.0 283.0 24.0
130 30.0 19.0 17.0 394.0 51.0
131 59.0 70.0 14.0 246.0 80.0
132 11.0 2.0 8.0 273.0 26.0
133 53.0 56.0 9.0 81.0 51.0
134 28.0 22.0 4.0 361.0 72.0
135 37.0 74.0 6.0 106.0 46.0
136 62.0 61.0 19.0 385.0 36.0
137 3.0 76.0 18.0 314.0 30.0
138 33.0 57.0 16.0 262.0 65.0
139 22.0 91.0 9.0 396.0 17.0
140 23.0 13.0 17.0 329.0 68.0
141 21.0 73.0 15.0 171.0 47.0
142 86.0 94.0 11.0 190.0 88.0
143 79.0 97.0 16.0 118.0 22.0
144 70.0 9.0 6.0 159.0 73.0
145 65.0 63.0 7.0 311.0 53.0
146 72.0 8.0 13.0 327.0 53.0
147 44.0 62.0 8.0 31.0 22.0
148 31.0 84.0 11.0 296.0 53.0
149 46.0 17.0 9.0 60.0 91.0
150 53.0 43.0 5.0 188.0 15.0
151 77.0 52.0 19.0 207.0 39.0
152 48.0 64.0 6.0 327.0 43.0
153 45.0 32.0 17.0 188.0 74.0
154 85.0 68.0 17.0 349.0 88.0
155 60.0 95.0 7.0 173.0 52.0
156 19.0 33.0 7.0 294.0 64.0
157 1.0 74.0 13.0 365.0 58.0
158 48.0 100.0 16.0 332.0 48.0
159 64.0 59.0 11.0 357.0 95.0
160 47.0 56.0 5.0 310.0 33.0
161 12.0 16.0 11.0 262.0 28.0
162 92.0 31.0 13.0 142.0 70.0
163 76.0 32.0 7.0 93.0 38.0
164 69.0 29.0 14.0 77.0 99.0
165 80.0 30.0 8.0 49.0 83.0
166 93.0 56.0 18.0 355.0 77.0
167 8.0 41.0 14.0 235.0 43.0
168 50.0 67.0 12.0 254.0 92.0
169 1.0 89.0 5.0 334.0 17.0
170 51.0 12.0 5.0 364.0 32.0
171 27.0 56.0 11.0 295.0 43.0
172 59.0 88.0 10.0 121.0 60.0
173 26.0 45.0 18.0 205.0 75.0
174 100.0 83.0 15.0 334.0 27.0
175 98.0 4.0 18.0 81.0 84.0
176 92.0 98.0 17.0 215.0 69.0
177 86.0 24.0 15.0 302.0 45.0
178 82.0 75.0 11.0 324.0 99.0
179 59.0 99.0 7.0 181.0 64.0
180 44.0 18.0 12.0 190.0 48.0
181 54.0 98.0 16.0 304.0 17.0
182 26.0 29.0 10.0 69.0 29.0
183 7.0 37.0 6.0 135.0 39.0
184 66.0 44.0 18.0 299.0 37.0
185 94.0 81.0 9.0 181.0 34.0
186 43.0 85.0 9.0 139.0 54.0
187 82.0 70.0 17.0 112.0 45.0
188 83.0 41.0 11.0 317.0 53.0
189 37.0 33.0 17.0 108.0 81.0
190 0.0 93.0 10.0 161.0 48.0
191 56.0 25.0 11.0 180.0 44.0
192 61.0 36.0 15.0 95.0 83.0
193 79.0 38.0 8.0 79.0 81.0
194 69.0 48.0 15.0 28.0 83.0
195 76.0 42.0 4.0 65.0 41.0
196 85.0 6.0 8.0 51.0 31.0
197 33.0 9.0 16.0 89.0 31.0
198 58.0 17.0 11.0 275.0 42.0
199 5.0 1.0 9.0 19.0 63.0
200 41.0 86.0 10.0 224.0 43.0
201 37.0 73.0 16.0 260.0 61.0
202 35.0 45.0 12.0 199.0 63.0
203 92.0 96.0 14.0 120.0 41.0
204 43.0 92.0 8.0 169.0 81.0
205 61.0 57.0 4.0 81.0 75.0
206 64.0 16.0 4.0 136.0 80.0
207 24.0 69.0 15.0 88.0 84.0
208 14.0 33.0 15.0 35.0 73.0
209 75.0 61.0 17.0 238.0 28.0
210 95.0 54.0 17.0 227.0 58.0
211 21.0 25.0 18.0 221.0 24.0
212 12.0 31.0 5.0 40.0 17.0
213 42.0 91.0 16.0 330.0 63.0
214 43.0 17.0 10.0 235.0 61.0
215 22.0 86.0 12.0 335.0 98.0
216 14.0 99.0 12.0 386.0 47.0
217 99.0 52.0 16.0 308.0 66.0
218 90.0 49.0 16.0 375.0 55.0
219 17.0 84.0 18.0 24.0 97.0
220 21.0 94.0 6.0 300.0 85.0
221 90.0 42.0 6.0 218.0 19.0
222 5.0 54.0 11.0 396.0 73.0
223 24.0 35.0 8.0 141.0 21.0
224 34.0 33.0 10.0 50.0 57.0
225 66.0 20.0 7.0 53.0 48.0
226 16.0 18.0 19.0 69.0 73.0
227 34.0 61.0 9.0 357.0 92.0
228 39.0 4.0 17.0 390.0 71.0
229 11.0 69.0 12.0 114.0 50.0
230 48.0 52.0 5.0 201.0 20.0
231 97.0 40.0 15.0 136.0 55.0
232 56.0 61.0 18.0 171.0 57.0
233 33.0 31.0 6.0 178.0 39.0
234 68.0 63.0 8.0 277.0 78.0
235 76.0 75.0 17.0 158.0 47.0
236 0.0 18.0 5.0 212.0 56.0
237 16.0 83.0 10.0 280.0 15.0
238 97.0 85.0 19.0 90.0 84.0
239 93.0 65.0 4.0 121.0 22.0
240 8.0 48.0 7.0 199.0 24.0
241 22.0 57.0 4.0 93.0 28.0
242 68.0 25.0 16.0 34.0 50.0
243 4.0 63.0 17.0 224.0 72.0
244 33.0 60.0 19.0 98.0 73.0
245 35.0 60.0 10.0 155.0 65.0
246 98.0 3.0 13.0 335.0 60.0
247 52.0 19.0 19.0 399.0 59.0
248 10.0 19.0 11.0 257.0 34.0
249 59.0 25.0 9.0 197.0 42.0
250 54.0 42.0 12.0 145.0 51.0
251 0.0 27.0 7.0 276.0 82.0
252 6.0 9.0 8.0 96.0 64.0
253 67.0 7.0 19.0 380.0 82.0
254 82.0 8.0 7.0 253.0 71.0
255 76.0 14.0 9.0 321.0 64.0
256 77.0 68.0 14.0 351.0 50.0
257 22.0 27.0 8.0 80.0 82.0
258 68.0 13.0 8.0 146.0 46.0
259 97.0 50.0 13.0 199.0 15.0
260 85.0 32.0 14.0 125.0 20.0
261 37.0 67.0 11.0 255.0 39.0
262 67.0 40.0 16.0 128.0 94.0
263 20.0 87.0 19.0 221.0 32.0
264 12.0 3.0 9.0 182.0 30.0
265 69.0 59.0 6.0 142.0 30.0
266 13.0 100.0 6.0 288.0 98.0
267 93.0 8.0 5.0 222.0 18.0
268 34.0 76.0 8.0 170.0 48.0
269 13.0 26.0 16.0 361.0 30.0
270 92.0 86.0 18.0 318.0 38.0
271 99.0 46.0 13.0 77.0 66.0
272 38.0 15.0 15.0 283.0 50.0
273 59.0 98.0 7.0 261.0 70.0
274 35.0 19.0 6.0 394.0 70.0
275 35.0 10.0 9.0 114.0 55.0
276 74.0 6.0 13.0 320.0 35.0
277 94.0 15.0 5.0 74.0 35.0
278 89.0 86.0 9.0 114.0 28.0
279 7.0 82.0 4.0 23.0 67.0
280 85.0 28.0 9.0 285.0 20.0
281 12.0 69.0 17.0 144.0 58.0
282 84.0 66.0 11.0 367.0 39.0
283 20.0 11.0 4.0 235.0 57.0
284 75.0 35.0 18.0 193.0 52.0
285 63.0 1.0 9.0 78.0 66.0
286 80.0 8.0 14.0 309.0 93.0
287 23.0 16.0 17.0 175.0 92.0
288 51.0 78.0 11.0 313.0 78.0
289 44.0 100.0 5.0 327.0 93.0
290 28.0 73.0 13.0 106.0 94.0
291 3.0 28.0 15.0 286.0 31.0
292 75.0 19.0 11.0 80.0 32.0
293 43.0 20.0 9.0 108.0 77.0
294 57.0 88.0 14.0 31.0 16.0
295 29.0 63.0 17.0 167.0 83.0
296 91.0 77.0 7.0 127.0 62.0
297 25.0 18.0 19.0 213.0 61.0
298 16.0 98.0 17.0 117.0 38.0
299 77.0 99.0 12.0 131.0 58.0
300 69.0 81.0 17.0 274.0 47.0
301 11.0 72.0 6.0 150.0 80.0
302 78.0 67.0 9.0 289.0 98.0
303 30.0 6.0 8.0 320.0 81.0
304 24.0 0.0 6.0 266.0 95.0
305 83.0 82.0 15.0 376.0 48.0
306 59.0 45.0 8.0 53.0 49.0
307 16.0 33.0 6.0 394.0 21.0
308 37.0 100.0 14.0 102.0 88.0
309 1.0 66.0 14.0 331.0 31.0
310 44.0 57.0 19.0 277.0 88.0
311 39.0 63.0 10.0 393.0 56.0
312 93.0 22.0 9.0 92.0 85.0
313 31.0 18.0 10.0 21.0 97.0
314 94.0 31.0 9.0 352.0 79.0
315 49.0 15.0 8.0 142.0 54.0
316 97.0 26.0 17.0 100.0 39.0
317 15.0 72.0 4.0 331.0 36.0
318 13.0 81.0 11.0 360.0 97.0
319 98.0 27.0 16.0 155.0 33.0
320 32.0 77.0 9.0 197.0 66.0
321 49.0 57.0 15.0 345.0 98.0
322 37.0 1.0 10.0 46.0 87.0
323 51.0 85.0 18.0 29.0 45.0
324 20.0 14.0 15.0 362.0 32.0
325 3.0 24.0 6.0 199.0 22.0
326 53.0 90.0 8.0 191.0 68.0
327 94.0 19.0 15.0 354.0 88.0
328 79.0 47.0 6.0 393.0 92.0
329 65.0 83.0 15.0 280.0 47.0
330 70.0 65.0 8.0 99.0 60.0
331 59.0 16.0 13.0 46.0 44.0
332 49.0 56.0 10.0 70.0 82.0
333 58.0 46.0 10.0 177.0 81.0
334 17.0 96.0 5.0 337.0 38.0
335 45.0 67.0 9.0 48.0 91.0
336 91.0 60.0 9.0 247.0 24.0
337 56.0 71.0 16.0 171.0 61.0
338 5.0 58.0 17.0 303.0 57.0
339 36.0 9.0 13.0 204.0 95.0
340 19.0 97.0 8.0 42.0 90.0
341 52.0 18.0 9.0 15.0 80.0
342 38.0 44.0 11.0 75.0 32.0
343 97.0 36.0 15.0 135.0 44.0
344 94.0 5.0 18.0 265.0 91.0
345 93.0 41.0 9.0 259.0 75.0
346 70.0 19.0 17.0 240.0 55.0
347 25.0 58.0 11.0 173.0 59.0
348 5.0 67.0 12.0 120.0 94.0
349 97.0 43.0 9.0 264.0 70.0
350 86.0 6.0 19.0 248.0 84.0
351 54.0 1.0 15.0 106.0 54.0
352 32.0 18.0 16.0 349.0 22.0
353 45.0 60.0 11.0 267.0 25.0
354 100.0 32.0 14.0 301.0 48.0
355 9.0 51.0 14.0 234.0 22.0
356 12.0 32.0 12.0 157.0 88.0
357 41.0 78.0 6.0 350.0 82.0
358 83.0 46.0 12.0 95.0 76.0
359 16.0 94.0 7.0 215.0 90.0
360 60.0 27.0 14.0 196.0 23.0
361 93.0 49.0 11.0 285.0 77.0
362 73.0 15.0 7.0 259.0 25.0
363 53.0 2.0 11.0 77.0 23.0
364 5.0 40.0 18.0 46.0 25.0
365 62.0 31.0 7.0 356.0 47.0
366 25.0 48.0 12.0 379.0 85.0
367 21.0 43.0 11.0 196.0 71.0
368 53.0 17.0 4.0 371.0 82.0
369 23.0 82.0 18.0 180.0 32.0
370 50.0 70.0 11.0 152.0 74.0
371 17.0 75.0 7.0 180.0 17.0
372 26.0 98.0 9.0 199.0 60.0
373 55.0 0.0 13.0 34.0 20.0
374 31.0 61.0 15.0 269.0 77.0
375 83.0 44.0 6.0 76.0 48.0
376 72.0 27.0 12.0 289.0 59.0
377 71.0 78.0 16.0 399.0 17.0
378 36.0 50.0 8.0 269.0 93.0
379 92.0 33.0 19.0 235.0 30.0
380 25.0 65.0 4.0 105.0 70.0
381 99.0 94.0 9.0 285.0 63.0
382 56.0 73.0 9.0 373.0 40.0
383 61.0 74.0 12.0 157.0 39.0
384 58.0 91.0 8.0 333.0 42.0
385 49.0 80.0 6.0 256.0 73.0
386 86.0 19.0 11.0 293.0 42.0
387 37.0 95.0 17.0 337.0 93.0
388 36.0 63.0 6.0 350.0 46.0
389 38.0 61.0 11.0 269.0 79.0
390 64.0 90.0 13.0 125.0 52.0
391 35.0 71.0 11.0 241.0 85.0
392 39.0 86.0 4.0 250.0 29.0
393 56.0 55.0 16.0 112.0 16.0
394 50.0 85.0 13.0 361.0 54.0
395 85.0 42.0 11.0 363.0 47.0
396 2.0 62.0 19.0 150.0 81.0
397 99.0 45.0 12.0 237.0 82.0
398 41.0 72.0 7.0 76.0 45.0
399 8.0 92.0 13.0 339.0 92.0
400 5.0 69.0 9.0 133.0 37.0
401 22.0 97.0 8.0 332.0 23.0
402 87.0 65.0 18.0 192.0 60.0
403 42.0 9.0 12.0 353.0 63.0
404 24.0 57.0 10.0 86.0 29.0
405 36.0 81.0 19.0 101.0 69.0
406 60.0 96.0 9.0 195.0 83.0
407 31.0 65.0 4.0 232.0 96.0
408 94.0 74.0 19.0 352.0 15.0
409 42.0 12.0 7.0 142.0 40.0
410 10.0 91.0 15.0 342.0 43.0
411 53.0 71.0 17.0 49.0 24.0
412 27.0 44.0 12.0 290.0 43.0
413 8.0 98.0 11.0 314.0 60.0
414 71.0 44.0 13.0 176.0 36.0
415 79.0 61.0 9.0 397.0 79.0
416 95.0 71.0 4.0 184.0 87.0
417 55.0 67.0 16.0 376.0 91.0
418 37.0 0.0 7.0 235.0 41.0
419 62.0 84.0 18.0 265.0 43.0
420 76.0 78.0 10.0 234.0 34.0
421 25.0 55.0 19.0 359.0 67.0
422 92.0 55.0 5.0 274.0 38.0
423 71.0 9.0 7.0 195.0 87.0
424 37.0 39.0 14.0 259.0 56.0
425 43.0 42.0 15.0 17.0 17.0
426 3.0 53.0 19.0 114.0 77.0
427 25.0 17.0 14.0 365.0 59.0
428 10.0 69.0 10.0 165.0 41.0
429 83.0 96.0 17.0 348.0 35.0
430 45.0 87.0 16.0 174.0 59.0
431 66.0 82.0 6.0 200.0 66.0
432 11.0 41.0 9.0 253.0 35.0
433 25.0 81.0 17.0 369.0 44.0
434 80.0 6.0 18.0 234.0 62.0
435 57.0 86.0 11.0 135.0 62.0
436 90.0 91.0 16.0 205.0 80.0
437 17.0 8.0 11.0 259.0 26.0
438 55.0 17.0 4.0 298.0 96.0
439 82.0 83.0 6.0 256.0 53.0
440 58.0 14.0 18.0 134.0 74.0
441 46.0 1.0 4.0 196.0 21.0
442 9.0 73.0 13.0 225.0 22.0
443 99.0 97.0 5.0 263.0 78.0
444 37.0 10.0 9.0 326.0 99.0
445 80.0 54.0 7.0 77.0 47.0
446 24.0 43.0 5.0 89.0 67.0
447 49.0 70.0 5.0 276.0 70.0
448 97.0 32.0 18.0 380.0 51.0
449 41.0 42.0 4.0 269.0 28.0
450 50.0 20.0 10.0 96.0 45.0
451 55.0 7.0 11.0 66.0 73.0
452 80.0 76.0 11.0 381.0 25.0
453 65.0 15.0 5.0 198.0 49.0
454 33.0 97.0 9.0 361.0 43.0
455 85.0 73.0 12.0 277.0 26.0
456 56.0 28.0 6.0 327.0 92.0
457 30.0 38.0 13.0 58.0 24.0
458 37.0 83.0 5.0 273.0 42.0
459 70.0 84.0 12.0 85.0 97.0
460 92.0 76.0 15.0 178.0 98.0
461 19.0 25.0 19.0 126.0 30.0
462 68.0 82.0 17.0 253.0 64.0
463 21.0 96.0 12.0 375.0 16.0
464 2.0 42.0 8.0 175.0 86.0
465 65.0 10.0 6.0 206.0 80.0
466 73.0 57.0 19.0 134.0 54.0
467 96.0 39.0 15.0 130.0 87.0
468 4.0 69.0 4.0 296.0 35.0
469 38.0 14.0 19.0 37.0 53.0
470 0.0 57.0 9.0 386.0 90.0
471 45.0 17.0 6.0 157.0 35.0
472 55.0 15.0 11.0 274.0 55.0
473 61.0 97.0 18.0 281.0 17.0
474 45.0 27.0 14.0 331.0 60.0
475 92.0 85.0 8.0 244.0 81.0
476 96.0 31.0 19.0 306.0 74.0
477 60.0 77.0 13.0 116.0 90.0
478 93.0 18.0 6.0 372.0 37.0
479 24.0 12.0 15.0 19.0 31.0
480 28.0 40.0 5.0 132.0 50.0
481 54.0 71.0 19.0 61.0 45.0
482 25.0 62.0 18.0 178.0 73.0
483 73.0 88.0 18.0 326.0 42.0
484 66.0 45.0 12.0 255.0 43.0
485 52.0 83.0 11.0 266.0 54.0
486 33.0 10.0 11.0 261.0 68.0
487 60.0 40.0 17.0 80.0 72.0
488 79.0 44.0 4.0 367.0 95.0
489 21.0 39.0 4.0 81.0 88.0
490 51.0 76.0 11.0 184.0 49.0
491 21.0 48.0 9.0 336.0 97.0
492 51.0 80.0 4.0 388.0 99.0
493 62.0 49.0 14.0 97.0 62.0
494 95.0 68.0 11.0 54.0 54.0
495 30.0 15.0 10.0 104.0 87.0
496 88.0 47.0 17.0 367.0 61.0
497 80.0 65.0 18.0 160.0 85.0
498 41.0 90.0 19.0 323.0 72.0
499 60.0 75.0 14.0 266.0 78.0
1470
0 439
0 483
0 429
0 142
0 46
0 51
0 143
1 117
1 447
1 335
1 398
1 168
2 169
2 399
2 279
2 410
2 318
2 118
3 461
3 226
3 269
3 9
3 248
4 12
4 285
4 276
4 434
4 196
4 27
5 296
5 128
5 475
5 185
5 39
5 460
6 183
6 356
6 43
6 432
6 167
6 15
7 132
7 199
7 161
7 437
7 264
7 252
8 155
8 384
8 473
8 89
8 406
8 97
8 95
8 390
9 325
9 291
9 269
9 248
10 372
10 40
10 65
10 454
10 38
10 101
11 205
11 493
11 393
11 306
11 333
12 285
12 373
12 27
13 346
13 292
13 362
13 255
14 145
14 330
14 21
14 383
14 131
15 491
15 367
15 72
15 432
15 43
15 489
16 261
16 407
16 30
16 227
16 388
17 440
17 206
17 258
17 465
17 453
18 326
18 57
18 294
18 394
18 323
18 121
18 435
19 306
19 184
19 487
19 96
19 32
20 236
20 123
20 84
20 252
20 248
20 161
21 256
21 330
21 235
21 377
21 106
21 383
22 23
22 36
22 207
22 380
22 482
23 281
23 317
23 36
23 129
23 141
23 207
24 235
24 256
24 302
24 452
24 497
24 282
24 187
24 178
25 490
25 117
25 357
25 385
25 288
26 267
26 73
26 277
26 120
26 319
26 327
27 196
27 344
27 246
27 373
27 350
28 97
28 299
28 95
28 143
29 163
29 165
29 386
29 292
29 177
29 280
29 376
30 295
30 122
30 227
30 374
30 407
31 480
31 412
31 202
31 111
31 457
32 96
32 184
32 262
33 347
33 404
33 241
33 171
33 55
33 122
33 482
34 422
34 98
34 218
34 361
34 210
35 210
35 217
35 166
35 336
35 494
35 82
36 80
36 281
36 103
36 241
36 482
37 193
37 165
37 60
37 163
37 284
38 139
38 49
38 65
38 101
39 416
39 408
39 174
39 185
39 460
40 308
40 387
40 372
40 266
40 454
41 364
41 61
41 464
41 470
41 426
42 232
42 205
42 393
42 66
42 133
42 63
43 307
43 156
43 356
43 489
43 208
44 90
44 153
44 474
44 189
44 233
44 68
44 274
44 293
45 445
45 98
45 209
45 415
45 78
45 402
46 439
46 305
46 128
46 51
46 76
46 278
47 216
47 413
47 359
47 58
47 100
47 410
47 298
47 118
48 395
48 188
48 280
48 162
48 109
48 260
48 379
49 433
49 369
49 215
49 139
49 148
49 101
50 51
50 142
50 113
50 436
50 53
50 203
51 142
51 76
51 278
51 270
51 436
52 467
52 115
52 345
52 109
52 221
53 381
53 443
53 238
53 270
53 436
53 203
54 108
54 309
54 348
54 468
54 157
55 171
55 138
55 122
55 244
55 374
56 279
56 318
56 301
56 442
56 102
56 371
56 137
57 204
57 326
57 430
57 394
58 263
58 118
58 359
58 139
59 134
59 182
59 233
59 68
59 104
60 71
60 127
60 195
60 193
60 284
61 251
61 291
61 364
61 183
62 456
62 153
62 474
62 191
62 450
63 66
63 353
63 321
63 133
64 114
64 378
64 93
65 401
65 463
65 220
65 372
65 139
66 232
66 417
66 152
66 353
66 168
67 194
67 414
67 107
67 83
68 233
68 104
68 274
68 352
68 130
69 346
69 225
69 206
69 258
69 453
70 445
70 151
70 107
70 328
70 358
71 414
71 127
71 284
71 96
71 262
71 164
72 491
72 432
72 112
72 241
72 240
72 355
73 344
73 267
73 175
73 319
74 223
74 156
74 480
74 489
75 325
75 251
75 84
75 236
76 278
77 177
77 162
77 386
77 312
77 478
77 94
78 445
78 151
78 107
78 466
78 209
79 272
79 469
79 293
79 214
79 471
79 409
80 281
80 243
80 338
80 103
80 348
80 428
80 229
81 275
81 469
81 409
81 85
81 444
82 494
82 239
82 336
83 488
83 195
83 328
83 127
83 414
83 107
84 325
84 236
84 248
85 409
85 403
85 228
85 444
86 341
86 126
86 247
86 450
86 87
87 315
87 149
87 450
87 126
88 124
88 230
88 310
88 389
88 114
88 160
88 93
89 179
89 158
89 473
89 176
89 299
89 97
90 425
90 153
90 189
90 424
90 449
91 170
91 451
91 403
91 125
91 363
91 228
91 441
92 150
92 230
92 250
92 393
92 333
93 114
93 378
93 124
94 255
94 386
94 254
94 120
94 478
95 97
95 143
95 483
95 390
96 192
96 365
96 487
96 262
96 164
97 299
98 496
98 445
98 422
98 336
98 218
98 402
99 216
99 266
99 372
99 401
99 298
99 334
99 340
100 413
100 190
100 399
100 410
100 169
101 458
101 392
101 148
101 387
101 454
102 169
102 279
102 137
103 241
103 338
103 222
103 110
103 355
104 134
104 130
105 132
105 304
105 437
105 283
105 264
105 479
105 303
106 377
106 383
106 477
106 431
106 300
106 462
107 194
107 265
107 466
107 151
107 328
108 470
108 309
108 169
108 190
108 157
109 395
109 221
109 115
109 379
110 240
110 426
110 222
110 355
111 424
111 202
111 457
111 224
112 432
112 167
112 364
112 464
112 240
112 426
113 299
113 176
113 429
113 142
113 203
114 171
114 138
114 366
114 378
114 389
114 245
115 467
115 343
115 379
116 496
116 395
116 375
116 358
117 447
117 370
117 490
117 357
117 411
117 398
118 410
118 318
118 263
118 219
118 237
119 174
119 381
119 443
120 277
120 267
120 478
120 350
120 254
121 323
121 485
121 477
121 435
122 482
122 295
122 374
123 252
123 199
123 236
124 230
124 425
124 449
124 342
124 378
125 149
125 315
125 170
125 403
125 471
125 409
126 341
126 368
126 170
126 315
127 414
127 195
128 455
128 178
128 305
128 296
128 475
128 278
129 141
129 371
129 317
130 134
130 495
130 427
130 313
130 352
130 297
131 136
131 417
131 145
131 383
131 337
131 382
131 499
132 199
132 304
132 264
133 393
133 230
133 332
133 321
134 182
134 257
134 211
134 297
135 405
135 357
135 268
135 398
135 201
135 391
136 232
136 417
136 145
136 159
136 205
137 169
137 468
137 400
137 442
137 157
138 171
138 245
138 244
139 220
139 263
139 359
139 215
140 287
140 324
140 479
140 283
140 427
141 433
141 369
141 371
141 290
141 207
142 429
143 299
143 429
143 483
144 465
144 258
144 423
144 253
144 146
145 234
145 330
145 159
145 265
146 276
146 253
146 255
146 423
147 335
147 152
147 353
147 310
147 389
147 311
148 433
148 458
148 405
148 320
149 315
149 450
149 471
149 180
150 425
150 153
150 230
150 250
151 445
152 353
152 168
152 335
153 425
153 250
153 456
153 474
154 416
154 455
154 187
154 282
154 494
154 402
155 384
155 181
155 406
156 223
156 257
156 182
156 461
156 307
156 489
157 169
157 468
158 179
158 181
158 326
158 204
158 289
159 205
159 493
159 194
159 265
160 230
160 310
160 332
160 321
160 353
161 437
161 324
161 226
161 252
161 248
162 177
162 314
162 316
162 280
162 312
162 379
163 165
163 284
163 376
163 164
164 242
164 365
164 376
164 284
165 193
165 280
165 260
166 210
166 422
166 336
167 432
167 364
167 183
168 417
168 411
168 370
168 335
168 447
169 190
169 399
169 279
170 368
170 472
170 315
170 451
171 347
171 421
171 366
172 294
172 384
172 390
172 419
172 435
173 412
173 446
173 366
174 354
174 217
174 381
174 416
174 185
174 494
174 238
175 354
175 246
175 344
175 319
176 299
176 203
176 443
177 386
177 280
178 455
178 187
178 305
178 452
179 181
179 473
179 273
180 214
180 293
180 471
180 450
181 384
181 273
181 326
181 406
182 257
182 233
182 223
183 364
183 291
183 356
184 306
184 484
184 414
184 262
185 475
185 238
186 357
186 385
186 394
186 430
186 200
186 458
187 455
187 282
188 395
188 375
188 488
188 193
188 260
189 424
189 224
189 233
190 413
191 249
191 456
191 438
191 247
191 198
191 450
192 365
192 456
192 250
192 487
193 195
193 488
193 260
194 493
194 265
194 414
194 484
195 488
196 434
196 254
196 350
197 486
197 303
197 275
197 339
197 322
198 249
198 225
198 440
198 472
198 206
198 331
198 438
199 304
199 252
200 498
200 392
200 430
200 458
201 398
201 261
201 391
202 342
202 424
202 412
202 366
202 378
203 443
204 289
204 387
204 326
204 430
204 213
205 493
205 232
205 393
206 225
206 440
206 331
206 453
207 290
207 407
207 380
208 356
208 307
208 212
209 466
209 265
209 330
209 415
209 256
209 497
209 302
210 217
210 259
210 361
210 422
211 257
211 461
211 226
211 287
211 297
212 356
212 291
212 269
212 307
213 387
213 498
213 430
214 293
214 471
215 369
215 219
215 263
216 413
216 266
216 298
217 354
217 271
217 259
217 494
218 496
218 361
218 221
219 263
219 369
219 237
220 463
220 340
220 334
220 359
221 496
221 395
221 345
221 361
222 338
222 426
222 470
223 233
223 457
223 480
224 233
224 457
224 424
225 249
225 346
225 242
226 324
226 287
226 461
226 248
227 245
227 244
227 388
227 374
228 403
228 441
228 418
228 322
228 339
228 444
229 301
229 281
229 428
230 425
230 393
230 332
231 354
231 397
231 467
231 345
231 349
231 343
232 417
233 457
234 330
234 265
235 420
235 377
235 256
235 452
237 318
237 371
237 369
238 381
238 475
238 270
239 402
239 336
239 494
240 426
240 355
241 404
241 491
241 421
241 355
241 482
242 346
242 376
242 249
242 360
242 365
243 338
243 396
243 309
243 348
244 245
244 374
245 389
245 388
246 354
246 344
247 368
247 341
247 438
247 450
248 325
249 360
249 456
250 456
250 487
250 306
250 333
251 291
251 325
253 276
253 285
253 465
254 434
254 286
254 255
254 350
255 362
255 286
255 276
255 423
255 386
255 292
256 330
256 302
257 461
258 362
258 346
258 465
258 453
258 423
259 271
259 361
260 280
261 398
261 335
261 407
261 311
261 388
261 391
262 414
264 437
265 466
265 330
266 413
266 372
267 344
267 350
268 405
268 320
268 290
268 391
269 291
269 461
269 307
270 278
270 475
270 436
271 361
271 354
271 397
271 349
272 293
272 274
272 352
272 469
273 473
273 406
274 293
274 352
275 486
275 469
275 339
275 444
276 285
276 434
276 286
277 327
277 478
278 475
279 318
281 301
281 317
282 497
282 415
282 402
283 437
283 479
283 324
285 465
285 451
285 373
286 434
287 324
287 427
287 297
288 490
288 385
288 382
288 477
288 492
289 387
289 308
290 433
290 320
290 407
290 391
291 356
291 325
292 386
292 346
292 376
293 474
293 450
294 384
294 326
294 435
295 380
295 407
295 482
296 455
296 460
297 427
298 334
298 359
299 429
300 459
300 377
300 462
301 317
301 442
301 371
301 428
302 497
303 304
303 479
303 486
303 418
303 322
304 418
305 439
305 452
306 493
306 333
306 487
306 484
307 461
308 387
309 470
309 396
309 348
310 389
310 353
311 335
311 389
311 388
312 316
312 327
312 478
313 352
313 495
314 316
314 476
314 448
314 379
316 476
316 319
316 327
317 371
318 371
319 476
319 354
319 448
319 327
320 433
320 405
321 332
321 353
322 418
322 339
323 394
323 485
324 437
326 384
327 478
328 488
328 358
329 419
329 477
329 431
329 390
329 459
329 462
331 440
333 393
334 340
334 359
335 398
336 422
336 402
337 382
337 417
337 481
338 470
338 396
339 444
340 463
340 401
341 368
342 424
342 449
342 378
343 467
343 354
343 448
343 379
344 350
345 467
345 349
345 361
346 376
346 362
347 404
347 421
348 428
348 400
348 468
349 397
349 361
351 451
351 373
351 363
351 441
352 495
352 469
354 397
354 448
357 385
357 405
357 398
357 458
358 445
358 496
358 375
358 488
360 456
360 365
362 423
363 451
363 441
364 464
365 456
366 491
366 446
366 412
366 378
366 421
367 491
367 446
367 489
368 438
368 472
369 433
369 371
370 447
370 411
372 401
373 451
373 441
373 418
375 395
375 488
377 459
377 420
379 448
380 407
380 482
381 443
382 411
382 490
382 477
382 499
382 481
383 477
383 499
384 390
385 394
385 485
385 492
387 454
387 498
387 392
388 389
390 419
390 459
390 483
391 407
392 498
392 458
394 430
394 485
395 496
396 470
399 410
400 428
400 442
400 468
401 463
402 415
402 494
403 409
404 421
405 458
406 473
408 416
408 455
408 460
409 469
409 471
411 490
411 417
411 481
412 480
412 446
414 484
415 497
416 455
416 494
417 481
418 441
419 477
419 435
420 439
420 483
420 459
420 452
421 491
424 449
425 449
426 464
426 470
427 495
427 479
428 442
430 498
431 477
431 462
435 477
438 472
439 483
439 452
440 472
440 451
440 465
445 496
446 491
446 480
446 489
448 476
450 474
451 472
451 465
455 460
457 480
459 483
459 462
469 486
469 495
477 485
477 492
477 499
479 495
479 486
480 489
484 493
485 492
486 495
10 0.5 0.5 0.5
