700
0 99.0 10.0 12.0 271.0 46.0
1 39.0 29.0 17.0 300.0 27.0
2 98.0 13.0 15.0 77.0 19.0
3 44.0 34.0 15.0 293.0 79.0
4 11.0 46.0 18.0 125.0 77.0
5 7.0 24.0 5.0 74.0 17.0
6 96.0 46.0 13.0 278.0 19.0
7 22.0 77.0 7.0 399.0 37.0
8 83.0 47.0 9.0 372.0 75.0
9 14.0 53.0 8.0 311.0 52.0
10 48.0 63.0 4.0 232.0 58.0
11 79.0 31.0 7.0 230.0 54.0
12 54.0 50.0 8.0 275.0 53.0
13 92.0 77.0 14.0 150.0 94.0
14 66.0 52.0 4.0 300.0 21.0
15 23.0 36.0 16.0 77.0 33.0
16 4.0 2.0 8.0 333.0 92.0
17 90.0 43.0 10.0 141.0 50.0
18 69.0 56.0 9.0 96.0 70.0
19 3.0 37.0 18.0 216.0 52.0
20 74.0 44.0 6.0 294.0 36.0
21 96.0 74.0 10.0 93.0 19.0
22 71.0 4.0 4.0 268.0 63.0
23 31.0 42.0 7.0 165.0 86.0
24 18.0 72.0 14.0 236.0 65.0
25 10.0 82.0 9.0 201.0 46.0
26 25.0 83.0 12.0 170.0 98.0
27 61.0 77.0 9.0 269.0 91.0
28 44.0 7.0 7.0 347.0 80.0
29 59.0 70.0 7.0 292.0 26.0
30 29.0 98.0 19.0 50.0 32.0
31 92.0 49.0 5.0 123.0 57.0
32 67.0 84.0 10.0 114.0 67.0
33 59.0 16.0 7.0 356.0 74.0
34 85.0 42.0 16.0 390.0 27.0
35 82.0 15.0 5.0 270.0 77.0
36 3.0 49.0 13.0 338.0 36.0
37 6.0 1.0 11.0 353.0 50.0
38 76.0 80.0 11.0 219.0 79.0
39 70.0 44.0 12.0 326.0 69.0
40 31.0 66.0 16.0 284.0 62.0
41 67.0 31.0 8.0 315.0 51.0
42 37.0 52.0 13.0 15.0 41.0
43 17.0 27.0 19.0 331.0 49.0
44 3.0 13.0 16.0 29.0 28.0
45 36.0 2.0 4.0 37.0 50.0
46 86.0 89.0 12.0 17.0 30.0
47 15.0 81.0 8.0 209.0 81.0
48 38.0 78.0 15.0 80.0 19.0
49 21.0 17.0 8.0 314.0 39.0
50 61.0 30.0 13.0 81.0 39.0
51 84.0 26.0 12.0 48.0 28.0
52 98.0 38.0 14.0 342.0 62.0
53 10.0 29.0 13.0 126.0 48.0
54 33.0 4.0 12.0 129.0 44.0
55 26.0 54.0 7.0 376.0 86.0
56 20.0 85.0 10.0 252.0 85.0
57 68.0 56.0 13.0 248.0 87.0
58 71.0 40.0 6.0 128.0 44.0
59 24.0 62.0 10.0 118.0 44.0
60 24.0 60.0 12.0 82.0 75.0
61 100.0 71.0 14.0 276.0 28.0
62 63.0 38.0 11.0 272.0 74.0
63 79.0 24.0 15.0 173.0 63.0
64 25.0 23.0 11.0 343.0 29.0
65 49.0 86.0 8.0 376.0 32.0
66 21.0 47.0 18.0 250.0 45.0
67 14.0 11.0 7.0 72.0 25.0
68 30.0 25.0 13.0 329.0 58.0
69 41.0 100.0 14.0 233.0 34.0
70 32.0 11.0 16.0 168.0 82.0
71 98.0 64.0 16.0 157.0 97.0
72 88.0 81.0 18.0 29.0 36.0
73 86.0 71.0 10.0 93.0 66.0
74 69.0 83.0 19.0 194.0 60.0
75 3.0 79.0 14.0 267.0 38.0
76 80.0 70.0 4.0 73.0 84.0
77 16.0 85.0 5.0 246.0 85.0
78 3.0 73.0 16.0 354.0 93.0
79 4.0 19.0 8.0 149.0 23.0
80 71.0 98.0 9.0 60.0 47.0
81 45.0 9.0 19.0 222.0 74.0
82 50.0 28.0 9.0 84.0 15.0
83 56.0 80.0 10.0 172.0 25.0
84 88.0 65.0 14.0 332.0 52.0
85 38.0 80.0 4.0 37.0 78.0
86 62.0 33.0 13.0 124.0 36.0
87 98.0 18.0 4.0 336.0 66.0
88 11.0 87.0 4.0 125.0 62.0
89 70.0 62.0 13.0 167.0 80.0
90 17.0 68.0 13.0 227.0 63.0
91 59.0 11.0 6.0 125.0 63.0
92 80.0 28.0 7.0 189.0 84.0
93 73.0 74.0 12.0 317.0 50.0
94 14.0 28.0 14.0 129.0 24.0
95 10.0 36.0 9.0 153.0 88.0
96 3.0 71.0 4.0 385.0 16.0
97 92.0 1.0 12.0 256.0 85.0
98 88.0 34.0 5.0 87.0 67.0
99 74.0 34.0 12.0 72.0 70.0
100 68.0 88.0 5.0 19.0 86.0
101 83.0 77.0 7.0 27.0 96.0
102 59.0 98.0 15.0 88.0 92.0
103 56.0 64.0 19.0 187.0 79.0
104 31.0 44.0 17.0 32.0 94.0
105 40.0 89.0 9.0 40.0 40.0
106 67.0 89.0 8.0 83.0 41.0
107 84.0 19.0 4.0 308.0 78.0
108 79.0 69.0 16.0 312.0 79.0
109 29.0 65.0 7.0 199.0 27.0
110 18.0 6.0 19.0 306.0 53.0
111 66.0 43.0 17.0 186.0 19.0
112 43.0 60.0 14.0 121.0 19.0
113 94.0 57.0 17.0 94.0 89.0
114 93.0 33.0 6.0 218.0 82.0
115 90.0 48.0 7.0 186.0 20.0
116 27.0 57.0 17.0 122.0 85.0
117 0.0 3.0 5.0 232.0 52.0
118 52.0 62.0 13.0 74.0 74.0
119 70.0 61.0 16.0 235.0 94.0
120 51.0 81.0 4.0 79.0 39.0
121 35.0 80.0 14.0 46.0 83.0
122 22.0 73.0 12.0 324.0 23.0
123 94.0 48.0 14.0 391.0 73.0
124 95.0 87.0 7.0 290.0 25.0
125 48.0 85.0 7.0 281.0 82.0
126 11.0 68.0 5.0 104.0 92.0
127 7.0 5.0 6.0 381.0 74.0
128 33.0 81.0 18.0 147.0 72.0
129 19.0 17.0 10.0 76.0 53.0
130 87.0 44.0 13.0 293.0 72.0
131 49.0 64.0 4.0 266.0 96.0
132 25.0 47.0 10.0 227.0 21.0
133 77.0 11.0 12.0 96.0 96.0
134 15.0 88.0 11.0 155.0 58.0
135 47.0 80.0 5.0 54.0 70.0
136 53.0 66.0 8.0 167.0 30.0
137 45.0 57.0 14.0 149.0 53.0
138 1.0 74.0 10.0 81.0 76.0
139 6.0 35.0 15.0 232.0 86.0
140 42.0 53.0 13.0 89.0 78.0
141 0.0 57.0 4.0 194.0 57.0
142 63.0 32.0 4.0 330.0 81.0
143 27.0 41.0 15.0 336.0 69.0
144 85.0 58.0 4.0 340.0 48.0
145 57.0 7.0 16.0 370.0 46.0
146 10.0 17.0 19.0 44.0 30.0
147 42.0 75.0 15.0 289.0 42.0
148 41.0 93.0 11.0 209.0 62.0
149 97.0 74.0 5.0 395.0 95.0
150 28.0 86.0 17.0 332.0 38.0
151 3.0 11.0 12.0 33.0 18.0
152 39.0 79.0 19.0 129.0 93.0
153 57.0 45.0 13.0 351.0 20.0
154 15.0 90.0 18.0 334.0 82.0
155 83.0 21.0 10.0 92.0 62.0
156 29.0 90.0 15.0 355.0 58.0
157 68.0 61.0 14.0 71.0 80.0
158 2.0 12.0 5.0 66.0 67.0
159 97.0 43.0 11.0 319.0 76.0
160 11.0 82.0 10.0 280.0 43.0
161 10.0 78.0 17.0 268.0 22.0
162 87.0 46.0 18.0 128.0 30.0
163 68.0 92.0 6.0 310.0 54.0
164 87.0 8.0 9.0 66.0 70.0
165 94.0 26.0 8.0 328.0 15.0
166 31.0 43.0 18.0 62.0 28.0
167 55.0 66.0 12.0 82.0 41.0
168 99.0 58.0 19.0 81.0 27.0
169 8.0 76.0 11.0 387.0 99.0
170 80.0 40.0 17.0 163.0 47.0
171 13.0 15.0 18.0 73.0 37.0
172 24.0 81.0 14.0 300.0 69.0
173 56.0 25.0 17.0 295.0 66.0
174 99.0 69.0 9.0 208.0 72.0
175 67.0 77.0 17.0 212.0 65.0
176 24.0 15.0 4.0 84.0 38.0
177 39.0 0.0 4.0 327.0 54.0
178 66.0 58.0 13.0 158.0 33.0
179 18.0 89.0 16.0 205.0 90.0
180 73.0 88.0 11.0 87.0 43.0
181 60.0 21.0 4.0 335.0 16.0
182 85.0 48.0 13.0 182.0 65.0
183 29.0 27.0 17.0 320.0 58.0
184 12.0 18.0 6.0 242.0 44.0
185 11.0 53.0 12.0 68.0 21.0
186 12.0 51.0 9.0 173.0 45.0
187 84.0 90.0 5.0 305.0 63.0
188 3.0 2.0 4.0 379.0 33.0
189 94.0 31.0 12.0 329.0 62.0
190 75.0 100.0 8.0 312.0 30.0
191 63.0 29.0 11.0 384.0 73.0
192 47.0 28.0 10.0 95.0 52.0
193 45.0 23.0 12.0 208.0 19.0
194 84.0 18.0 7.0 169.0 15.0
195 82.0 53.0 7.0 148.0 70.0
196 50.0 82.0 17.0 273.0 16.0
197 69.0 1.0 19.0 138.0 98.0
198 36.0 14.0 13.0 377.0 65.0
199 1.0 47.0 19.0 105.0 61.0
200 37.0 31.0 6.0 202.0 19.0
201 24.0 77.0 8.0 157.0 17.0
202 67.0 68.0 16.0 268.0 46.0
203 68.0 34.0 11.0 242.0 37.0
204 82.0 37.0 13.0 171.0 76.0
205 87.0 96.0 7.0 138.0 97.0
206 11.0 5.0 13.0 45.0 25.0
207 16.0 14.0 5.0 48.0 62.0
208 82.0 10.0 5.0 52.0 30.0
209 43.0 26.0 15.0 62.0 46.0
210 18.0 8.0 17.0 84.0 53.0
211 69.0 64.0 18.0 388.0 38.0
212 93.0 0.0 18.0 161.0 74.0
213 68.0 46.0 9.0 231.0 71.0
214 19.0 96.0 9.0 176.0 26.0
215 12.0 32.0 4.0 150.0 81.0
216 50.0 6.0 8.0 37.0 66.0
217 36.0 64.0 4.0 362.0 83.0
218 48.0 4.0 7.0 261.0 91.0
219 92.0 45.0 9.0 36.0 87.0
220 39.0 72.0 15.0 139.0 47.0
221 79.0 57.0 4.0 174.0 25.0
222 78.0 2.0 13.0 19.0 18.0
223 97.0 31.0 14.0 42.0 33.0
224 20.0 27.0 5.0 196.0 59.0
225 2.0 88.0 11.0 216.0 35.0
226 78.0 66.0 18.0 327.0 22.0
227 57.0 27.0 5.0 321.0 88.0
228 68.0 42.0 19.0 37.0 39.0
229 65.0 79.0 14.0 260.0 79.0
230 34.0 95.0 12.0 197.0 89.0
231 43.0 50.0 4.0 192.0 61.0
232 40.0 39.0 14.0 58.0 51.0
233 27.0 23.0 14.0 160.0 61.0
234 34.0 51.0 14.0 92.0 64.0
235 31.0 89.0 15.0 233.0 31.0
236 65.0 35.0 18.0 93.0 20.0
237 78.0 79.0 4.0 174.0 33.0
238 68.0 8.0 14.0 82.0 98.0
239 46.0 51.0 12.0 260.0 82.0
240 13.0 66.0 18.0 271.0 80.0
241 50.0 79.0 4.0 373.0 82.0
242 28.0 14.0 6.0 141.0 76.0
243 35.0 7.0 18.0 127.0 57.0
244 98.0 17.0 9.0 378.0 74.0
245 63.0 59.0 7.0 28.0 67.0
246 26.0 67.0 8.0 113.0 88.0
247 71.0 20.0 12.0 287.0 58.0
248 97.0 42.0 6.0 276.0 54.0
249 85.0 10.0 16.0 345.0 20.0
250 90.0 4.0 4.0 17.0 88.0
251 41.0 80.0 6.0 346.0 98.0
252 83.0 41.0 12.0 220.0 51.0
253 78.0 34.0 12.0 81.0 83.0
254 70.0 24.0 6.0 104.0 81.0
255 96.0 35.0 6.0 254.0 86.0
256 35.0 48.0 15.0 171.0 27.0
257 8.0 50.0 4.0 240.0 69.0
258 33.0 67.0 12.0 316.0 68.0
259 83.0 38.0 8.0 356.0 59.0
260 29.0 33.0 5.0 38.0 36.0
261 31.0 99.0 18.0 181.0 52.0
262 5.0 48.0 18.0 140.0 92.0
263 100.0 69.0 7.0 107.0 65.0
264 69.0 9.0 13.0 178.0 59.0
265 22.0 75.0 10.0 272.0 62.0
266 96.0 95.0 10.0 40.0 92.0
267 10.0 37.0 6.0 372.0 76.0
268 35.0 84.0 5.0 219.0 67.0
269 6.0 100.0 17.0 103.0 80.0
270 87.0 11.0 11.0 56.0 42.0
271 84.0 74.0 11.0 358.0 89.0
272 49.0 84.0 18.0 157.0 92.0
273 72.0 23.0 19.0 181.0 73.0
274 62.0 10.0 8.0 133.0 70.0
275 49.0 82.0 10.0 344.0 79.0
276 6.0 80.0 7.0 79.0 56.0
277 53.0 80.0 15.0 93.0 20.0
278 21.0 40.0 17.0 152.0 78.0
279 83.0 20.0 11.0 282.0 91.0
280 47.0 14.0 4.0 288.0 43.0
281 87.0 78.0 10.0 40.0 47.0
282 38.0 46.0 16.0 41.0 82.0
283 38.0 63.0 6.0 237.0 29.0
284 84.0 83.0 7.0 142.0 27.0
285 96.0 1.0 9.0 54.0 55.0
286 8.0 98.0 12.0 385.0 96.0
287 27.0 89.0 17.0 214.0 50.0
288 96.0 98.0 10.0 222.0 98.0
289 7.0 23.0 9.0 59.0 93.0
290 41.0 52.0 14.0 260.0 36.0
291 92.0 95.0 13.0 100.0 40.0
292 10.0 4.0 11.0 207.0 59.0
293 61.0 22.0 6.0 282.0 27.0
294 37.0 61.0 12.0 47.0 19.0
295 53.0 32.0 16.0 272.0 51.0
296 11.0 13.0 6.0 288.0 39.0
297 93.0 77.0 13.0 39.0 65.0
298 13.0 51.0 12.0 272.0 40.0
299 40.0 46.0 8.0 209.0 86.0
300 39.0 14.0 15.0 132.0 62.0
301 94.0 81.0 9.0 265.0 54.0
302 18.0 98.0 8.0 93.0 60.0
303 92.0 26.0 15.0 158.0 60.0
304 62.0 1.0 11.0 18.0 81.0
305 83.0 55.0 16.0 155.0 39.0
306 30.0 21.0 5.0 327.0 53.0
307 8.0 37.0 10.0 124.0 36.0
308 17.0 4.0 16.0 346.0 22.0
309 24.0 14.0 18.0 75.0 62.0
310 85.0 84.0 16.0 365.0 77.0
311 4.0 23.0 4.0 234.0 89.0
312 0.0 100.0 6.0 173.0 92.0
313 58.0 88.0 4.0 242.0 85.0
314 80.0 79.0 16.0 50.0 79.0
315 38.0 84.0 18.0 377.0 65.0
316 85.0 32.0 16.0 365.0 99.0
317 72.0 39.0 14.0 204.0 67.0
318 20.0 81.0 13.0 107.0 70.0
319 56.0 41.0 7.0 133.0 88.0
320 35.0 67.0 15.0 86.0 39.0
321 62.0 24.0 7.0 181.0 50.0
322 6.0 63.0 8.0 356.0 40.0
323 21.0 37.0 12.0 138.0 33.0
324 55.0 31.0 15.0 287.0 23.0
325 44.0 98.0 11.0 307.0 28.0
326 4.0 33.0 11.0 295.0 80.0
327 56.0 59.0 12.0 15.0 17.0
328 67.0 3.0 5.0 62.0 82.0
329 34.0 86.0 16.0 165.0 30.0
330 66.0 42.0 6.0 378.0 78.0
331 74.0 54.0 8.0 365.0 83.0
332 4.0 100.0 15.0 301.0 83.0
333 65.0 20.0 18.0 99.0 82.0
334 52.0 72.0 12.0 89.0 98.0
335 64.0 79.0 9.0 238.0 19.0
336 94.0 78.0 8.0 88.0 73.0
337 0.0 76.0 19.0 249.0 57.0
338 66.0 19.0 13.0 121.0 24.0
339 8.0 73.0 9.0 99.0 69.0
340 96.0 19.0 6.0 226.0 89.0
341 62.0 63.0 9.0 33.0 69.0
342 56.0 24.0 11.0 369.0 54.0
343 25.0 75.0 17.0 22.0 59.0
344 62.0 42.0 5.0 268.0 94.0
345 33.0 31.0 18.0 231.0 32.0
346 0.0 79.0 18.0 214.0 84.0
347 12.0 91.0 16.0 142.0 95.0
348 50.0 1.0 12.0 277.0 43.0
349 21.0 33.0 9.0 16.0 88.0
350 96.0 57.0 9.0 74.0 80.0
351 56.0 62.0 13.0 16.0 41.0
352 97.0 55.0 18.0 315.0 92.0
353 83.0 10.0 14.0 51.0 27.0
354 23.0 7.0 15.0 135.0 45.0
355 34.0 3.0 5.0 65.0 85.0
356 80.0 34.0 17.0 184.0 24.0
357 47.0 6.0 14.0 388.0 26.0
358 0.0 27.0 16.0 15.0 99.0
359 36.0 42.0 10.0 253.0 65.0
360 98.0 90.0 18.0 302.0 41.0
361 98.0 82.0 13.0 396.0 80.0
362 98.0 67.0 16.0 198.0 93.0
363 61.0 79.0 17.0 210.0 16.0
364 88.0 72.0 5.0 198.0 34.0
365 11.0 9.0 5.0 344.0 24.0
366 16.0 84.0 17.0 139.0 43.0
367 97.0 65.0 16.0 65.0 41.0
368 41.0 25.0 18.0 178.0 67.0
369 63.0 76.0 13.0 184.0 31.0
370 65.0 2.0 9.0 333.0 30.0
371 94.0 54.0 6.0 244.0 37.0
372 62.0 20.0 13.0 177.0 99.0
373 90.0 83.0 9.0 337.0 93.0
374 22.0 76.0 13.0 183.0 27.0
375 35.0 25.0 5.0 338.0 85.0
376 34.0 18.0 9.0 109.0 53.0
377 64.0 18.0 15.0 327.0 48.0
378 88.0 74.0 16.0 240.0 17.0
379 100.0 75.0 5.0 39.0 56.0
380 10.0 46.0 7.0 301.0 81.0
381 19.0 82.0 7.0 71.0 95.0
382 5.0 9.0 8.0 269.0 77.0
383 33.0 86.0 10.0 263.0 73.0
384 82.0 78.0 4.0 273.0 92.0
385 41.0 88.0 7.0 42.0 26.0
386 28.0 57.0 15.0 280.0 25.0
387 15.0 36.0 19.0 218.0 85.0
388 14.0 56.0 7.0 69.0 52.0
389 87.0 88.0 5.0 335.0 85.0
390 64.0 70.0 15.0 172.0 16.0
391 20.0 34.0 5.0 102.0 89.0
392 20.0 69.0 17.0 374.0 61.0
393 86.0 86.0 14.0 108.0 40.0
394 30.0 96.0 13.0 181.0 22.0
395 84.0 94.0 19.0 184.0 87.0
396 7.0 58.0 13.0 173.0 32.0
397 1.0 1.0 17.0 44.0 24.0
398 18.0 35.0 10.0 259.0 59.0
399 83.0 22.0 6.0 309.0 22.0
400 53.0 85.0 17.0 211.0 88.0
401 77.0 85.0 18.0 224.0 90.0
402 91.0 1.0 13.0 252.0 89.0
403 81.0 11.0 10.0 113.0 16.0
404 29.0 10.0 5.0 270.0 85.0
405 52.0 18.0 7.0 170.0 54.0
406 31.0 38.0 12.0 376.0 43.0
407 16.0 70.0 10.0 159.0 71.0
408 43.0 52.0 15.0 187.0 29.0
409 89.0 87.0 15.0 206.0 97.0
410 19.0 20.0 14.0 245.0 25.0
411 57.0 38.0 14.0 112.0 59.0
412 69.0 70.0 6.0 207.0 71.0
413 92.0 47.0 9.0 329.0 50.0
414 21.0 91.0 16.0 191.0 76.0
415 78.0 10.0 6.0 365.0 44.0
416 1.0 15.0 8.0 151.0 54.0
417 24.0 2.0 10.0 320.0 68.0
418 89.0 78.0 19.0 156.0 61.0
419 41.0 96.0 12.0 326.0 64.0
420 14.0 4.0 12.0 324.0 43.0
421 62.0 35.0 10.0 369.0 81.0
422 75.0 1.0 11.0 26.0 22.0
423 48.0 79.0 7.0 190.0 55.0
424 21.0 94.0 8.0 149.0 66.0
425 44.0 26.0 7.0 39.0 63.0
426 99.0 44.0 18.0 260.0 51.0
427 0.0 91.0 14.0 29.0 79.0
428 85.0 4.0 16.0 348.0 68.0
429 74.0 71.0 12.0 111.0 89.0
430 7.0 3.0 15.0 57.0 28.0
431 44.0 56.0 14.0 203.0 78.0
432 49.0 83.0 18.0 340.0 46.0
433 7.0 9.0 10.0 77.0 32.0
434 86.0 98.0 8.0 130.0 84.0
435 41.0 10.0 6.0 205.0 60.0
436 22.0 5.0 19.0 363.0 97.0
437 45.0 33.0 14.0 70.0 59.0
438 15.0 19.0 8.0 170.0 20.0
439 96.0 43.0 17.0 363.0 73.0
440 71.0 2.0 10.0 71.0 91.0
441 69.0 85.0 6.0 89.0 75.0
442 73.0 79.0 19.0 40.0 15.0
443 24.0 90.0 15.0 169.0 34.0
444 6.0 73.0 11.0 201.0 77.0
445 68.0 65.0 19.0 150.0 94.0
446 33.0 41.0 16.0 398.0 82.0
447 29.0 24.0 4.0 157.0 87.0
448 2.0 38.0 6.0 223.0 20.0
449 94.0 11.0 16.0 48.0 47.0
450 36.0 57.0 8.0 121.0 51.0
451 82.0 98.0 4.0 217.0 46.0
452 61.0 58.0 18.0 244.0 43.0
453 61.0 56.0 10.0 302.0 37.0
454 0.0 26.0 17.0 227.0 69.0
455 98.0 91.0 13.0 257.0 92.0
456 35.0 100.0 8.0 136.0 33.0
457 71.0 34.0 8.0 107.0 38.0
458 10.0 48.0 6.0 374.0 23.0
459 90.0 87.0 19.0 139.0 81.0
460 17.0 79.0 8.0 232.0 19.0
461 90.0 89.0 6.0 51.0 90.0
462 65.0 72.0 8.0 137.0 27.0
463 0.0 68.0 7.0 341.0 53.0
464 27.0 64.0 16.0 375.0 95.0
465 81.0 62.0 9.0 178.0 80.0
466 54.0 4.0 19.0 292.0 73.0
467 89.0 28.0 17.0 23.0 64.0
468 46.0 14.0 7.0 369.0 57.0
469 0.0 40.0 13.0 325.0 93.0
470 40.0 73.0 7.0 57.0 57.0
471 0.0 65.0 18.0 18.0 30.0
472 52.0 10.0 11.0 130.0 34.0
473 57.0 63.0 6.0 35.0 29.0
474 18.0 18.0 9.0 386.0 58.0
475 40.0 19.0 8.0 56.0 55.0
476 0.0 43.0 11.0 336.0 96.0
477 95.0 48.0 5.0 297.0 35.0
478 10.0 77.0 9.0 399.0 70.0
479 45.0 13.0 7.0 58.0 45.0
480 21.0 19.0 6.0 62.0 77.0
481 52.0 35.0 10.0 121.0 27.0
482 56.0 84.0 8.0 101.0 85.0
483 10.0 73.0 18.0 388.0 58.0
484 3.0 1.0 14.0 118.0 23.0
485 82.0 58.0 18.0 261.0 57.0
486 98.0 22.0 12.0 106.0 59.0
487 83.0 91.0 4.0 245.0 77.0
488 87.0 34.0 5.0 52.0 80.0
489 27.0 80.0 8.0 337.0 69.0
490 55.0 36.0 9.0 19.0 46.0
491 27.0 12.0 14.0 205.0 54.0
492 100.0 95.0 18.0 179.0 41.0
493 86.0 79.0 10.0 204.0 72.0
494 79.0 26.0 5.0 48.0 22.0
495 28.0 70.0 13.0 261.0 32.0
496 91.0 48.0 9.0 150.0 16.0
497 46.0 56.0 14.0 32.0 56.0
498 31.0 12.0 19.0 363.0 50.0
499 68.0 18.0 5.0 359.0 26.0
500 89.0 58.0 12.0 179.0 54.0
501 26.0 27.0 5.0 151.0 57.0
502 76.0 71.0 9.0 398.0 27.0
503 81.0 10.0 12.0 25.0 71.0
504 38.0 30.0 17.0 293.0 75.0
505 56.0 2.0 8.0 179.0 32.0
506 10.0 7.0 14.0 16.0 24.0
507 50.0 15.0 12.0 225.0 22.0
508 73.0 100.0 4.0 295.0 23.0
509 57.0 33.0 18.0 144.0 62.0
510 52.0 61.0 19.0 321.0 35.0
511 55.0 48.0 17.0 395.0 59.0
512 62.0 29.0 11.0 296.0 67.0
513 97.0 97.0 19.0 383.0 76.0
514 74.0 46.0 11.0 197.0 45.0
515 50.0 85.0 17.0 369.0 68.0
516 57.0 26.0 7.0 259.0 96.0
517 43.0 38.0 8.0 118.0 60.0
518 37.0 9.0 17.0 195.0 22.0
519 4.0 64.0 9.0 238.0 18.0
520 73.0 44.0 8.0 269.0 41.0
521 12.0 48.0 5.0 167.0 96.0
522 57.0 100.0 14.0 133.0 57.0
523 47.0 79.0 11.0 188.0 48.0
524 35.0 61.0 11.0 398.0 23.0
525 38.0 42.0 16.0 193.0 48.0
526 54.0 29.0 17.0 37.0 32.0
527 52.0 48.0 7.0 91.0 88.0
528 85.0 65.0 11.0 121.0 76.0
529 100.0 80.0 14.0 105.0 35.0
530 26.0 44.0 14.0 141.0 39.0
531 83.0 16.0 5.0 55.0 17.0
532 71.0 62.0 16.0 99.0 41.0
533 21.0 90.0 7.0 148.0 52.0
534 63.0 24.0 14.0 211.0 31.0
535 0.0 67.0 14.0 40.0 75.0
536 21.0 98.0 11.0 269.0 66.0
537 41.0 4.0 14.0 81.0 74.0
538 21.0 20.0 6.0 53.0 96.0
539 39.0 49.0 16.0 60.0 68.0
540 23.0 2.0 7.0 172.0 69.0
541 29.0 40.0 18.0 167.0 97.0
542 62.0 5.0 17.0 394.0 66.0
543 70.0 40.0 8.0 44.0 56.0
544 55.0 89.0 9.0 167.0 61.0
545 66.0 83.0 5.0 166.0 65.0
546 85.0 83.0 10.0 182.0 80.0
547 78.0 64.0 13.0 151.0 27.0
548 99.0 80.0 13.0 351.0 98.0
549 61.0 12.0 11.0 119.0 51.0
550 2.0 72.0 16.0 305.0 68.0
551 35.0 33.0 12.0 77.0 69.0
552 66.0 3.0 9.0 255.0 32.0
553 83.0 94.0 17.0 270.0 98.0
554 37.0 15.0 12.0 32.0 19.0
555 54.0 18.0 12.0 53.0 15.0
556 59.0 27.0 14.0 304.0 47.0
557 94.0 64.0 10.0 150.0 54.0
558 60.0 24.0 8.0 289.0 69.0
559 35.0 1.0 18.0 392.0 75.0
560 0.0 71.0 4.0 241.0 18.0
561 9.0 45.0 15.0 240.0 17.0
562 84.0 23.0 4.0 391.0 44.0
563 33.0 65.0 13.0 152.0 38.0
564 43.0 80.0 7.0 46.0 54.0
565 48.0 44.0 7.0 79.0 29.0
566 20.0 73.0 13.0 323.0 93.0
567 61.0 80.0 5.0 226.0 50.0
568 62.0 99.0 14.0 45.0 17.0
569 50.0 65.0 15.0 211.0 74.0
570 92.0 59.0 17.0 79.0 43.0
571 4.0 51.0 18.0 264.0 81.0
572 65.0 85.0 15.0 276.0 60.0
573 99.0 91.0 6.0 323.0 92.0
574 14.0 73.0 13.0 111.0 18.0
575 31.0 25.0 6.0 365.0 80.0
576 52.0 28.0 10.0 300.0 21.0
577 83.0 51.0 8.0 354.0 43.0
578 19.0 56.0 18.0 362.0 38.0
579 14.0 6.0 7.0 48.0 68.0
580 51.0 90.0 12.0 91.0 51.0
581 5.0 44.0 4.0 140.0 87.0
582 66.0 93.0 17.0 229.0 80.0
583 2.0 68.0 15.0 209.0 66.0
584 78.0 76.0 5.0 351.0 26.0
585 25.0 40.0 13.0 211.0 34.0
586 69.0 97.0 12.0 65.0 36.0
587 93.0 4.0 10.0 171.0 96.0
588 79.0 76.0 4.0 134.0 28.0
589 27.0 99.0 11.0 162.0 72.0
590 81.0 31.0 6.0 322.0 99.0
591 64.0 45.0 8.0 56.0 76.0
592 77.0 60.0 19.0 231.0 67.0
593 67.0 23.0 15.0 42.0 92.0
594 1.0 32.0 9.0 327.0 57.0
595 24.0 51.0 8.0 84.0 67.0
596 94.0 68.0 17.0 178.0 38.0
597 30.0 65.0 12.0 118.0 94.0
598 29.0 20.0 6.0 128.0 34.0
599 47.0 27.0 18.0 287.0 40.0
600 69.0 67.0 14.0 371.0 86.0
601 77.0 73.0 16.0 268.0 76.0
602 7.0 22.0 7.0 93.0 92.0
603 71.0 77.0 5.0 242.0 64.0
604 40.0 47.0 11.0 197.0 27.0
605 50.0 66.0 11.0 154.0 38.0
606 67.0 32.0 11.0 334.0 27.0
607 73.0 40.0 6.0 363.0 15.0
608 75.0 48.0 9.0 285.0 87.0
609 84.0 75.0 4.0 106.0 37.0
610 67.0 27.0 11.0 165.0 56.0
611 48.0 12.0 18.0 85.0 96.0
612 63.0 41.0 17.0 215.0 44.0
613 31.0 70.0 18.0 224.0 42.0
614 100.0 0.0 14.0 273.0 44.0
615 89.0 34.0 8.0 52.0 66.0
616 32.0 71.0 8.0 67.0 30.0
617 49.0 49.0 8.0 340.0 19.0
618 16.0 88.0 5.0 114.0 32.0
619 68.0 47.0 19.0 124.0 95.0
620 26.0 35.0 15.0 188.0 48.0
621 40.0 15.0 18.0 335.0 54.0
622 11.0 29.0 7.0 343.0 26.0
623 70.0 0.0 4.0 309.0 60.0
624 6.0 79.0 15.0 340.0 92.0
625 1.0 65.0 14.0 100.0 26.0
626 21.0 74.0 10.0 149.0 16.0
627 99.0 42.0 17.0 195.0 19.0
628 2.0 100.0 12.0 284.0 97.0
629 9.0 72.0 14.0 84.0 82.0
630 4.0 21.0 7.0 340.0 49.0
631 20.0 50.0 8.0 288.0 36.0
632 52.0 45.0 12.0 128.0 18.0
633 83.0 44.0 16.0 256.0 63.0
634 47.0 40.0 9.0 232.0 17.0
635 87.0 83.0 11.0 289.0 63.0
636 23.0 77.0 13.0 85.0 22.0
637 7.0 7.0 12.0 84.0 33.0
638 2.0 17.0 8.0 74.0 60.0
639 85.0 41.0 5.0 160.0 83.0
640 50.0 39.0 6.0 272.0 15.0
641 65.0 80.0 14.0 378.0 42.0
642 32.0 63.0 9.0 139.0 91.0
643 63.0 88.0 17.0 272.0 39.0
644 40.0 87.0 4.0 322.0 41.0
645 99.0 56.0 11.0 319.0 98.0
646 76.0 91.0 19.0 361.0 75.0
647 16.0 23.0 12.0 150.0 41.0
648 44.0 11.0 6.0 253.0 34.0
649 49.0 22.0 13.0 254.0 69.0
650 4.0 73.0 11.0 156.0 62.0
651 17.0 38.0 12.0 160.0 64.0
652 4.0 34.0 18.0 132.0 48.0
653 46.0 4.0 12.0 100.0 64.0
654 73.0 6.0 11.0 52.0 92.0
655 54.0 95.0 19.0 72.0 65.0
656 4.0 3.0 5.0 334.0 61.0
657 81.0 2.0 5.0 372.0 15.0
658 52.0 50.0 12.0 371.0 66.0
659 66.0 10.0 17.0 46.0 69.0
660 36.0 83.0 5.0 149.0 38.0
661 10.0 20.0 4.0 252.0 88.0
662 10.0 1.0 12.0 204.0 16.0
663 43.0 15.0 8.0 270.0 21.0
664 82.0 21.0 6.0 168.0 43.0
665 53.0 51.0 4.0 340.0 89.0
666 38.0 7.0 5.0 52.0 87.0
667 88.0 92.0 17.0 357.0 24.0
668 29.0 74.0 12.0 166.0 50.0
669 28.0 44.0 16.0 34.0 71.0
670 37.0 73.0 17.0 19.0 89.0
671 13.0 90.0 10.0 219.0 92.0
672 33.0 52.0 14.0 74.0 88.0
673 32.0 38.0 18.0 386.0 97.0
674 46.0 40.0 15.0 256.0 76.0
675 84.0 52.0 9.0 284.0 30.0
676 33.0 1.0 8.0 324.0 16.0
677 64.0 34.0 13.0 65.0 70.0
678 32.0 36.0 6.0 99.0 19.0
679 85.0 77.0 16.0 362.0 26.0
680 69.0 98.0 17.0 67.0 80.0
681 100.0 77.0 9.0 304.0 68.0
682 89.0 84.0 19.0 48.0 85.0
683 18.0 51.0 7.0 299.0 76.0
684 92.0 30.0 15.0 193.0 35.0
685 44.0 68.0 7.0 395.0 72.0
686 80.0 10.0 7.0 255.0 93.0
687 32.0 8.0 6.0 346.0 35.0
688 2.0 13.0 17.0 20.0 62.0
689 20.0 9.0 11.0 35.0 88.0
690 44.0 59.0 17.0 302.0 99.0
691 70.0 46.0 17.0 79.0 98.0
692 97.0 69.0 16.0 103.0 39.0
693 42.0 57.0 4.0 292.0 94.0
694 70.0 10.0 14.0 332.0 75.0
695 14.0 65.0 11.0 83.0 76.0
696 54.0 94.0 10.0 19.0 95.0
697 41.0 76.0 8.0 312.0 48.0
698 62.0 46.0 14.0 164.0 40.0
699 65.0 59.0 10.0 345.0 23.0
2063
0 627
0 614
0 486
0 285
0 587
0 87
0 449
0 2
0 244
1 3
1 504
1 375
1 437
1 368
1 209
2 449
2 244
3 674
3 634
3 504
3 517
3 232
3 437
3 200
4 66
4 651
4 267
4 458
4 380
4 561
4 521
5 94
5 661
5 358
5 326
5 53
5 622
5 311
5 289
6 477
6 123
6 159
6 439
6 426
6 219
7 318
7 172
7 636
7 460
7 374
8 182
8 162
8 577
8 608
8 633
9 185
9 388
9 578
9 683
9 298
10 497
10 510
10 685
10 112
10 137
10 131
10 118
10 690
11 494
11 99
11 253
11 92
11 590
11 356
12 658
12 665
12 527
12 453
12 511
13 378
13 418
13 301
13 336
13 364
13 21
13 297
14 57
14 18
14 698
14 453
14 178
14 331
14 619
14 591
15 620
15 585
15 349
15 391
15 323
15 278
16 188
16 484
16 656
16 37
16 430
17 130
17 162
17 639
17 615
17 219
17 439
17 255
17 115
17 248
18 57
18 331
18 157
18 119
18 178
19 652
19 594
19 448
19 581
19 307
19 139
20 520
20 514
20 633
20 170
20 607
20 608
21 149
21 692
21 336
21 596
21 364
21 297
22 422
22 654
22 328
22 197
22 238
22 440
22 264
23 541
23 669
23 166
23 446
23 406
24 407
24 574
24 566
24 392
24 460
25 225
25 88
25 160
25 161
25 276
26 172
26 489
26 150
26 56
26 443
27 369
27 29
27 363
27 83
27 334
27 335
28 537
28 653
28 81
28 435
28 357
28 666
29 473
29 103
29 369
29 462
29 390
29 341
29 167
29 334
30 394
30 589
30 261
31 123
31 371
31 115
31 675
31 413
31 500
31 496
32 74
32 545
32 572
32 441
32 100
33 181
33 372
33 549
33 91
33 377
33 555
34 633
34 130
34 252
34 639
35 247
35 133
35 531
35 270
35 403
35 249
35 664
35 353
36 199
36 141
36 571
36 262
37 430
37 662
37 177
37 484
38 401
38 442
38 237
38 584
39 691
39 520
39 213
39 543
39 228
39 58
40 109
40 597
40 495
40 613
40 258
40 563
40 642
41 142
41 191
41 610
41 606
41 457
42 290
42 539
42 672
42 450
42 256
42 234
42 693
43 94
43 647
43 398
43 391
43 349
43 224
44 158
44 151
44 296
44 146
44 433
44 688
44 416
44 79
44 638
44 382
45 537
45 666
45 177
45 559
45 355
45 243
46 667
46 187
46 389
46 393
47 366
47 160
47 381
47 161
47 460
48 697
48 670
48 152
48 85
48 121
49 129
49 689
49 309
49 176
49 480
50 227
50 324
50 509
50 86
50 142
50 512
50 556
51 467
51 562
51 63
51 494
51 92
51 590
51 316
52 486
52 627
52 223
52 255
52 248
53 139
53 326
53 215
53 622
54 676
54 355
54 243
54 687
54 417
55 672
55 386
55 60
55 578
55 116
55 595
56 533
56 179
56 172
56 318
56 443
56 381
56 366
56 77
56 618
57 178
58 317
58 543
58 607
58 520
59 60
59 464
59 246
59 392
59 578
59 695
59 90
60 578
60 116
60 464
61 149
61 379
61 692
61 263
61 174
62 612
62 344
62 330
62 236
62 421
62 411
62 543
63 273
63 494
63 247
63 399
63 562
63 664
64 501
64 233
64 224
64 538
64 480
64 598
65 125
65 385
65 580
65 515
65 272
66 278
66 651
66 530
66 132
66 595
66 631
66 683
66 521
67 296
67 365
67 207
67 210
67 579
67 171
68 575
68 183
68 447
69 325
69 419
69 456
69 522
70 404
70 498
70 518
70 243
70 198
70 687
71 350
71 557
71 362
71 263
71 168
71 367
72 373
72 418
72 281
72 493
72 546
72 635
72 682
73 528
73 76
73 271
73 84
73 364
73 378
74 401
74 180
74 442
74 603
74 175
74 545
74 441
74 641
75 337
75 346
75 138
75 78
75 225
75 650
75 276
75 624
76 528
76 108
76 588
76 601
76 271
76 502
77 134
77 88
77 618
77 366
78 550
78 138
78 96
78 650
79 146
79 602
79 630
79 661
79 638
80 508
80 190
80 680
80 646
80 163
80 586
81 648
81 435
81 357
81 611
82 576
82 295
82 437
82 649
82 599
82 192
83 482
83 567
83 277
83 363
83 334
84 596
84 364
84 557
84 570
84 528
84 144
84 500
85 251
85 315
85 660
85 152
85 121
86 509
86 421
86 142
86 677
87 486
87 340
87 244
88 225
88 347
88 671
88 134
88 160
88 366
89 211
89 532
89 119
89 157
90 407
90 240
90 695
90 392
91 549
91 472
91 145
91 274
91 555
92 494
92 590
93 603
93 442
93 429
93 601
93 412
93 584
94 647
94 661
94 398
94 215
94 622
95 215
95 139
95 267
95 307
95 387
96 583
96 560
96 550
96 444
96 629
96 126
96 650
97 212
97 402
97 285
97 587
97 250
98 467
98 615
98 316
98 488
98 639
99 273
99 254
99 494
99 253
99 457
99 607
99 317
100 572
100 106
100 441
100 180
100 163
101 493
101 679
101 384
101 609
101 588
102 582
102 643
102 522
102 568
102 655
102 696
102 313
103 473
103 351
103 167
103 136
103 118
104 256
104 359
104 234
104 672
104 132
104 669
104 446
104 166
105 230
105 148
105 385
105 644
105 329
106 582
106 643
106 163
106 572
107 340
107 303
107 562
107 194
107 279
107 155
108 528
108 226
108 502
109 642
109 464
109 597
109 246
109 495
110 436
110 689
110 308
110 210
110 579
111 213
111 591
111 612
111 330
111 228
112 294
112 283
112 685
112 693
112 690
113 350
113 371
113 570
113 500
114 615
114 255
114 684
114 189
115 675
115 182
115 162
115 413
115 219
115 496
116 386
116 464
117 454
117 416
117 158
117 151
117 382
117 656
117 188
117 397
118 569
118 136
118 131
118 351
118 510
119 157
119 331
119 532
119 592
120 400
120 277
120 241
120 196
121 660
121 128
121 670
121 668
122 566
122 392
122 495
122 343
122 246
122 265
122 626
123 477
123 371
123 219
123 413
124 373
124 459
124 361
124 301
124 461
124 455
124 360
125 385
125 135
125 564
125 432
125 272
125 644
126 519
126 583
126 629
126 322
126 240
126 407
126 574
126 483
127 506
127 292
127 430
127 656
127 637
128 150
128 489
128 383
128 668
128 268
128 660
129 689
129 207
129 474
129 480
129 410
130 633
130 162
130 639
131 569
131 605
131 685
132 669
132 530
132 672
132 595
133 654
133 694
133 247
133 403
133 415
134 671
134 618
134 154
135 523
135 564
135 423
135 275
135 432
136 569
136 605
136 167
136 334
137 497
137 431
137 690
138 337
138 560
138 550
139 652
139 307
139 326
139 215
140 408
140 290
140 431
140 693
141 199
141 476
141 571
141 396
141 625
141 471
141 519
142 191
142 677
142 606
142 512
143 530
143 669
143 585
143 541
144 465
144 528
144 675
144 305
144 500
144 485
145 505
145 466
145 542
145 472
145 274
146 296
146 661
146 184
146 171
147 523
147 564
147 685
147 470
147 334
147 697
148 419
148 325
148 230
148 385
148 580
149 379
149 692
149 681
149 336
150 489
150 383
150 235
150 156
150 287
150 443
151 158
151 382
152 697
152 251
153 698
153 344
153 319
153 632
153 511
154 671
154 618
154 179
154 214
154 347
155 664
155 279
155 399
155 562
156 287
156 443
156 394
156 230
156 235
157 211
157 445
157 341
157 699
157 178
158 416
158 688
159 426
159 627
159 439
159 248
160 161
160 366
161 276
161 460
161 478
161 169
161 624
162 182
162 633
163 646
163 180
163 586
163 582
164 449
164 270
164 250
164 428
164 249
164 353
165 223
165 486
165 684
165 303
165 340
165 189
166 446
166 669
167 334
168 350
168 645
168 263
169 478
169 339
169 444
169 483
169 650
169 624
170 633
170 252
170 204
170 253
170 259
170 607
171 438
171 184
171 207
171 296
172 489
172 318
172 201
172 636
173 576
173 342
173 526
173 227
173 516
174 263
174 692
174 362
175 369
175 462
175 603
175 412
175 641
175 229
176 309
176 242
176 480
176 598
177 623
177 348
177 653
177 537
177 484
177 397
177 559
177 676
177 662
178 699
178 453
178 245
179 424
179 414
179 214
179 533
179 618
180 646
180 401
180 441
181 372
181 293
181 555
181 342
181 558
182 577
182 675
183 345
183 575
183 260
183 501
183 447
184 661
184 438
185 396
185 388
185 257
185 186
185 298
186 257
186 458
186 521
186 298
187 401
187 487
187 667
187 393
187 395
187 284
187 310
188 656
188 397
188 484
189 684
189 223
189 255
190 508
190 646
190 434
190 288
190 451
191 610
191 534
191 512
191 321
192 599
192 437
192 425
193 649
193 599
193 468
193 663
193 425
193 475
193 368
193 209
194 279
194 531
194 270
194 340
195 608
195 331
195 577
195 221
195 305
195 675
196 400
196 515
196 432
196 275
196 241
196 272
197 370
197 623
197 328
197 440
198 518
198 300
198 498
198 376
198 554
199 476
199 581
199 262
200 375
200 504
200 345
200 232
200 551
201 489
201 343
201 636
201 374
202 600
202 445
202 390
202 462
202 341
202 412
203 606
203 236
203 543
203 457
204 253
204 259
204 488
204 356
204 316
205 291
205 434
205 667
205 395
206 506
206 292
206 420
206 579
207 474
207 689
207 210
207 438
208 353
208 428
208 403
208 503
209 368
209 425
209 437
210 689
210 579
211 600
211 532
211 445
212 422
212 623
212 402
212 657
212 285
212 614
213 591
213 619
213 691
213 228
214 302
214 536
214 424
214 347
215 398
215 387
215 622
216 466
216 348
216 218
216 472
216 357
216 611
217 642
217 524
217 320
217 283
217 294
217 563
218 653
218 348
218 357
219 439
219 413
220 685
220 470
220 320
220 670
221 331
221 592
221 305
221 465
221 485
222 422
222 657
222 654
222 686
222 415
223 486
223 255
224 349
224 647
224 501
224 538
224 410
225 427
225 346
225 286
225 347
225 276
226 600
226 532
226 547
226 429
226 528
226 465
226 502
227 324
227 526
227 516
227 556
228 543
228 330
229 641
229 335
229 369
230 419
230 456
230 261
230 394
230 235
230 329
231 604
231 539
231 290
231 617
231 565
231 239
231 299
231 408
232 299
232 674
232 525
232 359
232 517
232 673
232 551
233 501
233 306
233 598
233 447
234 672
234 256
235 383
235 329
236 606
236 677
236 421
236 543
237 314
237 401
237 588
237 584
238 552
238 542
238 659
238 264
238 328
239 617
239 408
239 497
239 658
240 695
240 322
240 407
241 277
241 334
241 423
241 275
242 498
242 376
242 309
242 491
242 598
243 666
243 355
243 518
243 687
244 449
244 340
245 452
245 453
245 699
245 341
246 464
246 392
246 495
247 593
247 499
247 254
247 694
247 273
247 664
248 627
248 439
248 255
249 270
249 353
250 428
250 402
250 449
250 587
251 697
251 564
251 315
251 644
252 633
252 259
252 639
253 356
253 607
254 593
254 610
254 273
254 457
255 615
256 539
256 282
256 359
257 396
257 571
257 262
257 458
258 616
258 320
258 613
258 563
259 488
259 639
260 501
260 620
260 345
260 406
260 678
261 456
261 394
261 589
262 581
262 571
262 458
262 561
263 627
263 614
263 426
263 645
263 362
264 654
264 694
264 659
265 343
265 626
265 374
266 513
266 288
266 492
266 455
266 291
267 387
267 651
267 561
267 307
268 383
268 329
268 315
268 660
269 286
269 302
269 589
269 456
269 332
270 340
270 449
270 531
271 609
271 378
271 588
272 432
272 515
273 494
274 659
274 542
274 549
275 423
275 432
276 624
277 482
277 400
277 334
278 651
278 530
278 323
278 585
279 531
279 664
280 649
280 507
280 611
280 468
281 493
281 679
281 378
281 418
282 604
282 539
282 299
282 359
282 525
283 294
283 320
283 685
284 384
284 314
284 493
284 401
284 546
284 310
285 614
285 587
286 427
286 302
286 347
286 332
287 443
288 492
288 513
288 434
288 291
289 311
289 602
289 661
290 539
290 408
290 693
291 434
291 455
291 461
291 667
292 420
292 662
292 506
292 430
293 372
293 534
293 558
293 321
294 450
294 524
294 693
295 509
295 324
295 490
295 576
295 437
295 481
295 526
296 433
296 365
297 336
298 521
298 683
299 674
299 565
299 604
299 525
300 435
300 518
300 621
300 554
301 548
301 336
301 361
301 373
301 418
302 536
302 589
302 347
303 684
303 467
303 340
303 562
304 542
304 505
304 623
304 348
304 370
305 675
305 485
306 375
306 376
306 598
306 575
306 447
307 581
307 561
308 662
308 540
308 420
308 436
308 579
309 354
309 689
309 491
310 393
310 546
310 635
311 630
311 454
311 358
311 602
312 628
312 427
313 643
313 696
313 567
313 482
313 544
314 401
314 588
314 384
315 329
315 644
315 660
316 590
316 467
316 356
316 488
317 457
317 543
317 607
318 381
318 460
319 632
319 640
319 344
319 490
319 411
320 616
320 563
320 685
320 670
321 534
321 558
321 556
321 512
322 695
322 396
322 519
323 651
323 398
323 391
324 509
324 526
325 419
325 522
325 655
325 580
326 358
326 594
326 652
327 351
327 473
327 510
327 665
327 453
327 452
328 370
328 552
329 644
329 383
330 612
330 543
331 608
331 592
331 619
331 691
332 427
332 628
333 593
333 338
333 534
333 372
333 377
334 605
334 685
334 523
334 423
335 363
335 567
335 641
335 369
336 681
336 548
337 560
337 346
338 593
338 499
338 377
339 483
339 629
339 444
340 486
340 449
341 473
341 390
341 445
341 699
341 452
342 649
342 576
342 555
342 405
342 558
342 516
343 668
343 489
343 495
343 374
344 698
344 591
344 612
344 411
345 575
345 375
345 678
345 551
346 427
347 671
348 623
348 653
348 466
348 505
349 620
349 391
349 501
350 352
350 645
350 557
350 371
350 570
351 473
351 510
352 645
352 371
352 477
353 428
353 403
354 417
354 436
354 404
354 689
354 491
355 559
355 676
356 590
357 653
357 611
358 594
358 469
358 454
359 525
359 446
359 673
360 361
360 573
360 455
361 548
361 529
361 573
362 692
362 596
362 367
363 567
364 596
364 378
365 506
365 433
365 579
366 381
367 557
367 596
368 375
368 475
369 462
370 542
370 552
370 623
371 477
371 500
372 534
372 377
373 459
373 418
373 682
374 626
374 636
374 460
375 504
375 376
375 575
375 475
376 498
376 554
376 598
376 475
377 659
377 549
377 499
378 418
378 609
378 679
379 681
380 458
380 561
381 460
382 656
382 637
382 433
384 493
384 588
385 644
385 580
386 672
386 524
386 450
386 464
386 642
387 651
387 398
388 695
388 578
388 396
389 667
389 461
389 393
389 409
390 462
391 398
392 566
392 407
393 682
393 635
393 409
394 424
394 589
394 443
395 667
395 487
395 553
395 434
395 451
396 571
396 695
396 519
397 484
398 651
399 562
399 664
400 482
400 515
400 580
400 544
401 646
401 442
401 487
402 428
402 657
403 503
403 686
403 415
404 498
404 687
404 417
404 491
405 649
405 555
405 507
406 541
406 620
406 446
406 673
406 678
407 574
408 431
408 497
409 461
409 459
409 682
410 647
410 538
410 438
410 474
410 480
411 421
411 509
411 490
412 600
412 429
412 462
412 603
413 496
414 424
414 443
414 533
415 654
415 686
416 454
416 688
416 638
417 436
417 540
417 676
417 687
419 456
420 662
420 579
421 677
421 509
422 657
422 654
422 623
422 440
423 523
424 536
424 443
424 589
425 599
425 437
426 627
426 645
426 477
427 628
428 657
428 503
429 601
429 600
429 502
430 656
430 662
431 497
431 693
431 690
433 506
433 637
434 451
435 518
435 666
435 663
435 648
435 621
436 689
436 540
437 640
437 634
437 481
438 661
438 647
438 474
440 623
442 603
442 584
443 533
444 629
444 650
445 600
446 673
447 575
447 501
448 469
448 594
448 581
449 587
450 672
450 524
450 693
451 646
451 553
452 453
452 473
453 698
453 665
453 511
454 630
454 638
455 492
455 573
455 461
456 589
457 543
457 610
457 606
458 561
458 521
459 461
459 682
460 478
460 574
460 566
460 626
461 667
463 583
463 560
463 535
464 642
465 547
465 592
465 528
465 485
466 505
466 472
467 684
467 615
467 562
468 663
468 479
468 649
468 611
469 594
469 581
469 476
470 685
470 670
470 697
471 625
471 535
472 611
472 507
472 555
475 621
475 663
475 554
476 581
477 645
478 483
478 574
479 648
479 663
479 611
480 538
480 598
481 640
481 490
482 567
482 544
483 574
483 629
486 627
487 553
487 646
488 639
489 668
490 640
490 509
491 498
492 513
492 529
492 573
493 679
493 546
495 613
495 668
497 510
497 665
497 658
499 593
499 694
499 659
500 570
500 675
501 620
502 601
503 686
503 657
505 542
506 579
506 637
507 649
507 611
507 555
508 680
508 568
508 522
510 665
511 632
511 527
511 698
512 556
514 520
514 691
514 608
515 580
516 558
516 556
517 674
518 666
519 625
519 583
520 691
520 607
521 683
522 568
522 655
523 564
524 642
526 576
527 632
527 617
527 658
529 548
529 681
529 573
530 669
530 585
531 664
532 600
532 547
532 592
534 610
534 593
535 583
535 625
536 589
537 653
537 666
539 604
540 662
540 676
541 669
541 585
541 620
542 552
542 659
544 580
544 696
545 572
545 567
545 641
546 635
547 592
548 681
549 659
550 560
551 678
551 673
553 646
554 621
556 558
557 570
557 596
559 676
560 583
561 581
563 642
564 697
564 644
565 674
565 634
565 640
565 617
565 632
566 626
567 572
567 643
567 641
568 680
568 582
568 586
569 605
572 643
576 649
577 608
577 675
578 695
578 595
578 631
578 683
580 655
580 696
582 643
582 586
583 625
584 601
584 588
585 620
586 680
588 601
588 609
591 698
591 619
591 612
593 610
594 652
595 672
595 631
596 692
597 642
599 649
602 630
602 661
605 685
606 677
608 633
608 691
609 679
611 648
613 616
613 668
614 627
615 684
615 639
616 668
616 670
617 632
617 658
619 691
621 663
624 650
630 638
631 683
632 640
634 674
634 640
635 682
637 656
647 661
648 663
654 694
655 696
657 686
658 665
659 694
662 676
668 670
670 697
673 678
690 693
10 0.5 0.5 0.5
