500
0 15.0 90.0 4.0 393.0 54.0
1 65.0 74.0 18.0 247.0 41.0
2 19.0 97.0 16.0 52.0 97.0
3 82.0 46.0 9.0 84.0 27.0
4 83.0 52.0 13.0 121.0 53.0
5 42.0 49.0 14.0 375.0 26.0
6 49.0 69.0 12.0 389.0 57.0
7 95.0 43.0 15.0 277.0 53.0
8 12.0 38.0 14.0 289.0 76.0
9 56.0 79.0 11.0 61.0 57.0
10 88.0 73.0 8.0 352.0 36.0
11 48.0 37.0 12.0 251.0 68.0
12 0.0 1.0 7.0 209.0 31.0
13 56.0 6.0 14.0 224.0 77.0
14 35.0 47.0 11.0 390.0 57.0
15 46.0 85.0 7.0 200.0 16.0
16 67.0 26.0 9.0 167.0 47.0
17 71.0 44.0 16.0 296.0 44.0
18 67.0 32.0 5.0 328.0 33.0
19 77.0 63.0 4.0 86.0 19.0
20 26.0 43.0 10.0 45.0 44.0
21 52.0 23.0 17.0 93.0 68.0
22 56.0 38.0 4.0 36.0 17.0
23 76.0 86.0 16.0 254.0 30.0
24 2.0 60.0 18.0 75.0 58.0
25 14.0 67.0 8.0 389.0 96.0
26 41.0 97.0 11.0 167.0 53.0
27 83.0 97.0 14.0 332.0 92.0
28 82.0 93.0 4.0 375.0 58.0
29 22.0 67.0 8.0 260.0 84.0
30 19.0 55.0 18.0 240.0 60.0
31 22.0 57.0 18.0 177.0 98.0
32 18.0 18.0 11.0 326.0 29.0
33 90.0 38.0 19.0 357.0 65.0
34 72.0 12.0 6.0 91.0 38.0
35 46.0 31.0 19.0 346.0 90.0
36 34.0 56.0 9.0 262.0 85.0
37 23.0 90.0 6.0 168.0 24.0
38 16.0 88.0 10.0 171.0 29.0
39 55.0 23.0 17.0 209.0 99.0
40 65.0 76.0 15.0 165.0 24.0
41 8.0 74.0 10.0 57.0 36.0
42 48.0 9.0 16.0 194.0 85.0
43 40.0 90.0 7.0 399.0 87.0
44 24.0 56.0 18.0 298.0 96.0
45 78.0 21.0 6.0 335.0 52.0
46 45.0 49.0 13.0 110.0 72.0
47 68.0 16.0 4.0 163.0 80.0
48 56.0 8.0 19.0 205.0 92.0
49 9.0 1.0 9.0 87.0 98.0
50 68.0 91.0 14.0 196.0 49.0
51 29.0 44.0 13.0 322.0 26.0
52 90.0 11.0 18.0 266.0 71.0
53 68.0 55.0 14.0 79.0 72.0
54 47.0 31.0 6.0 358.0 83.0
55 30.0 66.0 13.0 161.0 99.0
56 90.0 66.0 4.0 206.0 89.0
57 95.0 27.0 15.0 348.0 84.0
58 96.0 44.0 7.0 74.0 35.0
59 40.0 0.0 4.0 39.0 83.0
60 24.0 75.0 5.0 77.0 23.0
61 26.0 91.0 18.0 208.0 28.0
62 45.0 46.0 4.0 163.0 19.0
63 47.0 12.0 8.0 284.0 38.0
64 38.0 85.0 17.0 188.0 18.0
65 66.0 53.0 5.0 319.0 22.0
66 43.0 23.0 4.0 56.0 27.0
67 24.0 81.0 12.0 300.0 53.0
68 28.0 23.0 6.0 111.0 34.0
69 99.0 27.0 7.0 320.0 43.0
70 41.0 6.0 8.0 289.0 15.0
71 12.0 74.0 5.0 249.0 77.0
72 75.0 93.0 12.0 112.0 95.0
73 4.0 26.0 18.0 288.0 32.0
74 58.0 43.0 8.0 318.0 44.0
75 57.0 70.0 14.0 168.0 53.0
76 94.0 97.0 7.0 84.0 52.0
77 23.0 15.0 19.0 53.0 23.0
78 5.0 42.0 17.0 173.0 89.0
79 54.0 82.0 5.0 249.0 69.0
80 22.0 96.0 17.0 212.0 23.0
81 49.0 5.0 8.0 170.0 16.0
82 16.0 15.0 15.0 107.0 26.0
83 52.0 71.0 19.0 16.0 51.0
84 59.0 82.0 4.0 252.0 52.0
85 79.0 14.0 9.0 277.0 57.0
86 61.0 9.0 5.0 40.0 81.0
87 55.0 29.0 18.0 349.0 65.0
88 37.0 30.0 7.0 351.0 68.0
89 87.0 80.0 9.0 181.0 73.0
90 20.0 46.0 16.0 272.0 57.0
91 21.0 2.0 13.0 284.0 94.0
92 35.0 19.0 13.0 252.0 52.0
93 22.0 39.0 13.0 220.0 80.0
94 46.0 43.0 9.0 21.0 31.0
95 0.0 18.0 6.0 388.0 49.0
96 55.0 33.0 8.0 373.0 84.0
97 16.0 36.0 8.0 196.0 26.0
98 45.0 90.0 14.0 309.0 49.0
99 60.0 0.0 9.0 374.0 30.0
100 28.0 3.0 16.0 102.0 73.0
101 46.0 79.0 9.0 200.0 44.0
102 82.0 24.0 8.0 203.0 97.0
103 78.0 46.0 6.0 338.0 67.0
104 11.0 23.0 14.0 321.0 32.0
105 90.0 50.0 8.0 216.0 84.0
106 90.0 54.0 7.0 266.0 52.0
107 49.0 93.0 7.0 280.0 40.0
108 67.0 85.0 5.0 110.0 60.0
109 19.0 42.0 11.0 215.0 81.0
110 99.0 64.0 14.0 60.0 49.0
111 2.0 50.0 13.0 22.0 27.0
112 69.0 36.0 18.0 96.0 45.0
113 19.0 92.0 19.0 173.0 36.0
114 68.0 41.0 14.0 93.0 63.0
115 24.0 93.0 6.0 394.0 30.0
116 51.0 51.0 16.0 279.0 81.0
117 92.0 7.0 4.0 113.0 41.0
118 58.0 0.0 12.0 308.0 37.0
119 29.0 74.0 16.0 98.0 37.0
120 26.0 39.0 5.0 145.0 90.0
121 79.0 59.0 11.0 399.0 43.0
122 63.0 30.0 17.0 214.0 24.0
123 64.0 100.0 5.0 337.0 21.0
124 97.0 55.0 15.0 205.0 29.0
125 81.0 43.0 13.0 345.0 54.0
126 41.0 15.0 11.0 266.0 40.0
127 68.0 42.0 17.0 356.0 15.0
128 5.0 29.0 14.0 379.0 86.0
129 66.0 69.0 18.0 157.0 55.0
130 69.0 56.0 7.0 194.0 41.0
131 28.0 41.0 7.0 127.0 20.0
132 29.0 84.0 7.0 99.0 99.0
133 12.0 23.0 12.0 346.0 62.0
134 17.0 12.0 10.0 20.0 97.0
135 29.0 32.0 17.0 318.0 64.0
136 14.0 91.0 17.0 139.0 64.0
137 92.0 94.0 10.0 38.0 18.0
138 95.0 38.0 15.0 162.0 69.0
139 73.0 26.0 16.0 87.0 55.0
140 93.0 11.0 5.0 147.0 28.0
141 92.0 98.0 12.0 231.0 64.0
142 10.0 13.0 15.0 83.0 31.0
143 75.0 49.0 11.0 331.0 24.0
144 18.0 73.0 17.0 374.0 35.0
145 99.0 58.0 15.0 270.0 63.0
146 60.0 77.0 14.0 231.0 51.0
147 56.0 72.0 13.0 99.0 74.0
148 40.0 64.0 16.0 46.0 93.0
149 30.0 68.0 7.0 142.0 61.0
150 19.0 0.0 11.0 225.0 61.0
151 34.0 53.0 14.0 342.0 23.0
152 90.0 85.0 18.0 228.0 95.0
153 67.0 86.0 8.0 145.0 96.0
154 23.0 80.0 14.0 153.0 34.0
155 55.0 22.0 13.0 152.0 16.0
156 87.0 32.0 15.0 47.0 55.0
157 95.0 64.0 18.0 365.0 86.0
158 32.0 31.0 10.0 392.0 61.0
159 87.0 66.0 8.0 162.0 27.0
160 49.0 13.0 10.0 319.0 24.0
161 69.0 26.0 11.0 213.0 78.0
162 22.0 94.0 13.0 152.0 60.0
163 19.0 29.0 16.0 108.0 83.0
164 17.0 64.0 13.0 28.0 89.0
165 25.0 12.0 17.0 233.0 85.0
166 7.0 82.0 18.0 169.0 38.0
167 37.0 39.0 9.0 22.0 24.0
168 45.0 68.0 9.0 41.0 40.0
169 15.0 60.0 7.0 163.0 63.0
170 56.0 40.0 12.0 135.0 68.0
171 79.0 44.0 18.0 75.0 82.0
172 100.0 32.0 17.0 35.0 91.0
173 84.0 26.0 14.0 207.0 66.0
174 31.0 64.0 19.0 131.0 96.0
175 75.0 62.0 12.0 114.0 25.0
176 83.0 0.0 9.0 201.0 17.0
177 77.0 68.0 6.0 272.0 35.0
178 62.0 44.0 17.0 168.0 29.0
179 37.0 65.0 11.0 199.0 71.0
180 56.0 2.0 6.0 40.0 26.0
181 35.0 51.0 19.0 316.0 65.0
182 25.0 64.0 13.0 273.0 43.0
183 3.0 79.0 16.0 358.0 79.0
184 84.0 65.0 10.0 309.0 60.0
185 41.0 13.0 18.0 203.0 32.0
186 0.0 21.0 18.0 219.0 81.0
187 56.0 27.0 6.0 69.0 38.0
188 29.0 34.0 16.0 231.0 21.0
189 76.0 97.0 9.0 321.0 43.0
190 2.0 8.0 4.0 376.0 45.0
191 66.0 65.0 10.0 33.0 16.0
192 90.0 39.0 6.0 28.0 25.0
193 87.0 82.0 9.0 105.0 60.0
194 71.0 89.0 10.0 135.0 62.0
195 90.0 92.0 14.0 116.0 68.0
196 95.0 100.0 11.0 101.0 54.0
197 24.0 80.0 4.0 363.0 35.0
198 78.0 84.0 13.0 369.0 54.0
199 41.0 12.0 10.0 397.0 52.0
200 74.0 42.0 16.0 227.0 45.0
201 52.0 97.0 14.0 211.0 32.0
202 50.0 11.0 17.0 79.0 75.0
203 29.0 88.0 12.0 391.0 84.0
204 91.0 98.0 13.0 34.0 69.0
205 75.0 3.0 4.0 369.0 79.0
206 35.0 1.0 16.0 142.0 83.0
207 79.0 5.0 8.0 94.0 38.0
208 38.0 15.0 18.0 230.0 70.0
209 62.0 4.0 19.0 308.0 74.0
210 71.0 90.0 8.0 272.0 35.0
211 6.0 39.0 8.0 100.0 27.0
212 92.0 20.0 17.0 347.0 71.0
213 65.0 97.0 18.0 345.0 30.0
214 7.0 55.0 4.0 78.0 46.0
215 49.0 65.0 16.0 152.0 82.0
216 14.0 63.0 19.0 187.0 72.0
217 11.0 31.0 12.0 42.0 86.0
218 34.0 62.0 13.0 293.0 90.0
219 49.0 64.0 8.0 376.0 83.0
220 17.0 97.0 7.0 385.0 90.0
221 90.0 48.0 7.0 210.0 58.0
222 71.0 88.0 14.0 310.0 96.0
223 9.0 13.0 6.0 385.0 60.0
224 26.0 44.0 19.0 115.0 58.0
225 42.0 33.0 16.0 46.0 23.0
226 61.0 41.0 4.0 397.0 88.0
227 64.0 29.0 15.0 369.0 83.0
228 72.0 63.0 19.0 246.0 40.0
229 55.0 32.0 17.0 57.0 15.0
230 51.0 38.0 18.0 200.0 83.0
231 87.0 23.0 6.0 235.0 55.0
232 93.0 9.0 7.0 336.0 86.0
233 61.0 5.0 8.0 24.0 65.0
234 18.0 54.0 7.0 35.0 71.0
235 45.0 79.0 13.0 382.0 19.0
236 6.0 61.0 10.0 277.0 20.0
237 39.0 66.0 13.0 68.0 72.0
238 22.0 93.0 8.0 84.0 82.0
239 36.0 100.0 8.0 315.0 83.0
240 31.0 50.0 4.0 214.0 61.0
241 90.0 3.0 10.0 387.0 66.0
242 30.0 84.0 5.0 329.0 29.0
243 95.0 16.0 7.0 283.0 25.0
244 74.0 26.0 7.0 229.0 69.0
245 70.0 12.0 5.0 318.0 96.0
246 38.0 13.0 18.0 211.0 16.0
247 45.0 58.0 9.0 121.0 73.0
248 65.0 77.0 10.0 252.0 18.0
249 59.0 99.0 11.0 249.0 29.0
250 52.0 61.0 12.0 344.0 15.0
251 80.0 82.0 13.0 200.0 36.0
252 72.0 30.0 19.0 146.0 77.0
253 56.0 16.0 11.0 64.0 91.0
254 70.0 31.0 9.0 86.0 80.0
255 97.0 28.0 16.0 353.0 16.0
256 75.0 100.0 6.0 217.0 53.0
257 12.0 88.0 13.0 105.0 43.0
258 44.0 33.0 11.0 347.0 62.0
259 52.0 100.0 7.0 178.0 41.0
260 58.0 29.0 11.0 349.0 44.0
261 46.0 5.0 11.0 120.0 39.0
262 91.0 47.0 19.0 331.0 48.0
263 40.0 55.0 10.0 373.0 54.0
264 50.0 51.0 18.0 132.0 85.0
265 90.0 84.0 9.0 259.0 40.0
266 62.0 17.0 16.0 209.0 16.0
267 59.0 49.0 16.0 136.0 69.0
268 28.0 25.0 12.0 282.0 50.0
269 13.0 13.0 5.0 59.0 93.0
270 69.0 96.0 10.0 57.0 79.0
271 40.0 20.0 19.0 143.0 73.0
272 88.0 62.0 5.0 228.0 63.0
273 49.0 52.0 7.0 99.0 74.0
274 8.0 56.0 11.0 248.0 94.0
275 87.0 74.0 12.0 318.0 54.0
276 0.0 78.0 18.0 327.0 26.0
277 96.0 79.0 17.0 21.0 19.0
278 49.0 79.0 6.0 99.0 65.0
279 72.0 56.0 4.0 113.0 61.0
280 96.0 7.0 19.0 261.0 95.0
281 43.0 4.0 15.0 347.0 91.0
282 1.0 27.0 10.0 75.0 54.0
283 46.0 42.0 19.0 21.0 76.0
284 17.0 44.0 8.0 204.0 37.0
285 56.0 67.0 5.0 133.0 85.0
286 40.0 37.0 13.0 326.0 39.0
287 44.0 36.0 16.0 178.0 93.0
288 52.0 90.0 9.0 193.0 59.0
289 52.0 7.0 10.0 82.0 90.0
290 37.0 98.0 15.0 29.0 86.0
291 0.0 4.0 18.0 343.0 48.0
292 77.0 52.0 8.0 207.0 50.0
293 0.0 54.0 6.0 398.0 95.0
294 87.0 17.0 16.0 239.0 54.0
295 48.0 66.0 9.0 312.0 52.0
296 95.0 33.0 14.0 169.0 46.0
297 77.0 13.0 18.0 361.0 97.0
298 53.0 16.0 8.0 350.0 95.0
299 66.0 52.0 8.0 211.0 94.0
300 65.0 66.0 17.0 133.0 25.0
301 99.0 20.0 10.0 285.0 85.0
302 17.0 92.0 19.0 102.0 92.0
303 26.0 51.0 5.0 204.0 46.0
304 43.0 5.0 8.0 111.0 57.0
305 23.0 41.0 12.0 84.0 28.0
306 37.0 22.0 10.0 204.0 23.0
307 88.0 79.0 16.0 171.0 81.0
308 9.0 54.0 9.0 245.0 93.0
309 79.0 47.0 14.0 252.0 85.0
310 22.0 38.0 15.0 94.0 90.0
311 81.0 21.0 6.0 72.0 93.0
312 89.0 78.0 16.0 259.0 90.0
313 63.0 18.0 7.0 219.0 31.0
314 64.0 88.0 7.0 195.0 20.0
315 69.0 1.0 18.0 246.0 39.0
316 17.0 88.0 15.0 84.0 47.0
317 23.0 12.0 14.0 308.0 82.0
318 59.0 32.0 18.0 241.0 86.0
319 50.0 0.0 19.0 333.0 51.0
320 70.0 91.0 4.0 183.0 61.0
321 24.0 40.0 9.0 188.0 24.0
322 70.0 55.0 17.0 201.0 53.0
323 4.0 8.0 19.0 214.0 54.0
324 82.0 14.0 12.0 229.0 63.0
325 43.0 16.0 16.0 39.0 33.0
326 67.0 87.0 4.0 55.0 30.0
327 52.0 85.0 19.0 176.0 90.0
328 70.0 77.0 5.0 62.0 75.0
329 48.0 63.0 17.0 55.0 37.0
330 91.0 10.0 7.0 365.0 57.0
331 30.0 43.0 11.0 269.0 87.0
332 48.0 13.0 5.0 397.0 67.0
333 8.0 97.0 14.0 133.0 23.0
334 99.0 2.0 12.0 114.0 17.0
335 17.0 5.0 18.0 76.0 15.0
336 61.0 71.0 18.0 311.0 73.0
337 69.0 64.0 6.0 162.0 93.0
338 26.0 58.0 18.0 373.0 99.0
339 32.0 55.0 8.0 353.0 35.0
340 86.0 17.0 6.0 382.0 51.0
341 54.0 47.0 17.0 374.0 58.0
342 63.0 3.0 8.0 282.0 58.0
343 41.0 5.0 13.0 68.0 35.0
344 41.0 10.0 10.0 130.0 37.0
345 18.0 86.0 18.0 96.0 76.0
346 54.0 8.0 7.0 49.0 19.0
347 74.0 98.0 12.0 75.0 86.0
348 26.0 50.0 10.0 66.0 98.0
349 51.0 45.0 18.0 394.0 68.0
350 69.0 30.0 6.0 104.0 55.0
351 76.0 19.0 8.0 201.0 75.0
352 62.0 76.0 18.0 130.0 80.0
353 57.0 54.0 9.0 181.0 24.0
354 14.0 37.0 5.0 291.0 94.0
355 88.0 43.0 18.0 342.0 67.0
356 58.0 30.0 17.0 258.0 16.0
357 97.0 80.0 5.0 176.0 47.0
358 68.0 22.0 19.0 365.0 25.0
359 28.0 51.0 12.0 97.0 58.0
360 17.0 49.0 13.0 109.0 23.0
361 53.0 38.0 7.0 339.0 69.0
362 92.0 2.0 8.0 39.0 68.0
363 71.0 17.0 8.0 112.0 99.0
364 17.0 6.0 8.0 90.0 77.0
365 60.0 88.0 17.0 351.0 27.0
366 18.0 37.0 17.0 204.0 24.0
367 59.0 56.0 16.0 126.0 42.0
368 56.0 50.0 16.0 239.0 30.0
369 37.0 9.0 5.0 364.0 15.0
370 7.0 64.0 10.0 236.0 59.0
371 83.0 75.0 11.0 259.0 24.0
372 39.0 67.0 19.0 37.0 23.0
373 40.0 8.0 12.0 203.0 58.0
374 76.0 84.0 12.0 360.0 35.0
375 62.0 13.0 11.0 92.0 85.0
376 96.0 73.0 17.0 188.0 77.0
377 82.0 18.0 7.0 64.0 52.0
378 14.0 47.0 15.0 81.0 75.0
379 7.0 77.0 14.0 36.0 21.0
380 47.0 18.0 5.0 278.0 88.0
381 10.0 30.0 16.0 117.0 54.0
382 96.0 8.0 7.0 15.0 84.0
383 18.0 46.0 7.0 367.0 98.0
384 29.0 57.0 7.0 331.0 95.0
385 13.0 76.0 9.0 309.0 21.0
386 59.0 80.0 15.0 20.0 40.0
387 28.0 9.0 4.0 129.0 72.0
388 68.0 21.0 8.0 101.0 17.0
389 83.0 25.0 10.0 345.0 22.0
390 36.0 56.0 10.0 183.0 74.0
391 27.0 19.0 16.0 227.0 42.0
392 41.0 43.0 11.0 284.0 98.0
393 77.0 46.0 16.0 267.0 97.0
394 5.0 27.0 9.0 337.0 51.0
395 81.0 26.0 11.0 67.0 83.0
396 14.0 89.0 8.0 290.0 61.0
397 5.0 13.0 9.0 103.0 18.0
398 80.0 56.0 18.0 381.0 19.0
399 0.0 93.0 10.0 60.0 73.0
400 8.0 93.0 13.0 42.0 65.0
401 46.0 50.0 9.0 365.0 52.0
402 99.0 99.0 17.0 356.0 20.0
403 78.0 37.0 5.0 46.0 96.0
404 49.0 71.0 14.0 28.0 46.0
405 81.0 18.0 19.0 317.0 63.0
406 99.0 54.0 16.0 308.0 99.0
407 35.0 70.0 12.0 108.0 21.0
408 55.0 26.0 14.0 323.0 47.0
409 8.0 13.0 17.0 331.0 94.0
410 32.0 11.0 15.0 272.0 22.0
411 5.0 96.0 16.0 294.0 57.0
412 76.0 3.0 8.0 179.0 46.0
413 88.0 16.0 17.0 99.0 39.0
414 64.0 3.0 12.0 199.0 23.0
415 49.0 3.0 19.0 105.0 85.0
416 22.0 32.0 18.0 156.0 69.0
417 47.0 14.0 16.0 241.0 36.0
418 44.0 7.0 15.0 376.0 82.0
419 13.0 88.0 12.0 170.0 84.0
420 68.0 27.0 12.0 94.0 30.0
421 96.0 25.0 6.0 102.0 81.0
422 32.0 93.0 14.0 70.0 95.0
423 52.0 2.0 10.0 135.0 84.0
424 37.0 26.0 4.0 306.0 27.0
425 21.0 7.0 10.0 122.0 99.0
426 89.0 68.0 8.0 29.0 48.0
427 77.0 81.0 18.0 391.0 31.0
428 32.0 62.0 16.0 308.0 86.0
429 87.0 60.0 14.0 230.0 20.0
430 40.0 30.0 17.0 271.0 50.0
431 21.0 52.0 14.0 320.0 58.0
432 48.0 53.0 18.0 378.0 44.0
433 23.0 37.0 12.0 125.0 60.0
434 39.0 32.0 6.0 337.0 64.0
435 9.0 79.0 5.0 313.0 45.0
436 47.0 68.0 5.0 136.0 88.0
437 2.0 88.0 12.0 267.0 36.0
438 21.0 65.0 10.0 124.0 31.0
439 66.0 30.0 13.0 296.0 80.0
440 52.0 39.0 11.0 310.0 80.0
441 96.0 26.0 11.0 258.0 65.0
442 4.0 2.0 8.0 184.0 68.0
443 81.0 85.0 15.0 92.0 40.0
444 75.0 59.0 6.0 177.0 76.0
445 40.0 82.0 6.0 82.0 93.0
446 31.0 45.0 10.0 139.0 37.0
447 65.0 31.0 15.0 199.0 15.0
448 19.0 80.0 10.0 48.0 80.0
449 98.0 2.0 17.0 230.0 71.0
450 92.0 69.0 5.0 226.0 66.0
451 36.0 18.0 5.0 204.0 30.0
452 79.0 26.0 5.0 224.0 28.0
453 16.0 2.0 14.0 247.0 40.0
454 18.0 49.0 13.0 200.0 44.0
455 55.0 3.0 17.0 360.0 43.0
456 81.0 38.0 4.0 188.0 36.0
457 51.0 66.0 13.0 71.0 71.0
458 65.0 40.0 6.0 291.0 32.0
459 44.0 26.0 11.0 223.0 16.0
460 27.0 95.0 19.0 118.0 72.0
461 56.0 3.0 8.0 140.0 79.0
462 10.0 39.0 5.0 183.0 30.0
463 48.0 18.0 13.0 217.0 47.0
464 64.0 11.0 11.0 345.0 56.0
465 82.0 60.0 17.0 267.0 24.0
466 64.0 9.0 4.0 200.0 31.0
467 74.0 49.0 17.0 255.0 53.0
468 88.0 53.0 11.0 202.0 53.0
469 79.0 63.0 16.0 243.0 20.0
470 92.0 63.0 12.0 341.0 82.0
471 57.0 33.0 18.0 108.0 32.0
472 92.0 64.0 7.0 37.0 89.0
473 74.0 46.0 19.0 386.0 32.0
474 8.0 46.0 19.0 297.0 72.0
475 16.0 75.0 17.0 236.0 65.0
476 13.0 20.0 9.0 194.0 22.0
477 83.0 95.0 7.0 199.0 57.0
478 22.0 95.0 13.0 322.0 91.0
479 25.0 90.0 10.0 114.0 33.0
480 87.0 35.0 12.0 181.0 63.0
481 23.0 59.0 15.0 46.0 29.0
482 58.0 82.0 10.0 212.0 34.0
483 16.0 59.0 18.0 341.0 17.0
484 86.0 90.0 8.0 283.0 35.0
485 23.0 63.0 12.0 314.0 21.0
486 83.0 44.0 18.0 237.0 20.0
487 77.0 72.0 10.0 135.0 66.0
488 57.0 45.0 8.0 316.0 50.0
489 93.0 29.0 11.0 141.0 42.0
490 47.0 0.0 12.0 93.0 61.0
491 34.0 85.0 5.0 248.0 55.0
492 84.0 14.0 18.0 46.0 23.0
493 44.0 21.0 18.0 77.0 37.0
494 47.0 17.0 10.0 18.0 88.0
495 69.0 58.0 4.0 338.0 48.0
496 59.0 9.0 6.0 363.0 75.0
497 7.0 79.0 5.0 365.0 79.0
498 42.0 92.0 12.0 19.0 84.0
499 4.0 47.0 18.0 255.0 76.0
1473
0 396
0 136
0 302
0 316
0 38
1 129
1 336
1 352
1 40
1 328
2 80
2 239
2 220
2 478
2 302
2 113
3 4
3 221
3 309
3 486
3 171
3 125
4 221
4 309
4 292
4 429
4 468
4 398
4 105
5 14
5 181
5 62
5 392
5 46
5 401
5 263
6 83
6 457
6 404
6 436
6 295
7 262
7 58
7 355
7 138
7 192
8 354
8 217
8 284
8 462
9 482
9 386
9 146
9 79
9 278
9 83
9 147
10 450
10 376
10 312
10 426
10 275
10 159
11 283
11 230
11 287
11 258
11 54
11 96
12 291
12 442
12 49
12 150
13 233
13 461
13 496
13 289
13 346
13 48
13 455
14 181
14 392
14 167
14 240
14 446
15 288
15 327
15 98
15 43
15 64
15 445
15 278
15 101
15 235
16 161
16 420
16 358
16 313
16 227
16 439
17 473
17 200
17 467
17 114
17 127
17 299
18 112
18 458
18 447
18 254
18 350
18 439
19 177
19 469
19 121
19 228
19 175
19 444
20 305
20 321
20 224
20 120
20 131
20 51
21 298
21 463
21 54
21 459
21 493
21 87
21 408
21 155
21 39
22 318
22 471
22 226
22 170
22 361
22 96
23 198
23 443
23 28
23 374
23 72
23 222
23 194
24 293
24 276
24 370
24 236
24 214
25 144
25 71
25 164
25 216
25 29
25 370
25 41
26 259
26 239
26 498
26 107
26 43
26 290
26 201
27 189
27 256
27 204
27 477
28 484
28 443
28 477
28 189
28 72
29 149
29 182
29 164
29 144
29 60
29 438
30 483
30 234
30 31
30 431
31 431
31 44
31 483
31 481
32 133
32 163
32 68
32 82
32 77
32 476
32 391
33 480
33 296
33 138
33 192
34 245
34 363
34 297
34 207
34 205
35 54
35 459
35 258
35 430
36 151
36 390
36 339
36 218
36 428
36 384
37 67
37 345
37 479
37 115
37 316
37 113
37 238
38 316
38 396
38 419
38 345
39 408
39 155
39 187
39 313
40 248
40 328
40 352
41 370
41 276
41 71
41 379
41 435
42 63
42 418
42 261
42 202
42 81
42 289
43 422
43 491
43 498
43 290
43 98
43 64
44 431
44 303
44 384
44 481
44 338
45 244
45 452
45 351
45 102
45 311
45 405
46 62
46 401
47 388
47 363
47 245
47 313
47 266
47 464
47 375
48 496
48 253
48 346
49 442
49 150
49 323
49 142
49 453
49 364
49 335
50 213
50 314
50 270
50 326
50 320
50 194
51 224
51 131
51 348
51 331
51 446
51 359
51 240
52 207
52 241
52 140
52 330
52 492
52 413
52 117
53 65
53 367
53 495
53 299
53 322
53 130
54 258
54 96
54 459
54 87
54 229
55 174
55 182
55 149
55 407
56 472
56 272
56 450
56 426
56 159
57 212
57 231
57 421
57 441
57 255
57 489
58 406
58 172
58 262
58 138
59 343
59 206
59 150
59 281
59 490
60 144
60 149
60 119
60 154
60 197
60 448
61 460
61 115
61 422
61 479
61 203
62 392
62 94
62 401
62 349
63 418
63 344
63 202
63 199
63 185
63 417
63 332
64 445
64 491
65 367
65 299
66 459
66 493
66 271
66 424
66 306
67 154
67 197
67 132
67 345
67 448
67 479
68 163
68 268
68 92
68 391
68 306
69 301
69 172
69 421
69 255
69 441
70 373
70 418
70 304
70 343
70 369
71 385
71 475
71 144
71 435
72 189
72 347
72 270
72 320
72 210
72 194
73 282
73 186
73 104
73 394
74 178
74 226
74 488
74 170
75 336
75 285
75 147
75 83
76 137
76 402
76 196
76 141
77 82
77 134
77 317
77 165
77 391
78 282
78 111
78 499
78 474
78 211
78 462
79 482
79 327
79 278
80 239
80 460
80 478
81 415
81 261
81 289
81 423
82 134
82 269
82 476
83 285
83 457
83 278
83 147
83 404
84 386
84 482
84 314
84 108
84 365
84 248
85 324
85 207
85 297
85 351
85 405
86 375
86 496
86 464
86 466
86 233
87 408
87 187
87 260
87 356
87 229
88 158
88 424
88 430
88 434
89 251
89 193
89 307
89 371
90 454
90 383
90 224
90 348
90 284
90 109
90 431
90 305
91 100
91 150
91 425
91 453
91 335
92 451
92 410
92 391
92 306
93 305
93 321
93 109
93 366
93 310
93 433
94 392
94 283
94 349
95 104
95 186
95 291
95 190
95 397
96 230
96 361
96 471
96 229
97 163
97 217
97 354
97 366
97 416
98 498
98 107
98 288
99 414
99 315
99 176
99 118
99 233
99 209
99 342
100 150
100 206
100 425
100 387
100 410
101 278
101 235
101 404
102 311
102 231
102 395
102 452
102 389
103 309
103 393
103 171
104 186
104 397
104 394
104 133
104 476
104 409
104 381
105 468
105 106
105 262
105 221
105 124
106 470
106 124
106 429
106 468
107 498
107 288
107 201
108 374
108 328
108 222
108 153
108 314
108 248
109 284
109 354
109 366
109 305
110 402
110 172
110 357
110 376
110 145
110 157
111 282
111 293
111 499
111 214
111 308
112 403
112 200
112 252
112 458
112 114
112 254
113 316
113 238
113 162
113 302
113 478
114 200
114 127
114 458
115 460
115 479
115 238
115 162
115 478
116 353
116 368
116 250
116 273
116 341
116 349
116 264
117 362
117 241
117 280
117 232
117 330
118 233
118 461
118 180
118 423
118 319
119 132
119 197
119 445
119 491
119 407
119 242
119 149
120 321
120 131
120 433
120 188
121 465
121 469
121 398
121 444
122 356
122 318
122 447
122 227
122 260
123 256
123 270
123 249
123 259
123 213
124 145
124 406
124 262
124 470
125 456
125 486
125 171
125 403
126 185
126 325
126 271
126 208
127 178
127 458
127 299
128 211
128 282
128 381
128 394
129 336
129 300
129 191
129 337
129 328
129 487
129 177
130 495
130 322
130 279
131 331
131 167
131 188
132 197
132 479
132 203
132 242
133 163
133 217
133 476
133 381
134 269
134 317
134 425
134 364
135 158
135 268
135 416
135 188
136 400
136 257
136 333
136 220
136 396
136 302
137 357
137 402
137 152
137 195
137 204
137 141
138 296
138 172
138 192
139 161
139 252
139 244
139 358
139 351
140 330
140 382
140 243
140 232
140 413
141 204
141 196
142 323
142 364
142 269
142 476
142 223
143 473
143 393
143 309
143 292
143 467
144 475
144 448
145 172
145 406
145 470
145 157
146 386
146 336
146 147
146 352
147 336
148 263
148 390
148 218
148 329
148 247
148 237
148 168
148 179
149 407
149 182
150 206
150 453
151 390
151 181
151 240
151 339
152 357
152 195
152 484
152 265
152 193
153 222
153 326
153 314
154 197
154 448
155 298
155 253
155 266
155 313
156 173
156 395
156 403
156 296
156 489
156 480
156 456
157 376
157 470
157 472
157 450
158 424
158 268
158 434
158 167
158 188
159 426
159 272
159 184
159 275
160 298
160 202
160 463
160 494
160 417
160 332
161 420
161 358
161 350
161 252
162 238
162 478
163 217
163 268
163 416
164 481
164 483
164 485
164 169
164 216
164 438
165 425
165 387
165 410
165 317
165 391
166 437
166 257
166 183
166 435
166 497
167 286
167 392
167 446
167 331
167 434
167 188
168 237
168 329
168 404
168 235
168 436
168 295
168 372
169 216
169 483
169 236
169 274
169 308
170 440
170 361
170 488
170 226
170 349
171 403
171 200
171 393
171 309
172 402
172 334
172 301
172 406
172 255
172 296
173 395
173 389
173 231
173 489
174 338
174 182
174 428
174 218
174 407
174 179
175 444
175 228
176 207
176 241
176 362
176 315
176 449
176 334
176 412
176 205
177 228
177 337
177 371
177 487
177 469
177 184
178 458
178 226
178 488
178 267
178 299
179 237
179 218
179 407
179 372
180 461
180 423
180 455
181 240
181 263
181 390
182 481
182 485
182 338
182 438
183 437
183 276
183 497
183 379
184 371
184 469
184 275
184 465
184 429
184 272
185 199
185 246
185 325
185 417
185 208
186 293
186 282
187 227
187 313
187 260
187 408
188 416
188 433
189 256
189 347
189 477
190 291
190 397
190 323
191 300
191 367
191 495
191 337
192 480
192 355
193 265
193 251
193 443
193 307
193 484
194 222
194 210
194 320
194 326
195 484
195 204
195 477
196 204
196 256
196 402
198 443
198 374
198 427
198 251
199 246
199 344
200 473
200 393
200 403
201 249
201 259
201 288
202 298
202 289
202 346
202 332
203 422
203 491
203 479
203 242
204 256
204 477
205 207
205 412
205 245
205 315
206 343
206 369
206 410
207 241
207 412
207 324
207 297
207 492
208 410
208 246
208 451
208 271
209 414
209 466
209 233
209 342
210 320
211 282
211 462
211 217
211 381
212 413
212 243
212 301
212 421
212 231
212 294
213 270
213 249
213 365
213 314
214 293
214 236
214 274
214 308
215 219
215 457
215 295
216 236
216 370
217 354
217 462
217 381
218 390
218 428
219 329
219 250
219 457
219 295
220 239
220 333
220 302
221 262
221 355
221 486
222 374
222 326
223 323
223 409
223 476
224 348
224 305
225 287
225 286
225 258
225 430
225 434
226 458
226 318
227 447
227 313
227 260
227 439
228 444
228 337
228 495
229 471
229 356
230 440
230 361
230 283
231 294
231 311
231 489
231 389
231 377
231 340
232 330
232 382
232 280
233 461
233 466
233 496
234 431
234 454
234 360
234 483
234 308
235 445
235 407
235 404
235 372
236 370
236 274
237 372
239 259
239 422
239 460
239 290
239 333
240 446
240 359
240 339
241 362
242 491
243 413
243 301
243 382
244 252
244 452
244 351
245 466
245 315
245 363
245 464
246 369
246 344
246 410
247 329
247 250
247 263
247 432
248 328
248 386
248 352
249 259
249 365
249 288
250 285
250 457
250 367
250 353
250 329
250 273
250 432
251 443
251 427
251 371
252 403
252 452
252 350
252 254
253 346
253 298
253 375
253 496
253 266
254 350
255 441
255 296
255 489
256 270
256 347
257 437
257 400
257 396
257 435
257 419
258 287
258 430
260 356
261 415
261 490
261 281
261 304
261 418
262 406
262 355
263 390
263 401
263 432
264 349
264 401
264 273
265 357
265 277
265 307
265 312
266 313
266 375
267 488
267 368
267 353
267 367
267 299
268 424
268 416
268 306
269 364
269 476
270 347
270 320
271 325
271 493
271 451
271 306
272 470
272 429
272 472
273 401
273 432
274 308
275 312
275 371
275 307
276 437
276 399
276 370
276 293
276 379
277 376
277 357
277 312
278 327
278 404
279 495
279 444
279 292
279 467
279 322
280 362
280 449
280 334
280 382
281 490
281 343
281 304
282 293
282 394
283 392
283 440
283 287
283 349
284 383
284 378
284 354
284 462
285 300
285 367
285 457
285 336
286 392
286 287
286 434
287 392
288 365
288 327
289 346
289 423
289 455
290 422
291 442
291 323
292 309
292 398
292 444
292 467
294 413
294 340
295 329
295 436
295 457
296 489
296 480
297 351
297 363
298 463
298 346
299 467
299 322
299 367
300 367
300 336
301 334
301 421
301 382
302 316
303 431
303 348
303 359
303 384
304 343
304 418
305 321
306 424
306 451
307 371
307 312
308 499
308 474
308 378
308 360
308 483
309 393
310 366
310 433
311 405
311 377
312 376
313 388
313 358
314 365
314 326
315 414
315 466
316 345
317 425
318 458
318 356
318 471
318 447
319 490
319 415
319 423
321 433
322 467
323 442
323 397
323 409
324 405
324 377
324 492
325 380
325 493
325 417
325 494
327 365
327 482
328 427
328 487
328 374
331 446
332 417
333 400
333 411
334 449
334 382
335 425
335 364
335 453
336 352
337 495
338 481
338 428
338 384
339 359
339 384
340 492
340 377
340 413
341 488
341 368
341 349
342 414
343 369
344 369
344 418
344 373
345 448
345 435
345 419
348 431
348 359
349 401
349 440
349 488
350 420
350 439
351 363
351 388
351 358
351 405
352 386
353 367
353 368
354 366
355 486
355 456
355 480
356 471
357 402
357 376
358 388
359 384
360 454
360 383
360 378
361 440
362 449
363 388
364 425
365 482
366 416
366 433
367 495
368 488
369 410
369 373
371 487
371 427
372 407
373 418
374 427
375 496
375 464
376 450
377 405
377 492
378 383
378 462
378 474
379 435
379 497
380 493
380 463
380 494
381 394
383 454
384 428
385 475
385 448
385 435
386 482
387 425
387 410
389 395
391 410
393 473
395 403
395 452
396 419
397 409
398 465
398 444
398 429
399 411
399 400
399 437
400 411
400 437
401 432
403 452
403 456
404 436
407 445
409 476
410 451
413 492
414 466
415 490
415 423
416 433
417 494
419 435
420 439
421 441
422 491
422 460
423 455
424 430
424 459
426 450
427 487
429 470
429 468
429 465
430 459
430 434
431 454
435 448
435 497
438 485
439 447
443 484
444 495
445 491
447 458
448 475
450 472
455 461
456 480
456 486
459 493
460 478
462 474
463 493
463 494
464 466
465 469
467 473
470 472
474 499
477 484
481 483
481 485
10 0.5 0.5 0.5
