600
0 80.0 36.0 6.0 249.0 37.0
1 58.0 47.0 15.0 102.0 37.0
2 100.0 80.0 19.0 69.0 67.0
3 91.0 30.0 10.0 39.0 50.0
4 69.0 47.0 17.0 364.0 36.0
5 86.0 92.0 6.0 247.0 78.0
6 23.0 55.0 6.0 314.0 87.0
7 71.0 88.0 14.0 203.0 30.0
8 83.0 99.0 7.0 382.0 36.0
9 92.0 73.0 12.0 43.0 37.0
10 47.0 96.0 4.0 397.0 53.0
11 42.0 82.0 13.0 347.0 48.0
12 96.0 3.0 13.0 367.0 64.0
13 25.0 87.0 9.0 167.0 69.0
14 54.0 90.0 18.0 188.0 21.0
15 66.0 42.0 18.0 25.0 55.0
16 45.0 85.0 13.0 213.0 96.0
17 54.0 50.0 13.0 348.0 24.0
18 14.0 70.0 10.0 110.0 36.0
19 70.0 76.0 14.0 232.0 61.0
20 67.0 6.0 14.0 148.0 96.0
21 37.0 25.0 14.0 64.0 28.0
22 6.0 34.0 13.0 67.0 89.0
23 77.0 98.0 14.0 157.0 26.0
24 91.0 32.0 17.0 60.0 92.0
25 94.0 51.0 18.0 253.0 59.0
26 61.0 71.0 5.0 360.0 48.0
27 93.0 11.0 19.0 371.0 74.0
28 68.0 49.0 17.0 298.0 20.0
29 98.0 51.0 5.0 221.0 60.0
30 50.0 84.0 7.0 267.0 36.0
31 18.0 85.0 11.0 124.0 53.0
32 63.0 57.0 13.0 35.0 21.0
33 74.0 37.0 10.0 396.0 95.0
34 1.0 6.0 6.0 300.0 80.0
35 35.0 63.0 13.0 307.0 90.0
36 48.0 68.0 9.0 134.0 54.0
37 40.0 15.0 8.0 113.0 65.0
38 57.0 8.0 4.0 371.0 59.0
39 5.0 77.0 16.0 211.0 55.0
40 52.0 58.0 4.0 178.0 31.0
41 35.0 26.0 6.0 260.0 16.0
42 90.0 97.0 6.0 356.0 72.0
43 89.0 30.0 16.0 354.0 37.0
44 62.0 71.0 16.0 45.0 41.0
45 78.0 30.0 8.0 118.0 34.0
46 35.0 71.0 5.0 109.0 95.0
47 25.0 16.0 17.0 316.0 61.0
48 18.0 75.0 10.0 184.0 80.0
49 10.0 22.0 9.0 349.0 78.0
50 4.0 89.0 18.0 131.0 52.0
51 39.0 68.0 9.0 263.0 75.0
52 39.0 24.0 8.0 394.0 76.0
53 52.0 93.0 19.0 257.0 48.0
54 68.0 95.0 9.0 348.0 60.0
55 85.0 58.0 9.0 257.0 75.0
56 88.0 7.0 12.0 172.0 70.0
57 29.0 32.0 6.0 359.0 35.0
58 51.0 38.0 19.0 187.0 21.0
59 82.0 44.0 4.0 63.0 78.0
60 58.0 98.0 15.0 125.0 21.0
61 14.0 59.0 5.0 322.0 22.0
62 72.0 9.0 15.0 245.0 17.0
63 56.0 73.0 5.0 319.0 52.0
64 46.0 85.0 14.0 331.0 79.0
65 84.0 69.0 17.0 104.0 37.0
66 17.0 94.0 19.0 323.0 60.0
67 95.0 88.0 15.0 177.0 70.0
68 69.0 73.0 6.0 233.0 56.0
69 42.0 42.0 12.0 224.0 55.0
70 46.0 19.0 15.0 345.0 78.0
71 69.0 99.0 5.0 358.0 52.0
72 25.0 63.0 19.0 119.0 81.0
73 57.0 33.0 13.0 66.0 50.0
74 55.0 99.0 6.0 91.0 43.0
75 8.0 19.0 5.0 139.0 71.0
76 7.0 53.0 9.0 104.0 48.0
77 1.0 31.0 12.0 102.0 88.0
78 54.0 81.0 6.0 302.0 92.0
79 70.0 91.0 14.0 142.0 56.0
80 42.0 56.0 8.0 94.0 22.0
81 25.0 91.0 14.0 118.0 72.0
82 100.0 60.0 13.0 36.0 83.0
83 34.0 61.0 5.0 220.0 18.0
84 70.0 3.0 10.0 65.0 43.0
85 20.0 18.0 13.0 399.0 99.0
86 26.0 66.0 17.0 208.0 49.0
87 98.0 75.0 11.0 210.0 39.0
88 46.0 14.0 12.0 356.0 65.0
89 35.0 91.0 6.0 234.0 21.0
90 60.0 87.0 16.0 122.0 45.0
91 81.0 28.0 18.0 154.0 79.0
92 99.0 43.0 15.0 149.0 94.0
93 2.0 75.0 12.0 132.0 15.0
94 48.0 96.0 9.0 388.0 30.0
95 21.0 47.0 15.0 257.0 42.0
96 43.0 83.0 17.0 118.0 18.0
97 38.0 74.0 14.0 383.0 71.0
98 75.0 37.0 12.0 79.0 67.0
99 97.0 43.0 12.0 187.0 28.0
100 84.0 76.0 16.0 18.0 40.0
101 76.0 9.0 8.0 321.0 37.0
102 53.0 62.0 10.0 265.0 25.0
103 95.0 43.0 15.0 330.0 90.0
104 56.0 94.0 12.0 231.0 36.0
105 97.0 85.0 18.0 141.0 43.0
106 35.0 5.0 10.0 122.0 76.0
107 45.0 61.0 9.0 276.0 64.0
108 74.0 79.0 8.0 347.0 43.0
109 53.0 73.0 5.0 61.0 74.0
110 74.0 97.0 18.0 117.0 53.0
111 13.0 67.0 7.0 169.0 49.0
112 38.0 15.0 4.0 292.0 39.0
113 68.0 56.0 16.0 386.0 63.0
114 98.0 53.0 10.0 17.0 73.0
115 20.0 88.0 9.0 383.0 19.0
116 63.0 35.0 9.0 212.0 87.0
117 74.0 75.0 14.0 29.0 72.0
118 97.0 25.0 18.0 374.0 27.0
119 89.0 41.0 16.0 71.0 37.0
120 0.0 39.0 16.0 263.0 73.0
121 84.0 59.0 4.0 332.0 86.0
122 48.0 87.0 12.0 305.0 77.0
123 2.0 14.0 14.0 369.0 45.0
124 99.0 67.0 18.0 197.0 80.0
125 33.0 28.0 13.0 307.0 67.0
126 9.0 66.0 6.0 60.0 75.0
127 82.0 84.0 8.0 161.0 49.0
128 67.0 16.0 17.0 145.0 56.0
129 38.0 49.0 15.0 334.0 43.0
130 24.0 41.0 14.0 80.0 31.0
131 60.0 33.0 9.0 205.0 39.0
132 2.0 6.0 18.0 46.0 52.0
133 84.0 81.0 10.0 277.0 39.0
134 97.0 92.0 12.0 386.0 94.0
135 13.0 99.0 13.0 284.0 54.0
136 97.0 71.0 14.0 256.0 38.0
137 38.0 40.0 4.0 382.0 72.0
138 90.0 7.0 5.0 273.0 87.0
139 97.0 37.0 10.0 288.0 78.0
140 25.0 6.0 15.0 136.0 87.0
141 34.0 67.0 16.0 60.0 57.0
142 40.0 7.0 7.0 62.0 43.0
143 80.0 98.0 17.0 219.0 30.0
144 86.0 29.0 11.0 256.0 93.0
145 71.0 85.0 18.0 384.0 51.0
146 11.0 18.0 16.0 384.0 70.0
147 48.0 64.0 19.0 270.0 28.0
148 86.0 78.0 19.0 395.0 28.0
149 66.0 91.0 8.0 63.0 60.0
150 86.0 63.0 16.0 143.0 37.0
151 49.0 36.0 15.0 247.0 40.0
152 2.0 86.0 12.0 106.0 91.0
153 3.0 98.0 9.0 341.0 21.0
154 13.0 69.0 19.0 333.0 80.0
155 34.0 14.0 13.0 16.0 60.0
156 52.0 5.0 18.0 232.0 96.0
157 55.0 68.0 17.0 308.0 33.0
158 47.0 84.0 8.0 373.0 74.0
159 10.0 20.0 12.0 157.0 45.0
160 96.0 8.0 6.0 357.0 93.0
161 46.0 54.0 12.0 209.0 48.0
162 76.0 23.0 6.0 71.0 15.0
163 46.0 57.0 13.0 168.0 60.0
164 78.0 58.0 11.0 30.0 90.0
165 69.0 16.0 11.0 92.0 60.0
166 57.0 13.0 10.0 399.0 99.0
167 63.0 68.0 10.0 255.0 66.0
168 4.0 16.0 4.0 347.0 96.0
169 64.0 87.0 13.0 190.0 55.0
170 82.0 78.0 19.0 357.0 48.0
171 58.0 96.0 15.0 178.0 29.0
172 91.0 90.0 9.0 191.0 87.0
173 89.0 32.0 14.0 110.0 93.0
174 98.0 87.0 16.0 236.0 83.0
175 24.0 94.0 19.0 45.0 51.0
176 95.0 89.0 8.0 143.0 44.0
177 40.0 56.0 17.0 278.0 33.0
178 22.0 27.0 16.0 42.0 53.0
179 46.0 12.0 13.0 269.0 71.0
180 16.0 91.0 6.0 85.0 83.0
181 79.0 99.0 5.0 207.0 31.0
182 5.0 31.0 14.0 158.0 54.0
183 75.0 96.0 13.0 111.0 29.0
184 15.0 15.0 9.0 211.0 47.0
185 16.0 63.0 6.0 19.0 63.0
186 28.0 88.0 7.0 20.0 22.0
187 83.0 24.0 4.0 332.0 78.0
188 47.0 12.0 4.0 380.0 87.0
189 0.0 37.0 7.0 313.0 33.0
190 17.0 43.0 9.0 271.0 99.0
191 53.0 20.0 8.0 51.0 68.0
192 31.0 29.0 11.0 399.0 77.0
193 61.0 9.0 15.0 141.0 82.0
194 85.0 41.0 10.0 150.0 19.0
195 97.0 22.0 7.0 328.0 41.0
196 11.0 42.0 5.0 207.0 30.0
197 20.0 99.0 11.0 167.0 20.0
198 68.0 32.0 10.0 277.0 36.0
199 42.0 63.0 14.0 284.0 45.0
200 63.0 88.0 13.0 158.0 33.0
201 12.0 88.0 7.0 243.0 27.0
202 28.0 79.0 18.0 321.0 25.0
203 60.0 95.0 10.0 239.0 49.0
204 34.0 40.0 10.0 108.0 80.0
205 28.0 62.0 19.0 186.0 56.0
206 14.0 18.0 12.0 270.0 27.0
207 64.0 49.0 8.0 248.0 81.0
208 46.0 86.0 8.0 127.0 81.0
209 44.0 68.0 9.0 377.0 49.0
210 62.0 29.0 5.0 128.0 24.0
211 39.0 12.0 12.0 158.0 50.0
212 76.0 100.0 18.0 44.0 87.0
213 77.0 28.0 19.0 193.0 26.0
214 80.0 64.0 6.0 374.0 65.0
215 8.0 59.0 8.0 344.0 72.0
216 84.0 70.0 10.0 86.0 45.0
217 15.0 58.0 11.0 355.0 24.0
218 67.0 90.0 10.0 264.0 89.0
219 72.0 45.0 16.0 101.0 80.0
220 56.0 50.0 16.0 247.0 83.0
221 43.0 85.0 13.0 159.0 39.0
222 42.0 71.0 6.0 74.0 72.0
223 73.0 7.0 4.0 291.0 46.0
224 67.0 28.0 15.0 254.0 24.0
225 33.0 95.0 14.0 40.0 92.0
226 9.0 25.0 11.0 72.0 92.0
227 74.0 10.0 13.0 43.0 32.0
228 81.0 45.0 15.0 252.0 89.0
229 80.0 43.0 13.0 63.0 94.0
230 44.0 94.0 17.0 198.0 17.0
231 65.0 64.0 16.0 274.0 20.0
232 98.0 48.0 16.0 126.0 80.0
233 7.0 5.0 9.0 370.0 29.0
234 71.0 89.0 19.0 60.0 90.0
235 46.0 100.0 14.0 388.0 53.0
236 38.0 38.0 4.0 149.0 47.0
237 95.0 96.0 10.0 311.0 98.0
238 9.0 2.0 14.0 36.0 31.0
239 20.0 16.0 11.0 349.0 19.0
240 21.0 28.0 17.0 340.0 45.0
241 62.0 37.0 4.0 257.0 86.0
242 82.0 82.0 16.0 358.0 18.0
243 31.0 10.0 11.0 51.0 71.0
244 86.0 87.0 10.0 157.0 47.0
245 74.0 19.0 14.0 341.0 30.0
246 80.0 27.0 10.0 208.0 61.0
247 82.0 65.0 18.0 140.0 64.0
248 11.0 94.0 4.0 259.0 27.0
249 53.0 13.0 8.0 31.0 78.0
250 12.0 23.0 14.0 272.0 16.0
251 17.0 37.0 10.0 377.0 64.0
252 93.0 2.0 15.0 297.0 38.0
253 6.0 81.0 17.0 212.0 66.0
254 76.0 39.0 17.0 330.0 53.0
255 62.0 51.0 13.0 159.0 88.0
256 90.0 11.0 8.0 246.0 76.0
257 48.0 88.0 11.0 149.0 71.0
258 52.0 3.0 18.0 339.0 90.0
259 36.0 43.0 8.0 251.0 42.0
260 33.0 48.0 5.0 144.0 79.0
261 26.0 14.0 9.0 348.0 50.0
262 72.0 98.0 10.0 306.0 26.0
263 26.0 20.0 11.0 279.0 16.0
264 76.0 5.0 14.0 46.0 37.0
265 40.0 86.0 11.0 269.0 46.0
266 27.0 93.0 10.0 286.0 63.0
267 30.0 21.0 4.0 372.0 34.0
268 91.0 0.0 18.0 320.0 64.0
269 55.0 17.0 11.0 374.0 40.0
270 50.0 72.0 14.0 320.0 26.0
271 91.0 70.0 5.0 331.0 47.0
272 96.0 2.0 12.0 94.0 34.0
273 2.0 57.0 15.0 91.0 66.0
274 73.0 26.0 14.0 170.0 61.0
275 3.0 0.0 16.0 330.0 51.0
276 37.0 33.0 19.0 302.0 18.0
277 2.0 4.0 18.0 393.0 67.0
278 69.0 40.0 11.0 54.0 48.0
279 77.0 38.0 8.0 61.0 98.0
280 70.0 16.0 8.0 61.0 62.0
281 15.0 34.0 19.0 249.0 25.0
282 40.0 80.0 5.0 180.0 58.0
283 97.0 64.0 11.0 193.0 29.0
284 43.0 75.0 17.0 88.0 98.0
285 24.0 57.0 18.0 326.0 83.0
286 4.0 64.0 8.0 251.0 15.0
287 43.0 81.0 9.0 144.0 95.0
288 89.0 81.0 13.0 127.0 56.0
289 6.0 8.0 14.0 25.0 63.0
290 85.0 85.0 9.0 158.0 34.0
291 23.0 59.0 4.0 99.0 37.0
292 91.0 12.0 17.0 152.0 86.0
293 31.0 8.0 19.0 170.0 79.0
294 63.0 90.0 8.0 387.0 31.0
295 89.0 13.0 5.0 328.0 23.0
296 63.0 9.0 16.0 174.0 18.0
297 39.0 57.0 7.0 94.0 20.0
298 88.0 40.0 16.0 97.0 64.0
299 41.0 88.0 15.0 22.0 90.0
300 10.0 95.0 15.0 50.0 93.0
301 63.0 10.0 14.0 269.0 91.0
302 44.0 27.0 13.0 372.0 45.0
303 5.0 91.0 8.0 355.0 62.0
304 45.0 53.0 10.0 185.0 69.0
305 59.0 61.0 6.0 143.0 86.0
306 23.0 39.0 10.0 32.0 69.0
307 27.0 64.0 7.0 61.0 62.0
308 29.0 58.0 11.0 382.0 28.0
309 77.0 88.0 16.0 15.0 85.0
310 88.0 3.0 5.0 152.0 60.0
311 29.0 53.0 8.0 34.0 70.0
312 55.0 93.0 11.0 106.0 80.0
313 89.0 28.0 6.0 95.0 49.0
314 84.0 34.0 18.0 358.0 33.0
315 40.0 62.0 19.0 195.0 92.0
316 73.0 97.0 10.0 43.0 74.0
317 91.0 28.0 11.0 42.0 99.0
318 83.0 61.0 10.0 122.0 57.0
319 68.0 67.0 11.0 255.0 43.0
320 24.0 59.0 12.0 211.0 33.0
321 6.0 65.0 16.0 337.0 33.0
322 27.0 84.0 17.0 177.0 57.0
323 17.0 4.0 4.0 76.0 70.0
324 22.0 21.0 16.0 270.0 45.0
325 26.0 29.0 8.0 205.0 40.0
326 21.0 20.0 16.0 99.0 34.0
327 18.0 51.0 8.0 150.0 91.0
328 21.0 71.0 18.0 87.0 89.0
329 55.0 1.0 5.0 267.0 74.0
330 59.0 68.0 14.0 398.0 57.0
331 30.0 59.0 12.0 229.0 65.0
332 47.0 62.0 14.0 314.0 27.0
333 2.0 50.0 8.0 388.0 59.0
334 13.0 24.0 15.0 123.0 38.0
335 89.0 5.0 9.0 333.0 63.0
336 57.0 66.0 15.0 76.0 58.0
337 89.0 11.0 8.0 87.0 51.0
338 100.0 89.0 8.0 181.0 75.0
339 46.0 67.0 9.0 150.0 94.0
340 34.0 84.0 18.0 105.0 85.0
341 28.0 57.0 8.0 160.0 89.0
342 69.0 37.0 8.0 187.0 41.0
343 45.0 38.0 4.0 337.0 55.0
344 39.0 90.0 11.0 357.0 58.0
345 24.0 68.0 4.0 165.0 20.0
346 98.0 7.0 12.0 320.0 57.0
347 14.0 94.0 17.0 19.0 92.0
348 80.0 32.0 17.0 263.0 77.0
349 12.0 7.0 14.0 250.0 39.0
350 39.0 89.0 19.0 75.0 22.0
351 79.0 60.0 11.0 75.0 17.0
352 73.0 28.0 14.0 202.0 51.0
353 30.0 2.0 19.0 319.0 93.0
354 26.0 40.0 7.0 385.0 58.0
355 85.0 36.0 17.0 36.0 37.0
356 85.0 47.0 5.0 221.0 34.0
357 23.0 57.0 8.0 357.0 41.0
358 22.0 22.0 11.0 257.0 56.0
359 31.0 81.0 8.0 152.0 21.0
360 77.0 81.0 4.0 382.0 19.0
361 0.0 57.0 14.0 215.0 37.0
362 2.0 18.0 10.0 335.0 67.0
363 37.0 84.0 12.0 247.0 85.0
364 93.0 39.0 6.0 235.0 77.0
365 66.0 31.0 12.0 21.0 36.0
366 63.0 93.0 4.0 344.0 98.0
367 27.0 60.0 18.0 346.0 44.0
368 89.0 18.0 17.0 336.0 23.0
369 41.0 25.0 18.0 299.0 41.0
370 80.0 31.0 19.0 289.0 52.0
371 41.0 79.0 12.0 312.0 80.0
372 81.0 26.0 12.0 130.0 97.0
373 65.0 53.0 4.0 220.0 16.0
374 84.0 41.0 17.0 67.0 52.0
375 58.0 8.0 17.0 334.0 25.0
376 81.0 85.0 9.0 81.0 79.0
377 26.0 60.0 14.0 78.0 84.0
378 59.0 53.0 16.0 349.0 97.0
379 30.0 62.0 17.0 318.0 90.0
380 50.0 30.0 16.0 18.0 22.0
381 65.0 13.0 4.0 166.0 48.0
382 83.0 25.0 13.0 223.0 84.0
383 82.0 6.0 7.0 235.0 15.0
384 54.0 10.0 7.0 285.0 78.0
385 81.0 78.0 5.0 292.0 60.0
386 8.0 54.0 19.0 124.0 47.0
387 31.0 71.0 12.0 234.0 53.0
388 0.0 28.0 19.0 266.0 45.0
389 22.0 76.0 8.0 45.0 19.0
390 4.0 67.0 14.0 24.0 49.0
391 79.0 16.0 8.0 44.0 97.0
392 2.0 1.0 14.0 145.0 40.0
393 93.0 62.0 16.0 182.0 83.0
394 89.0 49.0 7.0 20.0 65.0
395 33.0 27.0 10.0 342.0 76.0
396 64.0 3.0 15.0 329.0 97.0
397 58.0 75.0 17.0 19.0 91.0
398 9.0 37.0 5.0 310.0 94.0
399 95.0 17.0 10.0 314.0 56.0
400 48.0 41.0 10.0 375.0 30.0
401 24.0 45.0 15.0 141.0 75.0
402 2.0 79.0 9.0 40.0 19.0
403 39.0 54.0 14.0 154.0 55.0
404 33.0 64.0 5.0 382.0 38.0
405 95.0 65.0 14.0 93.0 93.0
406 94.0 28.0 16.0 246.0 90.0
407 76.0 77.0 9.0 76.0 76.0
408 52.0 69.0 8.0 353.0 19.0
409 87.0 84.0 8.0 362.0 15.0
410 22.0 30.0 13.0 217.0 71.0
411 74.0 49.0 18.0 151.0 64.0
412 75.0 13.0 15.0 334.0 55.0
413 85.0 12.0 13.0 341.0 99.0
414 55.0 70.0 16.0 233.0 65.0
415 37.0 26.0 9.0 363.0 27.0
416 54.0 43.0 7.0 74.0 91.0
417 19.0 2.0 16.0 242.0 57.0
418 3.0 18.0 15.0 97.0 69.0
419 61.0 50.0 12.0 277.0 82.0
420 74.0 52.0 10.0 275.0 55.0
421 43.0 23.0 4.0 296.0 44.0
422 18.0 88.0 8.0 80.0 88.0
423 6.0 4.0 11.0 34.0 41.0
424 44.0 53.0 14.0 227.0 29.0
425 91.0 40.0 7.0 65.0 15.0
426 13.0 8.0 9.0 202.0 81.0
427 10.0 25.0 17.0 351.0 41.0
428 4.0 74.0 7.0 193.0 94.0
429 20.0 79.0 9.0 292.0 23.0
430 65.0 3.0 9.0 83.0 40.0
431 56.0 42.0 15.0 96.0 20.0
432 37.0 38.0 15.0 302.0 54.0
433 33.0 57.0 7.0 99.0 64.0
434 55.0 58.0 16.0 320.0 92.0
435 50.0 32.0 10.0 99.0 83.0
436 61.0 100.0 15.0 356.0 88.0
437 97.0 89.0 19.0 89.0 66.0
438 62.0 6.0 6.0 50.0 63.0
439 31.0 22.0 16.0 23.0 31.0
440 21.0 26.0 13.0 65.0 85.0
441 82.0 83.0 11.0 276.0 70.0
442 92.0 21.0 11.0 236.0 86.0
443 93.0 29.0 6.0 343.0 61.0
444 25.0 0.0 13.0 233.0 15.0
445 78.0 20.0 16.0 105.0 15.0
446 38.0 1.0 8.0 254.0 49.0
447 63.0 75.0 14.0 361.0 81.0
448 1.0 18.0 4.0 186.0 57.0
449 24.0 81.0 19.0 149.0 95.0
450 18.0 11.0 15.0 73.0 62.0
451 44.0 40.0 6.0 362.0 80.0
452 29.0 95.0 14.0 103.0 50.0
453 48.0 19.0 15.0 283.0 58.0
454 48.0 74.0 12.0 62.0 86.0
455 99.0 29.0 4.0 354.0 98.0
456 19.0 19.0 15.0 318.0 15.0
457 15.0 80.0 10.0 222.0 77.0
458 98.0 78.0 17.0 351.0 81.0
459 57.0 7.0 14.0 46.0 69.0
460 17.0 61.0 19.0 201.0 96.0
461 0.0 99.0 12.0 98.0 70.0
462 64.0 8.0 13.0 158.0 67.0
463 30.0 92.0 14.0 153.0 66.0
464 45.0 1.0 13.0 346.0 39.0
465 30.0 9.0 11.0 200.0 34.0
466 40.0 3.0 19.0 309.0 22.0
467 70.0 84.0 4.0 161.0 46.0
468 52.0 7.0 17.0 43.0 43.0
469 21.0 80.0 11.0 383.0 70.0
470 99.0 64.0 6.0 354.0 62.0
471 41.0 43.0 12.0 343.0 33.0
472 90.0 18.0 11.0 278.0 21.0
473 36.0 15.0 14.0 16.0 75.0
474 45.0 18.0 5.0 335.0 20.0
475 76.0 57.0 17.0 166.0 36.0
476 51.0 0.0 18.0 358.0 42.0
477 86.0 31.0 7.0 131.0 70.0
478 93.0 34.0 12.0 28.0 73.0
479 88.0 4.0 4.0 277.0 48.0
480 25.0 53.0 9.0 52.0 70.0
481 85.0 19.0 8.0 45.0 42.0
482 57.0 47.0 16.0 213.0 72.0
483 30.0 5.0 9.0 330.0 37.0
484 80.0 81.0 17.0 306.0 53.0
485 36.0 69.0 5.0 43.0 88.0
486 96.0 44.0 6.0 119.0 74.0
487 44.0 62.0 5.0 35.0 35.0
488 84.0 2.0 6.0 157.0 98.0
489 0.0 62.0 4.0 308.0 51.0
490 89.0 22.0 16.0 90.0 95.0
491 77.0 77.0 16.0 352.0 28.0
492 14.0 71.0 6.0 292.0 27.0
493 37.0 52.0 14.0 380.0 57.0
494 20.0 35.0 18.0 250.0 15.0
495 72.0 14.0 14.0 340.0 34.0
496 53.0 51.0 15.0 20.0 70.0
497 83.0 82.0 14.0 359.0 53.0
498 24.0 49.0 17.0 29.0 81.0
499 41.0 14.0 8.0 54.0 17.0
500 69.0 66.0 4.0 315.0 25.0
501 16.0 74.0 19.0 241.0 33.0
502 72.0 78.0 13.0 231.0 57.0
503 57.0 23.0 18.0 30.0 83.0
504 5.0 15.0 11.0 139.0 95.0
505 72.0 53.0 11.0 160.0 72.0
506 18.0 61.0 6.0 114.0 63.0
507 5.0 55.0 10.0 206.0 61.0
508 98.0 54.0 12.0 224.0 43.0
509 28.0 27.0 17.0 219.0 20.0
510 100.0 78.0 13.0 54.0 48.0
511 69.0 12.0 14.0 298.0 41.0
512 67.0 55.0 15.0 93.0 74.0
513 34.0 75.0 15.0 112.0 75.0
514 43.0 87.0 8.0 122.0 33.0
515 85.0 70.0 6.0 120.0 24.0
516 95.0 90.0 4.0 89.0 96.0
517 33.0 54.0 14.0 49.0 75.0
518 45.0 98.0 16.0 354.0 16.0
519 88.0 77.0 14.0 190.0 84.0
520 85.0 17.0 5.0 157.0 19.0
521 64.0 70.0 10.0 221.0 75.0
522 40.0 48.0 10.0 269.0 37.0
523 82.0 98.0 18.0 219.0 48.0
524 100.0 6.0 11.0 227.0 32.0
525 12.0 49.0 6.0 89.0 92.0
526 70.0 48.0 10.0 249.0 25.0
527 19.0 6.0 19.0 132.0 63.0
528 7.0 97.0 14.0 352.0 71.0
529 29.0 23.0 6.0 279.0 79.0
530 10.0 50.0 15.0 324.0 95.0
531 13.0 64.0 5.0 265.0 44.0
532 60.0 21.0 13.0 151.0 61.0
533 67.0 84.0 5.0 102.0 66.0
534 36.0 65.0 13.0 210.0 44.0
535 76.0 60.0 16.0 225.0 77.0
536 9.0 92.0 17.0 128.0 25.0
537 97.0 32.0 15.0 169.0 37.0
538 81.0 81.0 11.0 64.0 98.0
539 47.0 86.0 12.0 47.0 15.0
540 11.0 90.0 12.0 144.0 34.0
541 46.0 59.0 18.0 19.0 67.0
542 49.0 14.0 19.0 40.0 82.0
543 96.0 32.0 13.0 89.0 18.0
544 8.0 51.0 9.0 141.0 95.0
545 85.0 44.0 9.0 396.0 29.0
546 98.0 46.0 16.0 375.0 50.0
547 68.0 97.0 13.0 150.0 73.0
548 68.0 75.0 7.0 381.0 46.0
549 28.0 95.0 16.0 218.0 80.0
550 91.0 77.0 17.0 369.0 16.0
551 32.0 54.0 18.0 256.0 34.0
552 64.0 67.0 19.0 384.0 24.0
553 77.0 94.0 6.0 259.0 82.0
554 48.0 16.0 12.0 126.0 42.0
555 21.0 66.0 19.0 340.0 91.0
556 31.0 37.0 10.0 112.0 44.0
557 28.0 37.0 14.0 109.0 66.0
558 20.0 43.0 14.0 205.0 57.0
559 43.0 57.0 7.0 295.0 89.0
560 22.0 77.0 17.0 32.0 98.0
561 66.0 86.0 5.0 138.0 71.0
562 69.0 94.0 15.0 123.0 24.0
563 32.0 98.0 9.0 237.0 60.0
564 6.0 33.0 9.0 117.0 46.0
565 97.0 70.0 8.0 190.0 85.0
566 19.0 94.0 9.0 81.0 60.0
567 66.0 7.0 16.0 55.0 30.0
568 7.0 80.0 17.0 151.0 17.0
569 37.0 72.0 4.0 128.0 25.0
570 50.0 37.0 9.0 193.0 69.0
571 57.0 85.0 17.0 177.0 53.0
572 98.0 32.0 8.0 370.0 99.0
573 96.0 40.0 11.0 24.0 31.0
574 86.0 17.0 13.0 96.0 76.0
575 43.0 40.0 14.0 145.0 63.0
576 83.0 84.0 10.0 37.0 92.0
577 50.0 8.0 17.0 197.0 80.0
578 97.0 4.0 15.0 313.0 96.0
579 90.0 50.0 10.0 376.0 63.0
580 97.0 9.0 10.0 25.0 87.0
581 51.0 57.0 7.0 105.0 82.0
582 69.0 25.0 17.0 39.0 53.0
583 72.0 87.0 15.0 379.0 93.0
584 19.0 71.0 12.0 248.0 98.0
585 46.0 63.0 6.0 281.0 96.0
586 29.0 6.0 4.0 351.0 51.0
587 31.0 47.0 4.0 42.0 55.0
588 10.0 17.0 4.0 78.0 17.0
589 10.0 29.0 8.0 87.0 17.0
590 37.0 76.0 17.0 169.0 43.0
591 10.0 70.0 18.0 321.0 50.0
592 90.0 13.0 5.0 48.0 98.0
593 88.0 12.0 14.0 145.0 56.0
594 65.0 31.0 12.0 281.0 54.0
595 57.0 57.0 9.0 306.0 95.0
596 36.0 12.0 5.0 324.0 15.0
597 75.0 100.0 7.0 245.0 69.0
598 10.0 81.0 9.0 161.0 27.0
599 0.0 35.0 12.0 375.0 61.0
1772
0 229
0 279
0 98
0 374
0 355
0 314
0 348
1 15
1 431
1 482
1 207
1 419
1 220
2 510
2 458
2 105
2 174
2 338
3 24
3 443
3 317
3 43
3 173
4 219
4 15
4 28
4 526
4 207
5 42
5 172
5 8
5 553
5 309
5 244
5 523
5 376
6 217
6 327
6 498
6 357
6 285
6 480
7 561
7 218
7 234
7 583
7 145
8 42
8 237
8 523
8 181
8 212
8 143
9 515
9 271
9 87
9 550
9 519
9 136
10 94
10 235
10 230
10 518
11 363
11 265
11 282
11 96
11 287
11 371
12 160
12 578
12 272
12 252
13 81
13 115
13 186
13 322
13 449
13 31
14 53
14 257
14 571
14 90
14 312
14 30
14 122
15 219
15 278
15 241
15 431
15 342
15 207
16 221
16 514
16 64
16 158
16 208
16 96
17 482
17 416
17 220
17 496
18 555
18 111
18 154
18 492
18 584
19 68
19 117
19 548
19 533
19 502
20 223
20 62
20 84
20 430
20 567
20 511
21 52
21 473
21 415
21 41
21 439
22 398
22 120
22 564
22 189
22 599
22 77
23 553
23 183
23 110
23 597
23 212
23 181
23 143
24 173
24 478
24 443
25 114
25 508
25 29
25 232
25 393
25 55
25 579
25 486
26 447
26 44
26 167
26 330
26 63
26 397
27 160
27 138
27 580
27 399
27 256
27 292
28 526
28 505
28 512
28 373
28 207
29 82
29 92
29 232
29 114
30 571
30 78
30 454
30 158
30 122
30 539
31 115
31 422
31 449
31 469
31 201
31 457
31 429
32 595
32 378
32 305
32 373
32 512
32 255
32 231
32 113
33 254
33 278
33 98
33 342
33 198
33 45
33 352
34 388
34 448
34 277
34 392
34 132
34 123
35 534
35 315
35 404
35 83
36 339
36 147
36 408
36 270
36 454
36 209
37 499
37 474
37 421
37 112
37 211
37 52
38 375
38 459
38 384
38 166
38 468
39 598
39 591
39 568
39 93
39 402
39 253
39 428
40 332
40 581
40 102
40 434
41 125
41 395
41 415
41 439
42 172
42 237
43 144
43 313
43 477
43 173
43 317
44 447
44 167
44 521
45 98
45 348
45 213
45 246
45 91
45 352
45 370
46 141
46 485
46 387
46 569
46 513
47 239
47 261
47 85
47 267
47 263
47 326
48 501
48 457
48 584
48 429
48 328
48 389
48 560
49 75
49 226
49 427
49 250
49 159
50 152
50 461
50 253
50 303
50 201
50 540
51 222
51 209
51 569
51 485
51 534
51 315
51 199
52 415
52 369
52 421
52 473
52 112
53 74
53 104
53 257
53 94
53 312
54 149
54 366
54 547
54 562
55 394
55 356
55 164
55 150
55 393
55 579
55 121
56 337
56 138
56 335
56 479
56 383
56 413
57 192
57 276
57 556
57 557
57 410
57 325
58 73
58 431
58 570
58 400
58 416
59 229
59 228
59 356
59 545
59 374
60 74
60 436
60 171
60 203
61 215
61 531
61 185
61 460
61 217
61 386
62 227
62 223
62 495
62 511
63 330
63 414
63 397
63 109
64 158
64 539
64 208
65 515
65 216
65 150
65 214
65 247
66 347
66 135
66 197
66 566
66 180
67 288
67 105
67 176
67 172
67 409
67 174
67 437
68 500
68 117
68 319
68 548
68 521
69 575
69 137
69 522
69 400
69 451
69 471
70 421
70 453
70 474
70 554
71 436
71 597
71 262
71 547
72 555
72 506
72 291
72 86
72 205
72 377
72 307
72 320
73 431
73 241
73 570
73 503
73 210
73 131
73 435
73 380
74 436
74 235
74 104
74 171
74 94
75 418
75 226
75 168
75 504
75 588
75 159
76 386
76 544
76 507
76 333
77 564
77 599
77 182
77 388
78 571
78 454
78 397
78 109
79 553
79 183
79 234
79 218
79 562
80 424
80 403
80 559
80 177
81 175
81 266
81 186
81 566
81 115
82 455
82 524
82 92
82 124
82 510
82 470
82 114
82 508
82 283
82 393
83 297
83 433
83 331
83 315
83 379
83 404
84 329
84 268
84 223
84 264
84 430
84 488
85 239
85 456
85 326
86 555
86 345
86 387
86 307
86 141
87 458
87 550
87 510
87 124
87 136
88 554
88 474
88 499
88 179
88 188
88 542
89 186
89 463
89 225
89 340
89 363
89 344
89 350
90 169
90 533
90 104
90 203
90 294
90 200
90 571
90 312
91 144
91 477
91 372
91 246
91 382
91 370
92 455
92 232
92 546
92 572
92 99
92 573
92 139
93 402
93 489
93 390
93 428
94 257
94 235
94 230
95 558
95 401
95 498
95 327
95 190
96 287
96 221
96 158
96 265
97 284
97 371
97 222
97 569
97 513
97 590
98 254
98 279
98 348
99 546
99 573
99 103
99 486
100 515
100 216
100 148
100 519
100 491
100 385
100 170
101 383
101 264
101 223
101 227
101 412
101 391
101 413
102 305
102 434
102 336
102 332
102 147
102 408
102 157
103 119
103 394
103 573
103 364
103 425
103 486
104 203
104 171
104 312
105 288
105 458
105 174
106 142
106 596
106 446
106 353
106 466
106 293
106 483
107 541
107 559
107 487
107 332
107 585
108 407
108 117
108 360
108 502
108 467
108 145
109 414
109 454
109 270
109 397
109 408
110 316
110 183
110 597
110 262
111 126
111 591
111 531
111 185
111 555
111 154
112 473
112 596
112 211
113 500
113 231
113 535
113 475
113 505
113 512
114 508
115 422
115 180
115 566
116 342
116 198
116 241
116 365
116 594
116 131
117 500
117 214
117 216
117 407
117 491
117 502
118 195
118 455
118 442
118 406
119 394
119 545
119 425
119 298
119 194
120 333
120 196
120 361
120 398
120 189
121 150
121 164
121 351
121 318
122 257
122 539
122 208
123 132
123 448
123 289
123 362
123 168
123 504
124 510
124 470
124 283
124 405
124 136
124 565
125 192
125 395
125 276
125 415
126 390
126 591
126 531
126 215
126 321
127 576
127 441
127 376
128 381
128 532
128 582
128 511
128 165
129 403
129 522
129 493
129 260
129 259
130 354
130 401
130 306
130 558
131 210
131 594
131 241
132 277
132 423
132 289
133 409
133 288
133 148
133 290
133 497
133 170
133 538
134 338
134 237
134 516
134 437
135 235
135 461
135 197
135 153
135 528
135 347
135 248
135 300
136 271
136 565
137 575
137 236
137 432
137 471
137 259
137 204
138 160
138 252
138 335
138 256
138 337
139 572
139 573
139 537
139 364
139 478
139 543
140 261
140 450
140 527
140 353
140 444
140 417
140 465
140 586
141 387
141 307
141 485
141 534
141 404
142 577
142 464
142 179
142 596
142 211
142 466
143 523
143 553
143 181
144 382
144 313
144 477
145 561
145 467
145 583
145 360
146 588
146 184
146 206
146 159
147 332
147 408
147 339
147 585
148 519
148 288
148 170
149 366
149 294
149 562
149 200
149 169
149 218
150 515
150 271
150 393
150 247
150 318
151 570
151 435
151 343
151 400
152 402
152 461
152 253
153 461
153 528
153 303
154 591
154 492
155 473
155 596
155 267
155 261
155 243
156 459
156 329
156 577
156 464
156 258
156 468
157 336
157 408
157 414
157 330
158 454
158 287
158 539
159 206
159 250
159 588
160 578
160 346
160 252
160 580
161 163
161 581
161 496
161 304
161 559
161 424
162 213
162 246
162 274
162 245
162 445
162 372
163 581
163 559
163 541
164 356
164 475
164 535
164 351
164 420
165 511
165 582
165 280
166 269
166 532
166 193
166 375
166 301
166 384
166 381
166 249
167 521
167 552
167 330
168 362
168 418
168 504
169 533
169 200
169 218
169 561
170 538
170 385
171 203
172 516
172 237
172 176
172 409
172 244
173 477
173 478
173 355
173 298
173 314
174 338
174 437
175 549
175 197
175 266
175 566
176 516
176 437
177 297
177 403
177 559
178 410
178 240
178 325
178 440
178 509
178 358
179 577
179 211
179 188
179 499
180 422
180 566
180 347
180 201
180 540
181 212
182 226
182 388
182 589
182 564
183 553
183 316
183 562
184 239
184 450
184 456
184 588
184 426
184 206
185 531
185 460
185 506
185 555
186 463
186 266
186 340
186 322
187 481
187 445
187 382
187 490
187 372
188 577
188 542
189 599
190 251
190 196
190 558
190 525
190 327
191 503
191 269
191 554
191 453
191 380
192 509
192 395
192 276
192 325
193 375
193 438
193 301
193 296
194 355
194 298
194 374
194 545
195 455
195 524
195 442
195 399
195 580
196 333
196 544
196 251
196 398
196 530
196 525
197 235
197 563
197 549
197 566
198 342
198 365
198 224
198 352
199 487
199 315
199 209
199 339
199 585
200 294
201 253
201 598
201 457
201 422
201 540
202 449
202 322
202 387
202 389
202 513
202 359
202 560
203 294
203 366
203 436
204 432
204 556
204 259
204 587
204 354
205 331
205 367
205 379
205 377
205 307
206 334
206 456
206 250
207 373
207 255
207 419
208 539
208 514
208 257
209 222
209 454
209 339
210 532
210 224
210 503
210 594
211 596
211 499
212 597
213 246
213 274
213 352
214 500
214 535
214 216
214 247
214 351
214 318
215 273
215 286
215 531
215 321
215 507
215 386
216 515
216 491
217 525
217 327
217 530
217 460
217 506
217 357
217 386
218 561
218 234
218 562
219 278
219 229
219 411
219 254
219 526
220 419
220 378
220 482
220 496
221 514
221 265
222 454
222 284
222 569
223 227
223 264
224 532
224 594
224 582
224 365
224 352
225 452
225 563
225 463
225 518
225 230
225 344
226 388
226 589
226 418
226 427
227 412
227 495
228 229
228 411
228 356
228 420
229 411
229 254
229 279
229 374
230 518
230 514
230 257
230 344
230 299
231 500
231 319
231 552
231 305
232 546
232 486
233 423
233 238
233 349
233 289
234 553
234 309
234 583
235 461
235 563
235 436
235 518
236 276
236 343
236 432
236 575
237 338
237 516
238 417
238 323
238 423
238 275
238 349
239 261
239 450
239 456
240 410
240 281
240 334
240 440
241 431
241 342
242 497
242 441
242 538
243 261
243 465
243 596
243 293
244 409
244 290
244 376
245 274
245 445
245 495
245 412
245 391
245 582
245 280
246 372
247 318
248 347
248 536
248 300
248 540
249 542
249 269
249 384
249 577
250 334
250 427
251 494
251 281
251 398
251 306
251 558
252 335
252 272
252 268
252 310
253 598
253 568
253 402
254 279
254 278
255 419
255 378
255 373
256 337
256 292
256 592
256 295
257 514
258 329
258 476
258 464
259 587
259 260
259 471
259 522
260 587
260 493
260 311
260 517
260 551
261 450
261 267
261 465
262 597
262 316
262 547
262 562
263 267
263 324
263 358
263 529
263 326
264 383
264 488
265 514
265 363
265 299
265 350
266 549
266 452
266 463
267 473
267 439
267 529
268 476
268 329
268 272
268 310
268 488
269 532
269 503
269 542
269 554
270 454
270 408
271 515
271 405
271 393
271 565
272 578
272 524
273 361
273 489
273 286
273 333
273 507
274 582
274 352
275 423
275 392
275 417
275 444
276 302
276 343
276 415
276 369
276 556
276 432
277 423
277 392
278 342
280 582
280 495
280 511
281 494
281 398
281 410
281 589
281 334
282 590
282 371
282 363
283 405
283 470
283 393
284 454
284 371
284 287
285 357
285 480
285 341
285 377
285 320
286 489
286 390
286 321
287 371
287 454
288 409
288 519
288 550
288 458
289 423
289 349
289 426
289 588
289 504
290 409
290 497
290 576
290 376
291 357
291 506
291 320
292 592
292 399
293 465
293 586
293 596
293 483
294 366
295 574
295 368
295 593
295 337
295 592
295 472
296 301
296 462
296 438
297 315
297 559
297 403
297 433
297 517
298 355
298 478
298 425
299 514
299 344
299 350
300 536
300 528
301 381
301 462
302 343
302 369
302 421
302 453
302 435
302 380
303 536
303 528
303 461
303 540
304 400
304 522
304 496
304 424
305 552
305 330
305 336
305 434
305 595
306 557
306 494
306 354
306 558
307 379
307 404
308 331
308 433
308 341
308 367
308 551
309 553
309 360
309 583
309 376
310 335
310 488
310 479
311 498
311 587
311 480
311 341
311 551
313 382
313 490
313 317
314 355
314 477
314 348
314 370
315 559
315 534
315 487
316 562
317 406
317 442
317 490
317 443
318 351
319 500
319 552
319 521
320 377
320 357
321 390
322 449
322 340
322 359
323 417
323 527
323 349
323 426
324 358
324 326
325 410
325 509
326 456
326 358
327 525
327 498
328 389
328 345
328 584
328 555
329 476
329 459
329 438
329 396
329 430
330 552
330 336
330 414
331 367
331 379
331 433
332 541
332 581
332 585
333 544
333 361
333 507
334 589
334 440
334 456
334 427
335 479
337 593
337 413
338 437
339 585
340 363
340 590
340 359
341 480
341 377
341 367
341 551
343 575
343 435
343 451
343 400
344 350
345 555
345 387
345 389
346 578
346 524
346 580
347 540
348 370
349 426
350 363
351 535
352 582
353 444
353 446
353 586
353 483
354 557
354 587
354 401
354 556
355 374
356 394
356 545
356 420
357 506
358 456
358 440
358 529
358 509
359 513
359 590
360 583
360 491
360 484
360 407
360 376
361 489
362 388
362 448
362 418
363 590
364 573
364 425
364 478
365 594
366 436
366 547
367 377
368 481
368 490
368 472
368 574
369 415
369 421
370 477
371 590
372 382
372 445
373 512
374 545
375 438
375 459
376 576
376 484
376 441
378 419
378 595
378 496
379 404
380 435
380 453
380 503
381 532
381 567
381 462
381 511
382 490
383 488
383 479
383 413
384 468
384 577
385 491
385 484
385 538
386 507
386 530
386 544
387 389
387 513
388 448
388 599
388 418
389 560
390 591
390 489
390 428
391 481
391 445
391 412
391 520
391 413
392 423
393 405
393 508
394 545
394 579
394 486
395 509
395 439
395 529
396 438
396 567
396 430
397 571
397 447
398 564
398 589
399 442
399 472
399 580
399 592
400 570
400 522
400 451
400 416
400 496
401 587
401 558
401 498
402 489
402 461
403 424
403 522
403 493
403 517
404 534
405 565
406 455
406 442
406 543
406 443
407 491
408 414
410 494
410 557
411 526
411 505
411 420
412 495
413 520
413 574
413 593
416 431
416 482
416 496
417 527
417 444
420 505
420 475
421 453
421 474
424 522
424 559
425 478
426 527
426 450
426 588
427 589
428 591
429 457
429 469
429 560
430 567
431 482
432 556
433 551
433 517
434 496
434 581
434 595
435 570
436 597
436 547
437 516
438 459
438 567
438 462
439 473
439 529
440 456
441 576
441 497
441 484
441 538
442 472
442 490
443 543
443 478
444 446
444 476
445 481
446 476
446 464
446 466
447 533
447 548
447 521
447 571
449 469
449 560
450 527
451 575
452 549
452 563
452 463
453 554
455 524
455 572
455 537
455 543
457 501
457 598
458 510
458 550
459 468
460 506
461 489
462 567
464 577
464 476
464 466
465 586
467 561
467 533
467 502
468 577
469 560
471 522
472 592
472 490
473 596
474 554
474 499
475 535
475 505
478 543
479 488
480 498
481 490
481 520
481 574
483 586
484 491
484 538
485 569
485 534
486 579
486 546
487 559
487 585
492 501
492 591
492 584
493 517
494 557
495 511
496 581
496 595
497 576
497 538
498 587
500 535
501 598
501 591
501 584
502 533
503 532
504 588
505 526
505 512
506 555
509 529
511 567
513 569
513 590
515 519
517 551
518 563
519 550
520 574
521 552
521 548
523 553
524 578
524 580
525 530
528 536
530 544
532 582
533 548
533 561
533 571
536 540
537 572
537 543
541 581
541 559
542 577
542 554
547 562
549 563
555 584
556 557
564 589
568 598
574 593
591 598
10 0.5 0.5 0.5
