120
0 386.323 426.161 445 1502 1358 0
1 316.342 252.971 435 1341 1426 0
2 390.211 282.774 427 1319 1344 0
3 447.654 227.994 385 1250 1277 0
4 497.592 31.3942 385 1386 1395 0
5 451.18 474.529 425 1364 1333 0
6 192.931 85.7329 423 1313 1294 0
7 183.579 420.025 428 1447 1348 0
8 271.019 12.3453 420 1500 1413 0
9 307.102 455.789 434 1383 1374 0
10 173.712 75.9891 463 1413 1476 0
11 108.185 261.622 431 1339 1387 0
12 441.062 436.717 465 1310 1354 0
13 89.1144 245.48 432 1441 1357 0
14 181.803 58.0984 439 1398 1402 0
15 39.4402 370.995 409 1303 1340 0
16 32.7662 200.704 411 1371 1360 0
17 450.3 188.541 420 1400 1339 0
18 217.12 130.671 412 1254 1235 0
19 473.899 324.212 434 1442 1537 0
20 238.827 461.64 455 1344 1416 0
21 275.332 10.5395 440 1391 1283 0
22 64.3887 181.532 396 1439 1364 0
23 293.494 260.35 386 1282 1210 0
24 248.012 331.421 432 1322 1286 0
25 413.953 301.073 451 1380 1411 0
26 467.144 286.928 414 1269 1384 0
27 339.489 292.368 407 1410 1357 0
28 57.0572 460.854 404 1316 1363 0
29 299.341 25.8902 454 1464 1362 0
30 144.638 429.808 438 1454 1442 0
31 226.076 153.427 417 1344 1265 0
32 466.336 204.593 407 1360 1299 0
33 240.6 263.586 411 1373 1332 0
34 204.598 184.243 412 1325 1389 0
35 407.554 255.834 425 1311 1366 0
36 56.4404 93.0825 454 1484 1563 0
37 450.945 37.3132 436 1289 1420 0
38 309.121 397.997 437 1476 1431 0
39 396.621 11.3888 407 1366 1250 0
40 432.263 46.1217 436 1393 1475 0
41 486.088 188.709 446 1379 1339 0
42 443.848 250.027 399 1377 1417 0
43 325.805 297.633 454 1393 1438 0
44 115.36 361.648 443 1340 1412 0
45 105.04 413.101 405 1339 1399 0
46 277.654 25.4207 423 1314 1425 0
47 23.9345 267.788 433 1380 1463 0
48 161.698 150.677 454 1484 1463 0
49 340.635 53.1173 427 1438 1436 0
50 44.1917 229.256 424 1355 1421 0
51 435.29 427.246 403 1484 1384 0
52 4.37847 88.8888 452 1442 1413 0
53 169.331 440.338 423 1410 1374 0
54 357.02 435.663 437 1343 1378 0
55 321.952 51.5989 384 1402 1198 0
56 348.615 165.131 397 1342 1381 0
57 357.904 284.692 423 1333 1307 0
58 229.367 477.574 426 1441 1311 0
59 20.2562 446.421 411 1374 1363 0
60 34.8377 17.6422 449 1381 1435 0
61 499.467 40.169 424 1400 1399 0
62 347.098 172.569 446 1384 1417 0
63 204.937 378.412 442 1393 1515 0
64 425.949 419.134 423 1337 1383 0
65 446.694 86.8116 428 1296 1321 0
66 454.596 397.946 424 1271 1349 0
67 479.502 492.773 415 1228 1262 0
68 233.292 437.478 443 1585 1443 0
69 262.893 450.498 418 1436 1374 0
70 233.834 56.0787 420 1380 1303 0
71 154.152 332.725 459 1414 1408 0
72 29.9113 219.062 421 1276 1403 0
73 431.391 395.151 438 1390 1327 0
74 350.28 152.247 389 1381 1286 0
75 481.417 169.658 430 1430 1512 0
76 183.748 246.295 435 1411 1381 0
77 280.998 235.426 444 1403 1335 0
78 299.31 3.78137 428 1411 1466 0
79 136.144 169.659 429 1446 1378 0
80 142.627 128.032 416 1392 1413 0
81 476.485 283.426 422 1300 1373 0
82 285.214 86.1186 429 1411 1333 0
83 241.747 48.2841 410 1287 1401 0
84 422.834 70.7179 394 1294 1275 0
85 155.484 221.401 404 1292 1464 0
86 105.783 397.451 449 1353 1437 0
87 328.456 357.446 424 1370 1379 0
88 241.44 382.657 409 1411 1301 0
89 429.598 254.625 437 1472 1353 0
90 53.9045 473.583 417 1325 1340 0
91 402.747 464.545 405 1327 1327 0
92 438.056 408.879 414 1337 1329 0
93 207.784 220.584 410 1299 1280 0
94 459.409 279.645 453 1550 1559 0
95 80.9329 239.487 429 1342 1419 0
96 43.4921 471.576 443 1453 1478 0
97 42.9501 361.999 434 1440 1476 0
98 208.662 479.634 426 1385 1417 0
99 471.017 377.378 408 1435 1359 0
100 124.167 379.527 443 1415 1540 0
101 328.461 436.849 427 1460 1345 0
102 316.952 20.0561 442 1426 1411 0
103 203.069 472.55 443 1408 1407 0
104 382.272 337.097 419 1300 1354 0
105 274.35 499.311 391 1376 1385 0
106 361.804 331.658 410 1271 1332 0
107 340.912 213.129 403 1241 1421 0
108 308.041 242.14 424 1351 1252 0
109 338.543 390.535 439 1443 1528 0
110 3.16323 164.335 441 1406 1407 0
111 357.954 133.857 438 1339 1473 0
112 242.01 463.965 431 1468 1435 0
113 43.8725 364.929 416 1289 1284 0
114 409.478 99.565 445 1445 1457 0
115 333.651 173.677 434 1387 1424 0
116 24.5292 263.079 419 1289 1375 0
117 132.598 68.7426 420 1370 1470 0
118 255.904 483.661 446 1333 1465 0
119 450.221 364.472 430 1452 1336 0
214
0 54
0 64
0 91
0 104
1 23
1 27
1 43
1 108
2 25
2 35
2 57
2 104
2 106
3 32
3 42
4 37
4 61
5 12
5 67
5 91
6 10
6 18
6 48
6 70
7 53
7 63
7 68
8 21
8 46
9 69
9 101
9 105
10 14
10 80
10 117
11 13
11 71
11 85
11 97
12 51
12 91
13 79
13 95
14 70
15 59
15 113
16 22
16 72
16 110
17 32
17 56
17 62
17 75
17 107
17 111
17 114
18 31
18 48
18 82
19 25
19 26
19 119
20 58
20 68
20 112
21 46
21 78
22 36
22 79
22 95
23 24
23 33
23 43
23 77
23 108
24 33
24 43
24 87
24 88
25 89
25 94
25 104
25 119
26 81
26 94
27 43
27 57
27 106
28 45
28 90
29 46
29 55
29 78
29 102
30 45
30 53
30 100
31 34
31 77
31 115
32 41
33 76
33 77
33 93
34 48
34 85
34 93
35 89
35 107
36 52
36 60
36 80
36 110
36 117
37 40
38 69
38 87
38 88
38 101
38 109
39 40
39 49
39 102
40 84
41 75
42 89
42 94
43 87
44 71
44 100
44 113
45 86
46 82
46 83
47 97
47 116
48 79
48 80
49 55
49 84
49 111
49 114
50 72
50 95
50 116
51 64
51 92
52 60
52 110
53 103
54 101
54 109
55 82
55 102
56 62
56 74
57 106
58 98
58 112
58 118
59 96
60 117
62 107
62 115
63 68
63 71
63 88
63 100
64 91
64 92
65 75
65 84
65 114
66 73
66 92
66 99
66 119
68 69
68 88
69 112
69 118
70 83
71 76
73 92
73 104
73 119
74 111
76 85
76 93
77 108
78 102
79 80
79 85
79 95
80 117
82 83
82 111
84 114
86 100
86 113
87 106
87 109
90 96
97 113
98 103
99 119
101 109
104 106
104 119
105 118
107 108
107 115
111 114
112 118
7 8 0.05 0.05 0.05 0
1 1 1 1 1 1 1 1 1 1 1 1 1 1 1 1 1 1 1 1 1 1 1 1 1 1 1 1 1 1 1 1 1 1 1 1 1 1 1 1 1 1 1 1 1 1 1 1 1 1 1 1 1 1 1 1 1 1 1 1 1 1 1 1 1 1 1 1 1 1 1 1 1 1 1 1 1 1 1 1 1 1 1 1 1 1 1 1 1 1 1 1 1 1 1 1 1 1 1 1 1 1 1 1 1 1 1 1 1 1 1 1 1 1 1 1 1 1 1 1
1 1 1 1 1 1 1 1 1 1 1 1 1 1 1 1 1 1 1 1 1 1 1 1 1 1 1 1 1 1 1 1 1 1 1 1 1 1 1 1 1 1 1 1 1 1 1 1 1 1 1 1 1 1 1 1 1 1 1 1 1 1 1 1 1 1 1 1 1 1 1 1 1 1 1 1 1 1 1 1 1 1 1 1 1 1 1 1 1 1 1 1 1 1 1 1 1 1 1 1 1 1 1 1 1 1 1 1 1 1 1 1 1 1 1 1 1 1 1 1
1 1 1 1 1 1 1 1 1 1 1 1 1 1 1 1 1 1 1 1 1 1 1 1 1 1 1 1 1 1 1 1 1 1 1 1 1 1 1 1 1 1 1 1 1 1 1 1 1 1 1 1 1 1 1 1 1 1 1 1 1 1 1 1 1 1 1 1 1 1 1 1 1 1 1 1 1 1 1 1 1 1 1 1 1 1 1 1 1 1 1 1 1 1 1 1 1 1 1 1 1 1 1 1 1 1 1 1 1 1 1 1 1 1 1 1 1 1 1 1
1 1 1 1 1 1 1 1 1 1 1 1 1 1 1 1 1 1 1 1 1 1 1 1 1 1 1 1 1 1 1 1 1 1 1 1 1 1 1 1 1 1 1 1 1 1 1 1 1 1 1 1 1 1 1 1 1 1 1 1 1 1 1 1 1 1 1 1 1 1 1 1 1 1 1 1 1 1 1 1 1 1 1 1 1 1 1 1 1 1 1 1 1 1 1 1 1 1 1 1 1 1 1 1 1 1 1 1 1 1 1 1 1 1 1 1 1 1 1 1
1 1 1 1 1 1 1 1 1 1 1 1 1 1 1 1 1 1 1 1 1 1 1 1 1 1 1 1 1 1 1 1 1 1 1 1 1 1 1 1 1 1 1 1 1 1 1 1 1 1 1 1 1 1 1 1 1 1 1 1 1 1 1 1 1 1 1 1 1 1 1 1 1 1 1 1 1 1 1 1 1 1 1 1 1 1 1 1 1 1 1 1 1 1 1 1 1 1 1 1 1 1 1 1 1 1 1 1 1 1 1 1 1 1 1 1 1 1 1 1
1 1 1 1 1 1 1 1 1 1 1 1 1 1 1 1 1 1 1 1 1 1 1 1 1 1 1 1 1 1 1 1 1 1 1 1 1 1 1 1 1 1 1 1 1 1 1 1 1 1 1 1 1 1 1 1 1 1 1 1 1 1 1 1 1 1 1 1 1 1 1 1 1 1 1 1 1 1 1 1 1 1 1 1 1 1 1 1 1 1 1 1 1 1 1 1 1 1 1 1 1 1 1 1 1 1 1 1 1 1 1 1 1 1 1 1 1 1 1 1
1 1 1 1 1 1 1 1 1 1 1 1 1 1 1 1 1 1 1 1 1 1 1 1 1 1 1 1 1 1 1 1 1 1 1 1 1 1 1 1 1 1 1 1 1 1 1 1 1 1 1 1 1 1 1 1 1 1 1 1 1 1 1 1 1 1 1 1 1 1 1 1 1 1 1 1 1 1 1 1 1 1 1 1 1 1 1 1 1 1 1 1 1 1 1 1 1 1 1 1 1 1 1 1 1 1 1 1 1 1 1 1 1 1 1 1 1 1 1 1
