120
0 386.319 360.392 395 1272 1289 0
1 345.716 446.503 436 1361 1297 0
2 262.147 403.133 440 1431 1409 0
3 100.96 335.264 434 1340 1334 0
4 276.445 202.891 437 1387 1295 0
5 257.507 415.915 431 1395 1372 0
6 86.5656 407.747 446 1359 1404 0
7 289.83 179.146 444 1530 1458 0
8 293.37 171.993 427 1405 1365 0
9 224.284 35.316 402 1369 1346 0
10 392.292 252.639 452 1447 1384 0
11 263.401 478.497 406 1439 1298 0
12 416.042 414.204 395 1340 1410 0
13 255.923 302.472 426 1372 1359 0
14 270.549 112.287 408 1366 1378 0
15 10.8222 388.57 441 1456 1460 0
16 419.229 476.928 440 1412 1339 0
17 89.6218 273.21 421 1346 1442 0
18 113.99 323.611 408 1458 1334 0
19 132.237 8.91014 397 1310 1304 0
20 16.7822 58.5445 448 1393 1433 0
21 297.152 231.878 437 1375 1409 0
22 187.025 323.195 396 1392 1364 0
23 301.971 219.496 386 1301 1272 0
24 431.703 134.161 424 1388 1318 0
25 269.256 382.56 410 1317 1376 0
26 52.7369 349.608 451 1459 1397 0
27 402.343 184.291 438 1376 1406 0
28 112.706 246.726 449 1417 1477 0
29 479.782 199.724 450 1458 1374 0
30 168.817 312.137 436 1473 1427 0
31 384.309 77.3137 425 1419 1429 0
32 17.8782 479.56 425 1504 1481 0
33 84.5438 428.034 440 1352 1477 0
34 247.521 86.0474 422 1273 1287 0
35 2.85832 39.7337 413 1358 1360 0
36 413.136 75.3316 419 1427 1488 0
37 73.136 196.678 398 1224 1238 0
38 331.208 117.166 453 1430 1431 0
39 408.182 310.037 431 1305 1383 0
40 338.119 267.448 435 1370 1454 0
41 343.538 335.918 412 1240 1349 0
42 468.772 150.729 414 1345 1319 0
43 100.794 43.4963 451 1473 1494 0
44 40.1604 475.414 406 1347 1347 0
45 269.06 96.0645 435 1341 1430 0
46 205.988 32.9516 477 1435 1489 0
47 195.38 257.311 419 1425 1269 0
48 316.663 159.802 394 1417 1321 0
49 489.676 476.547 433 1466 1436 0
50 430.009 155.021 417 1330 1258 0
51 241.742 461.212 439 1424 1431 0
52 6.26888 361.13 417 1373 1415 0
53 403.298 233.764 413 1400 1301 0
54 165.17 12.7928 457 1418 1463 0
55 34.2287 282.489 462 1408 1502 0
56 129.278 272.467 420 1282 1288 0
57 300.762 398.641 402 1335 1396 0
58 199.728 326.278 451 1456 1457 0
59 486.569 269.909 460 1469 1440 0
60 183.644 8.95091 427 1298 1343 0
61 69.3021 259.589 403 1298 1419 0
62 378.412 472.101 389 1216 1292 0
63 491.78 347.208 389 1332 1226 0
64 253.079 5.18315 433 1364 1450 0
65 15.0522 481.877 407 1341 1343 0
66 303.368 207.404 446 1377 1441 0
67 325.247 425.306 437 1386 1324 0
68 329.812 152.06 415 1332 1307 0
69 363.866 490.887 428 1248 1278 0
70 423.776 401.42 422 1310 1347 0
71 164.766 225.488 437 1366 1368 0
72 100.687 238.184 418 1242 1381 0
73 225.21 105.854 434 1440 1462 0
74 393.835 181.072 447 1463 1442 0
75 477.742 404.539 433 1342 1393 0
76 115.055 228.16 397 1302 1315 0
77 219.617 101.568 401 1341 1322 0
78 491.77 184.106 452 1429 1505 0
79 347.118 4.87642 407 1272 1250 0
80 272.876 225.667 414 1416 1365 0
81 170.051 43.3835 424 1398 1370 0
82 235.74 74.945 460 1389 1366 0
83 480.174 277.975 393 1365 1324 0
84 327.479 434.718 444 1424 1392 0
85 351.917 163.438 423 1289 1294 0
86 122.735 306.739 411 1427 1329 0
87 153.81 89.2152 415 1396 1307 0
88 395.939 41.2851 432 1406 1380 0
89 130.824 251.137 437 1390 1426 0
90 380.92 116.681 429 1417 1425 0
91 89.7571 48.3705 468 1470 1432 0
92 97.9633 468.688 427 1415 1345 0
93 168.272 149.114 429 1442 1358 0
94 80.3097 265.692 425 1183 1348 0
95 160.179 133.007 434 1410 1418 0
96 465.648 149.26 444 1487 1467 0
97 113.884 55.4423 388 1225 1328 0
98 269.629 157.626 393 1325 1270 0
99 443.353 438.443 438 1321 1414 0
100 462.864 354.467 436 1435 1416 0
101 84.5618 229.541 398 1275 1326 0
102 119.413 467.073 462 1492 1566 0
103 441.544 37.1814 439 1410 1367 0
104 237.47 163.384 422 1484 1275 0
105 215.292 414.923 402 1283 1222 0
106 457.383 232.579 425 1309 1388 0
107 35.5336 213.556 434 1402 1412 0
108 293.309 140.004 444 1390 1443 0
109 199.383 31.8498 474 1397 1581 0
110 343.287 121.238 423 1379 1371 0
111 260.397 487.505 423 1369 1396 0
112 117.872 69.2221 433 1406 1435 0
113 74.5642 200.915 425 1401 1421 0
114 488.099 483.238 437 1366 1391 0
115 196.712 142.226 411 1296 1227 0
116 495.746 497.77 436 1391 1478 0
117 349.298 158.695 418 1365 1300 0
118 499.053 76.9974 434 1295 1458 0
119 262.908 196.163 438 1494 1449 0
205
0 39
0 41
0 67
0 70
0 100
1 12
1 62
1 84
2 5
2 25
2 57
3 6
3 18
3 26
4 7
4 66
4 80
4 119
5 51
5 105
6 15
6 26
6 33
7 8
7 66
8 48
8 98
8 108
9 46
9 64
9 82
10 39
10 40
10 53
11 51
11 84
11 111
12 62
12 70
12 99
13 21
13 25
13 40
13 41
13 47
13 58
13 80
14 45
14 73
14 98
14 108
15 32
15 44
15 52
16 62
16 99
16 114
17 28
17 56
17 86
17 94
18 86
19 43
19 54
20 35
20 37
20 91
21 23
21 40
21 80
22 30
22 58
23 66
24 36
24 50
24 90
24 96
25 57
25 58
26 52
26 55
27 50
27 53
27 74
27 106
28 72
28 76
28 89
29 78
29 106
30 47
30 56
30 86
31 36
31 88
31 90
32 44
32 65
33 44
33 92
34 45
34 73
34 82
36 88
36 103
37 93
37 95
37 107
37 113
38 68
38 108
38 110
39 41
39 83
39 100
40 41
41 57
42 78
42 96
43 91
43 97
44 92
45 79
46 109
47 56
47 71
47 80
48 68
48 108
49 75
49 99
49 114
50 96
51 105
52 55
53 106
54 60
54 81
55 61
55 107
56 86
56 89
57 67
58 105
59 83
59 106
60 109
61 94
61 101
61 107
62 69
63 75
63 83
63 100
64 79
67 84
68 110
68 117
70 75
70 100
71 76
71 89
71 93
71 104
72 76
72 94
72 101
73 77
73 104
73 115
74 85
74 90
75 99
75 100
77 81
77 82
77 87
77 115
79 88
81 87
81 97
81 109
81 112
85 117
87 95
87 112
88 103
90 110
90 117
92 102
93 95
93 115
96 118
97 112
98 104
98 108
98 119
101 113
102 105
103 118
104 115
104 119
107 113
110 117
114 116
7 8 0.05 0.05 0.05 0
1 1 1 1 1 1 1 1 1 1 1 1 1 1 1 1 1 1 1 1 1 1 1 1 1 1 1 1 1 1 1 1 1 1 1 1 1 1 1 1 1 1 1 1 1 1 1 1 1 1 1 1 1 1 1 1 1 1 1 1 1 1 1 1 1 1 1 1 1 1 1 1 1 1 1 1 1 1 1 1 1 1 1 1 1 1 1 1 1 1 1 1 1 1 1 1 1 1 1 1 1 1 1 1 1 1 1 1 1 1 1 1 1 1 1 1 1 1 1 1
1 1 1 1 1 1 1 1 1 1 1 1 1 1 1 1 1 1 1 1 1 1 1 1 1 1 1 1 1 1 1 1 1 1 1 1 1 1 1 1 1 1 1 1 1 1 1 1 1 1 1 1 1 1 1 1 1 1 1 1 1 1 1 1 1 1 1 1 1 1 1 1 1 1 1 1 1 1 1 1 1 1 1 1 1 1 1 1 1 1 1 1 1 1 1 1 1 1 1 1 1 1 1 1 1 1 1 1 1 1 1 1 1 1 1 1 1 1 1 1
1 1 1 1 1 1 1 1 1 1 1 1 1 1 1 1 1 1 1 1 1 1 1 1 1 1 1 1 1 1 1 1 1 1 1 1 1 1 1 1 1 1 1 1 1 1 1 1 1 1 1 1 1 1 1 1 1 1 1 1 1 1 1 1 1 1 1 1 1 1 1 1 1 1 1 1 1 1 1 1 1 1 1 1 1 1 1 1 1 1 1 1 1 1 1 1 1 1 1 1 1 1 1 1 1 1 1 1 1 1 1 1 1 1 1 1 1 1 1 1
1 1 1 1 1 1 1 1 1 1 1 1 1 1 1 1 1 1 1 1 1 1 1 1 1 1 1 1 1 1 1 1 1 1 1 1 1 1 1 1 1 1 1 1 1 1 1 1 1 1 1 1 1 1 1 1 1 1 1 1 1 1 1 1 1 1 1 1 1 1 1 1 1 1 1 1 1 1 1 1 1 1 1 1 1 1 1 1 1 1 1 1 1 1 1 1 1 1 1 1 1 1 1 1 1 1 1 1 1 1 1 1 1 1 1 1 1 1 1 1
1 1 1 1 1 1 1 1 1 1 1 1 1 1 1 1 1 1 1 1 1 1 1 1 1 1 1 1 1 1 1 1 1 1 1 1 1 1 1 1 1 1 1 1 1 1 1 1 1 1 1 1 1 1 1 1 1 1 1 1 1 1 1 1 1 1 1 1 1 1 1 1 1 1 1 1 1 1 1 1 1 1 1 1 1 1 1 1 1 1 1 1 1 1 1 1 1 1 1 1 1 1 1 1 1 1 1 1 1 1 1 1 1 1 1 1 1 1 1 1
1 1 1 1 1 1 1 1 1 1 1 1 1 1 1 1 1 1 1 1 1 1 1 1 1 1 1 1 1 1 1 1 1 1 1 1 1 1 1 1 1 1 1 1 1 1 1 1 1 1 1 1 1 1 1 1 1 1 1 1 1 1 1 1 1 1 1 1 1 1 1 1 1 1 1 1 1 1 1 1 1 1 1 1 1 1 1 1 1 1 1 1 1 1 1 1 1 1 1 1 1 1 1 1 1 1 1 1 1 1 1 1 1 1 1 1 1 1 1 1
1 1 1 1 1 1 1 1 1 1 1 1 1 1 1 1 1 1 1 1 1 1 1 1 1 1 1 1 1 1 1 1 1 1 1 1 1 1 1 1 1 1 1 1 1 1 1 1 1 1 1 1 1 1 1 1 1 1 1 1 1 1 1 1 1 1 1 1 1 1 1 1 1 1 1 1 1 1 1 1 1 1 1 1 1 1 1 1 1 1 1 1 1 1 1 1 1 1 1 1 1 1 1 1 1 1 1 1 1 1 1 1 1 1 1 1 1 1 1 1
