100
0 386.288 334.241 529 1717 1752 0
1 154.565 268.434 505 1670 1801 0
2 67.3283 87.4407 485 1522 1640 0
3 375.394 254.032 534 1831 1682 0
4 407.412 372.994 526 1631 1802 0
5 120.833 335.641 504 1671 1649 0
6 35.8571 150.887 507 1640 1607 0
7 373.509 66.0917 520 1690 1687 0
8 239.972 207.774 499 1655 1743 0
9 12.1342 438.787 558 1798 1820 0
10 0.095701 108.44 516 1690 1659 0
11 422.301 110.171 503 1644 1684 0
12 74.3395 423.15 500 1649 1549 0
13 488.642 100.805 530 1680 1709 0
14 426.66 381.125 481 1573 1652 0
15 426.176 234.931 529 1661 1693 0
16 320.069 392.123 507 1676 1766 0
17 264.018 354.733 554 1608 1695 0
18 148.199 281.117 522 1732 1680 0
19 71.3747 94.1794 483 1532 1673 0
20 387.138 128.889 553 1732 1747 0
21 4.90115 373.675 496 1637 1638 0
22 11.5159 47.1096 517 1731 1757 0
23 393.226 452.79 501 1607 1588 0
24 463.896 203.211 516 1633 1568 0
25 472.804 414.455 459 1478 1667 0
26 395.185 367.552 522 1593 1670 0
27 337.263 382.346 475 1662 1605 0
28 110.532 215.382 486 1523 1459 0
29 91.5709 32.6384 518 1633 1613 0
30 245.991 372.758 512 1632 1595 0
31 439.434 69.8956 492 1683 1646 0
32 341.333 288.128 519 1656 1644 0
33 297.788 426.843 533 1702 1734 0
34 48.4623 6.11679 517 1684 1659 0
35 275.69 28.1448 497 1584 1602 0
36 387.092 349.993 500 1675 1705 0
37 336.585 481.96 495 1685 1693 0
38 351.736 133.569 534 1710 1789 0
39 308.873 223.342 479 1647 1591 0
40 292.91 436.037 510 1624 1741 0
41 158.58 259.474 520 1586 1671 0
42 173.303 206.049 519 1675 1736 0
43 148.025 362.797 504 1569 1655 0
44 390.878 482.16 519 1772 1696 0
45 431.005 401.78 513 1664 1625 0
46 497.068 214.324 531 1719 1623 0
47 360.494 321.149 512 1557 1759 0
48 430.078 327.395 552 1714 1752 0
49 467.021 223.455 521 1705 1774 0
50 489.475 103.835 518 1785 1697 0
51 347.636 216.455 519 1657 1732 0
52 165.726 352.813 480 1535 1530 0
53 77.6079 355.763 522 1552 1690 0
54 48.0365 348.886 528 1656 1668 0
55 398.619 85.9494 523 1645 1681 0
56 200.229 243.323 500 1572 1563 0
57 337.708 356.106 506 1626 1729 0
58 54.5616 16.9618 504 1697 1666 0
59 394.028 430.592 504 1629 1627 0
60 154.841 414.406 529 1674 1583 0
61 460.674 50.8678 490 1627 1599 0
62 426.463 55.4816 519 1614 1729 0
63 412.393 89.2908 518 1602 1566 0
64 24.5693 436.178 516 1767 1624 0
65 365.832 41.7107 521 1698 1766 0
66 266.743 148.2 504 1651 1629 0
67 460.12 242.482 511 1757 1642 0
68 288.525 237.2 522 1741 1696 0
69 153.127 98.3325 505 1649 1616 0
70 266.92 132.211 509 1602 1536 0
71 307.384 211.259 528 1688 1708 0
72 296.835 409.708 481 1592 1644 0
73 186.79 374.721 505 1686 1633 0
74 59.399 318.796 525 1674 1689 0
75 180.394 381.915 510 1575 1714 0
76 283.087 340.609 541 1704 1745 0
77 255.334 395.712 500 1640 1665 0
78 9.8846 130.528 527 1677 1638 0
79 320.174 163.759 511 1699 1702 0
80 382.505 269.123 560 1736 1730 0
81 145.194 269.973 494 1617 1666 0
82 385.019 17.9583 504 1608 1709 0
83 27.0409 476.469 497 1674 1762 0
84 229.618 184.114 514 1542 1690 0
85 378.51 115.04 501 1610 1649 0
86 447.27 258.537 507 1694 1726 0
87 71.756 3.34578 497 1633 1740 0
88 276.264 161.392 471 1592 1578 0
89 497.857 482.579 533 1582 1722 0
90 250.501 166.323 489 1575 1641 0
91 166.169 308.588 522 1565 1619 0
92 319.669 175.142 497 1576 1591 0
93 226.692 19.2537 518 1763 1782 0
94 77.2783 316.967 542 1687 1687 0
95 302.445 195.102 510 1663 1478 0
96 115.231 179.504 490 1596 1628 0
97 373.506 22.2248 521 1663 1588 0
98 192.877 175.413 491 1615 1640 0
99 321.924 75.063 528 1721 1671 0
178
0 36
0 47
0 48
1 18
1 41
1 81
2 10
2 19
2 22
2 29
2 58
2 78
3 15
3 32
3 51
3 80
4 14
4 26
4 48
4 59
5 18
5 43
5 53
5 91
5 94
6 19
6 78
6 96
7 55
7 65
7 99
8 56
8 68
8 84
8 95
9 21
9 64
9 83
10 22
10 78
11 13
11 20
11 24
11 63
12 43
12 53
12 60
12 64
13 31
13 50
13 61
14 45
14 48
15 20
15 67
15 80
15 86
16 17
16 27
16 72
16 76
17 30
17 56
17 76
18 81
18 91
19 69
19 78
19 96
20 24
20 38
20 85
21 54
21 64
22 58
23 44
23 59
23 89
24 46
24 49
24 50
25 45
25 89
26 27
26 36
27 57
27 59
28 41
28 42
28 81
28 96
29 58
29 69
29 87
29 93
30 73
30 77
31 61
31 62
31 63
32 39
32 47
32 68
32 76
32 80
33 40
33 72
34 58
34 87
35 93
35 99
36 57
37 40
37 44
38 79
38 85
38 99
39 51
39 68
39 71
41 42
41 56
42 56
42 96
42 98
43 52
43 60
43 75
44 89
45 59
46 49
47 57
47 80
48 80
48 86
49 67
51 71
51 92
52 73
52 91
53 54
53 74
53 94
54 74
55 63
55 85
56 76
57 76
58 87
60 75
62 63
62 82
64 83
65 97
65 99
66 70
66 88
66 90
67 86
68 76
69 70
69 93
69 96
69 98
70 99
71 95
72 77
73 75
74 94
79 88
79 92
82 97
84 90
84 98
85 99
88 90
88 95
92 95
6 7 0.05 0.05 0.05 0
1 1 1 1 1 1 1 1 1 1 1 1 1 1 1 1 1 1 1 1 1 1 1 1 1 1 1 1 1 1 1 1 1 1 1 1 1 1 1 1 1 1 1 1 1 1 1 1 1 1 1 1 1 1 1 1 1 1 1 1 1 1 1 1 1 1 1 1 1 1 1 1 1 1 1 1 1 1 1 1 1 1 1 1 1 1 1 1 1 1 1 1 1 1 1 1 1 1 1 1
1 1 1 1 1 1 1 1 1 1 1 1 1 1 1 1 1 1 1 1 1 1 1 1 1 1 1 1 1 1 1 1 1 1 1 1 1 1 1 1 1 1 1 1 1 1 1 1 1 1 1 1 1 1 1 1 1 1 1 1 1 1 1 1 1 1 1 1 1 1 1 1 1 1 1 1 1 1 1 1 1 1 1 1 1 1 1 1 1 1 1 1 1 1 1 1 1 1 1 1
1 1 1 1 1 1 1 1 1 1 1 1 1 1 1 1 1 1 1 1 1 1 1 1 1 1 1 1 1 1 1 1 1 1 1 1 1 1 1 1 1 1 1 1 1 1 1 1 1 1 1 1 1 1 1 1 1 1 1 1 1 1 1 1 1 1 1 1 1 1 1 1 1 1 1 1 1 1 1 1 1 1 1 1 1 1 1 1 1 1 1 1 1 1 1 1 1 1 1 1
1 1 1 1 1 1 1 1 1 1 1 1 1 1 1 1 1 1 1 1 1 1 1 1 1 1 1 1 1 1 1 1 1 1 1 1 1 1 1 1 1 1 1 1 1 1 1 1 1 1 1 1 1 1 1 1 1 1 1 1 1 1 1 1 1 1 1 1 1 1 1 1 1 1 1 1 1 1 1 1 1 1 1 1 1 1 1 1 1 1 1 1 1 1 1 1 1 1 1 1
1 1 1 1 1 1 1 1 1 1 1 1 1 1 1 1 1 1 1 1 1 1 1 1 1 1 1 1 1 1 1 1 1 1 1 1 1 1 1 1 1 1 1 1 1 1 1 1 1 1 1 1 1 1 1 1 1 1 1 1 1 1 1 1 1 1 1 1 1 1 1 1 1 1 1 1 1 1 1 1 1 1 1 1 1 1 1 1 1 1 1 1 1 1 1 1 1 1 1 1
1 1 1 1 1 1 1 1 1 1 1 1 1 1 1 1 1 1 1 1 1 1 1 1 1 1 1 1 1 1 1 1 1 1 1 1 1 1 1 1 1 1 1 1 1 1 1 1 1 1 1 1 1 1 1 1 1 1 1 1 1 1 1 1 1 1 1 1 1 1 1 1 1 1 1 1 1 1 1 1 1 1 1 1 1 1 1 1 1 1 1 1 1 1 1 1 1 1 1 1
