100
0 425.295 433.412 525 1667 1692 0
1 194.823 388.337 532 1571 1728 0
2 459.587 280.67 532 1723 1574 0
3 213.015 139.723 535 1779 1752 0
4 169.498 255.917 518 1744 1764 0
5 110.099 439.821 509 1677 1762 0
6 59.1801 139.307 457 1517 1477 0
7 219.856 119.74 514 1713 1592 0
8 372.259 60.7466 533 1697 1639 0
9 318.444 82.2231 517 1798 1659 0
10 191.999 432.963 491 1674 1625 0
11 107.509 400.238 518 1723 1649 0
12 292.376 462.941 503 1514 1616 0
13 102.669 65.0907 499 1588 1702 0
14 484.807 159.236 516 1579 1682 0
15 423.307 15.4062 491 1538 1593 0
16 293.565 451.668 488 1574 1633 0
17 386.805 25.4476 477 1578 1647 0
18 358.727 120.344 521 1647 1597 0
19 28.6668 303.407 515 1569 1698 0
20 253.692 293.971 527 1698 1674 0
21 141.72 395.734 547 1871 1796 0
22 158.44 399.769 523 1662 1630 0
23 405.224 106.014 530 1628 1680 0
24 312.971 100.85 507 1592 1697 0
25 130.065 499.614 487 1613 1607 0
26 88.5815 289.359 547 1722 1726 0
27 329.946 406.59 519 1722 1607 0
28 164.203 256.473 522 1703 1583 0
29 224.103 491.645 532 1704 1705 0
30 27.3521 207.265 502 1714 1687 0
31 181.095 163.383 539 1785 1593 0
32 351.789 10.5799 520 1643 1587 0
33 459.907 157.562 470 1675 1697 0
34 364.785 443.544 466 1611 1565 0
35 478.304 362.757 532 1695 1754 0
36 181.804 83.9137 516 1641 1558 0
37 28.7932 427.671 523 1649 1633 0
38 388.54 193.864 472 1565 1449 0
39 493.348 206.545 517 1759 1696 0
40 256.735 447.887 498 1698 1594 0
41 291.893 353.206 514 1662 1679 0
42 432.139 459.346 503 1703 1736 0
43 204.617 3.46869 497 1712 1632 0
44 165.212 220.676 513 1685 1525 0
45 8.18591 80.5161 534 1799 1812 0
46 107.631 452.551 493 1634 1572 0
47 123.586 109.092 513 1730 1740 0
48 252.337 21.6624 502 1702 1676 0
49 138.213 451.704 517 1728 1744 0
50 87.9943 419.411 519 1592 1542 0
51 458.884 458.912 491 1584 1557 0
52 334.309 226.741 528 1608 1679 0
53 222.169 494.04 486 1558 1517 0
54 157.685 208.435 488 1599 1612 0
55 8.2817 190.6 523 1762 1740 0
56 291.77 285.037 469 1594 1508 0
57 455.521 440.341 464 1515 1553 0
58 323.821 464.649 502 1727 1718 0
59 264.278 223.459 494 1754 1674 0
60 38.5529 458.04 532 1706 1564 0
61 231.431 160.794 517 1692 1671 0
62 359.846 426.35 561 1728 1760 0
63 427.602 214.829 540 1630 1636 0
64 259.794 355.558 533 1674 1569 0
65 58.8719 459.597 512 1626 1490 0
66 394.245 71.5208 510 1735 1725 0
67 497.316 398.36 502 1619 1654 0
68 381.803 461.922 517 1502 1618 0
69 149.768 153.481 467 1483 1696 0
70 288.352 332.306 516 1678 1767 0
71 223.45 23.2623 538 1770 1688 0
72 76.0285 311.18 525 1736 1667 0
73 155.623 60.1352 484 1623 1611 0
74 390.539 291.008 541 1633 1617 0
75 325.884 133.305 517 1660 1700 0
76 186.118 86.3889 500 1647 1638 0
77 390.343 493.676 530 1568 1706 0
78 456.951 479.836 516 1678 1687 0
79 316.415 494.726 532 1755 1616 0
80 86.6576 455.043 534 1761 1559 0
81 181.309 262.206 489 1614 1666 0
82 143.389 434.245 510 1642 1593 0
83 358.505 388.476 518 1743 1622 0
84 285.212 53.5531 475 1443 1480 0
85 169.243 469.599 492 1600 1653 0
86 157.043 421.252 548 1823 1744 0
87 155.399 298.144 508 1597 1743 0
88 115.031 329.978 496 1588 1595 0
89 110.593 242.918 499 1553 1699 0
90 14.824 147.155 530 1748 1751 0
91 274.144 42.6462 466 1544 1562 0
92 106.648 432.224 483 1550 1514 0
93 412.881 286.45 449 1534 1528 0
94 361.401 69.0018 495 1687 1545 0
95 372.757 419.168 560 1748 1684 0
96 431.609 44.4613 509 1701 1643 0
97 282.11 416.03 497 1781 1698 0
98 109.504 434.751 494 1599 1590 0
99 447.938 486.595 496 1688 1586 0
189
0 42
0 57
0 68
0 95
1 10
1 22
1 64
1 87
1 97
2 35
2 39
2 63
2 93
3 7
3 31
3 61
4 28
4 44
4 81
5 46
5 49
5 82
5 98
6 13
6 30
6 45
6 47
6 89
6 90
7 24
7 76
7 84
7 91
8 17
8 66
8 94
9 24
9 84
9 94
10 29
10 40
10 85
10 86
11 21
11 50
11 88
11 92
12 16
12 40
12 58
12 79
13 45
13 47
13 73
14 33
14 39
15 17
15 96
16 27
16 40
16 58
16 97
17 32
18 23
18 38
18 66
18 75
18 94
19 30
19 37
19 72
20 56
20 59
20 64
20 70
20 81
21 22
21 88
22 86
23 33
23 38
23 66
24 61
24 75
25 46
25 49
25 85
26 30
26 72
26 87
26 88
26 89
27 41
27 58
27 62
27 83
27 97
28 44
28 87
28 89
29 40
29 53
30 55
30 89
31 54
31 69
32 84
33 63
34 58
34 62
34 68
35 67
36 47
36 73
36 76
37 50
37 60
38 52
38 63
39 63
40 97
41 64
41 70
41 97
42 51
42 57
42 68
42 77
42 78
42 99
43 71
43 73
44 54
44 59
44 89
45 90
46 49
46 80
47 69
47 73
48 71
48 91
49 82
49 85
50 80
50 92
51 57
51 78
52 56
52 59
52 74
52 75
53 85
54 69
54 89
55 90
56 59
56 70
56 74
57 67
58 79
59 61
59 75
59 81
60 65
61 75
62 95
63 93
64 70
64 97
65 80
66 96
68 77
69 76
71 73
71 76
72 88
74 83
74 93
77 79
77 99
78 99
81 87
82 86
82 98
83 95
84 91
87 88
92 98
6 7 0.05 0.05 0.05 0
1 1 1 1 1 1 1 1 1 1 1 1 1 1 1 1 1 1 1 1 1 1 1 1 1 1 1 1 1 1 1 1 1 1 1 1 1 1 1 1 1 1 1 1 1 1 1 1 1 1 1 1 1 1 1 1 1 1 1 1 1 1 1 1 1 1 1 1 1 1 1 1 1 1 1 1 1 1 1 1 1 1 1 1 1 1 1 1 1 1 1 1 1 1 1 1 1 1 1 1
1 1 1 1 1 1 1 1 1 1 1 1 1 1 1 1 1 1 1 1 1 1 1 1 1 1 1 1 1 1 1 1 1 1 1 1 1 1 1 1 1 1 1 1 1 1 1 1 1 1 1 1 1 1 1 1 1 1 1 1 1 1 1 1 1 1 1 1 1 1 1 1 1 1 1 1 1 1 1 1 1 1 1 1 1 1 1 1 1 1 1 1 1 1 1 1 1 1 1 1
1 1 1 1 1 1 1 1 1 1 1 1 1 1 1 1 1 1 1 1 1 1 1 1 1 1 1 1 1 1 1 1 1 1 1 1 1 1 1 1 1 1 1 1 1 1 1 1 1 1 1 1 1 1 1 1 1 1 1 1 1 1 1 1 1 1 1 1 1 1 1 1 1 1 1 1 1 1 1 1 1 1 1 1 1 1 1 1 1 1 1 1 1 1 1 1 1 1 1 1
1 1 1 1 1 1 1 1 1 1 1 1 1 1 1 1 1 1 1 1 1 1 1 1 1 1 1 1 1 1 1 1 1 1 1 1 1 1 1 1 1 1 1 1 1 1 1 1 1 1 1 1 1 1 1 1 1 1 1 1 1 1 1 1 1 1 1 1 1 1 1 1 1 1 1 1 1 1 1 1 1 1 1 1 1 1 1 1 1 1 1 1 1 1 1 1 1 1 1 1
1 1 1 1 1 1 1 1 1 1 1 1 1 1 1 1 1 1 1 1 1 1 1 1 1 1 1 1 1 1 1 1 1 1 1 1 1 1 1 1 1 1 1 1 1 1 1 1 1 1 1 1 1 1 1 1 1 1 1 1 1 1 1 1 1 1 1 1 1 1 1 1 1 1 1 1 1 1 1 1 1 1 1 1 1 1 1 1 1 1 1 1 1 1 1 1 1 1 1 1
1 1 1 1 1 1 1 1 1 1 1 1 1 1 1 1 1 1 1 1 1 1 1 1 1 1 1 1 1 1 1 1 1 1 1 1 1 1 1 1 1 1 1 1 1 1 1 1 1 1 1 1 1 1 1 1 1 1 1 1 1 1 1 1 1 1 1 1 1 1 1 1 1 1 1 1 1 1 1 1 1 1 1 1 1 1 1 1 1 1 1 1 1 1 1 1 1 1 1 1
