120
0 386.291 400.01 402 1319 1213 0
1 461.006 126.792 450 1437 1546 0
2 479.087 10.0554 411 1413 1365 0
3 319.604 87.4762 443 1433 1456 0
4 469.688 48.3237 411 1376 1403 0
5 259.507 36.0056 434 1316 1373 0
6 247.202 217.765 401 1409 1393 0
7 190.737 218.239 437 1324 1362 0
8 307.855 126.583 441 1456 1396 0
9 369.461 23.289 425 1303 1331 0
10 9.51527 423.204 440 1295 1459 0
11 429.062 249.142 446 1379 1404 0
12 271.979 143.056 415 1403 1352 0
13 489.837 190.864 428 1495 1384 0
14 174.683 402.042 394 1339 1340 0
15 497.634 238.154 419 1325 1385 0
16 38.9069 408.26 419 1369 1373 0
17 118.653 203.263 440 1387 1376 0
18 20.4501 204.452 424 1335 1450 0
19 169.344 159.601 421 1302 1417 0
20 255.879 53.5859 420 1440 1389 0
21 196.505 164.559 410 1489 1349 0
22 104.554 238.415 442 1415 1312 0
23 260.818 66.9807 430 1432 1308 0
24 22.0106 432.6 423 1497 1450 0
25 177.704 175.413 450 1339 1276 0
26 143.549 122.948 422 1402 1410 0
27 349.454 277.817 445 1381 1401 0
28 144.425 354.691 420 1387 1391 0
29 266.962 323.949 387 1343 1284 0
30 106.246 179.347 453 1392 1459 0
31 114.968 261.287 412 1362 1347 0
32 370.834 108.511 446 1415 1428 0
33 346.975 110.923 438 1391 1454 0
34 208.482 463.785 452 1357 1514 0
35 498.92 344.518 431 1395 1428 0
36 362.165 402.479 416 1295 1337 0
37 474.034 91.1628 437 1360 1329 0
38 96.1131 372.535 413 1431 1433 0
39 175.92 194.341 413 1292 1378 0
40 380.383 92.6427 431 1462 1337 0
41 176.402 292.986 446 1346 1372 0
42 27.1103 142.089 400 1265 1349 0
43 260.998 97.4565 416 1364 1382 0
44 156.112 271.507 428 1355 1355 0
45 376.344 218.463 440 1452 1424 0
46 340.517 68.1975 448 1486 1344 0
47 162.404 16.83 442 1399 1419 0
48 345.107 206.145 420 1308 1419 0
49 457.118 283.875 408 1329 1407 0
50 477.299 459.161 427 1394 1416 0
51 131.259 74.4582 422 1344 1386 0
52 491.404 35.1121 401 1284 1300 0
53 310.802 156.231 420 1416 1374 0
54 47.2528 177.068 382 1295 1377 0
55 334.52 282.785 415 1301 1274 0
56 338.709 176.621 428 1405 1357 0
57 168.063 128.516 438 1305 1371 0
58 2.41003 5.2841 427 1408 1418 0
59 194.708 455.079 412 1383 1342 0
60 226.136 163.909 441 1408 1382 0
61 76.9728 181.636 450 1352 1404 0
62 178.591 79.3674 432 1349 1362 0
63 227.711 134.154 422 1390 1278 0
64 195.918 297.84 425 1420 1348 0
65 103.499 11.2346 403 1443 1354 0
66 403.525 48.7239 418 1363 1330 0
67 85.2947 48.8609 419 1471 1463 0
68 476.951 117.395 442 1389 1383 0
69 223.916 353.631 419 1326 1366 0
70 120.72 442.532 427 1437 1361 0
71 474.805 45.6666 467 1413 1402 0
72 299.014 33.4616 411 1307 1343 0
73 251.118 43.2903 461 1406 1444 0
74 309.446 365.851 440 1425 1479 0
75 330.911 127.562 450 1437 1375 0
76 74.2351 168.764 422 1343 1404 0
77 347.013 239.408 421 1402 1373 0
78 482.736 348.473 417 1363 1328 0
79 83.0125 191.32 425 1400 1427 0
80 13.706 356.962 400 1244 1228 0
81 100.342 455.146 442 1400 1338 0
82 470.073 24.5269 420 1397 1344 0
83 182.22 66.2755 439 1419 1436 0
84 376.201 313.995 413 1417 1388 0
85 409.858 484.364 449 1411 1542 0
86 170.065 275.768 417 1312 1469 0
87 88.5089 68.7155 433 1289 1331 0
88 165.279 344.414 426 1344 1461 0
89 437.925 206.304 448 1482 1376 0
90 482.624 455.263 436 1402 1343 0
91 428.729 156.486 434 1425 1467 0
92 218.158 81.9915 407 1349 1321 0
93 274.618 8.72784 400 1425 1416 0
94 417.786 227.534 430 1500 1409 0
95 314.299 418.302 416 1359 1277 0
96 376.046 201.639 424 1401 1312 0
97 63.6592 420.382 408 1377 1393 0
98 181.45 138.049 430 1363 1501 0
99 20.6713 421.817 449 1396 1473 0
100 462.996 76.2011 386 1376 1251 0
101 51.7397 88.4167 400 1410 1423 0
102 37.6218 309.199 447 1423 1443 0
103 154.94 80.9216 401 1335 1279 0
104 359.053 100.074 403 1360 1241 0
105 28.4706 5.35917 411 1421 1370 0
106 353.547 64.6525 409 1343 1239 0
107 29.9798 370 423 1439 1420 0
108 423.276 493.896 383 1361 1274 0
109 396.533 26.7226 432 1420 1370 0
110 102.148 293.597 439 1467 1442 0
111 266.073 395.486 454 1497 1504 0
112 86.8227 228.783 409 1279 1311 0
113 309.072 73.1256 421 1427 1296 0
114 54.7432 69.5158 429 1373 1376 0
115 485.202 295.125 431 1371 1347 0
116 112.317 205.031 400 1263 1192 0
117 273.367 481.379 451 1387 1363 0
118 306.462 212.43 434 1453 1303 0
119 392.304 449.449 411 1395 1427 0
221
0 36
0 78
0 84
0 119
1 13
1 40
1 68
1 91
2 52
2 82
3 8
3 33
3 46
3 75
3 113
4 66
4 71
4 100
5 72
5 73
5 93
6 7
6 29
6 60
6 64
6 118
7 39
7 86
8 12
8 43
8 53
8 75
9 72
9 106
9 109
10 24
10 99
11 15
11 27
11 49
11 84
11 94
12 43
12 53
12 60
12 63
13 15
13 89
13 91
14 28
14 59
14 69
14 70
14 88
15 49
15 89
15 115
16 97
16 99
16 107
17 19
17 30
17 39
17 116
18 54
18 102
18 112
19 21
19 25
19 30
19 98
20 23
20 73
20 92
21 25
21 60
21 98
22 31
22 112
22 116
23 43
23 92
23 113
24 99
25 39
26 30
26 57
26 103
27 55
27 77
27 84
28 38
28 88
28 110
29 55
29 64
29 69
29 74
29 111
30 79
30 116
31 44
31 110
32 40
32 91
32 104
33 75
33 104
34 59
34 111
34 117
35 78
35 115
36 74
36 84
36 95
37 68
37 100
38 70
38 97
38 102
38 107
38 110
40 66
40 104
40 106
41 64
41 86
41 88
42 54
42 101
43 63
43 92
43 113
44 86
45 48
45 77
45 94
45 96
46 104
46 106
46 113
47 51
47 65
47 83
48 56
48 77
48 96
48 118
49 84
49 115
50 90
50 108
51 87
51 103
52 71
52 82
53 56
53 75
53 118
54 61
54 76
55 74
56 118
57 62
57 98
57 103
58 105
59 70
60 63
61 76
61 79
62 83
62 92
62 103
63 92
63 98
64 69
64 88
65 67
65 105
66 100
66 106
66 109
67 87
67 105
67 114
69 88
69 111
70 81
71 82
72 93
72 113
74 84
74 95
74 111
77 118
78 90
78 115
79 112
79 116
80 102
80 107
81 97
82 109
83 92
85 108
85 119
87 114
89 91
89 94
91 96
92 98
95 111
95 117
101 114
102 110
104 106
105 114
111 117
112 116
7 8 0.05 0.05 0.05 0
1 1 1 1 1 1 1 1 1 1 1 1 1 1 1 1 1 1 1 1 1 1 1 1 1 1 1 1 1 1 1 1 1 1 1 1 1 1 1 1 1 1 1 1 1 1 1 1 1 1 1 1 1 1 1 1 1 1 1 1 1 1 1 1 1 1 1 1 1 1 1 1 1 1 1 1 1 1 1 1 1 1 1 1 1 1 1 1 1 1 1 1 1 1 1 1 1 1 1 1 1 1 1 1 1 1 1 1 1 1 1 1 1 1 1 1 1 1 1 1
1 1 1 1 1 1 1 1 1 1 1 1 1 1 1 1 1 1 1 1 1 1 1 1 1 1 1 1 1 1 1 1 1 1 1 1 1 1 1 1 1 1 1 1 1 1 1 1 1 1 1 1 1 1 1 1 1 1 1 1 1 1 1 1 1 1 1 1 1 1 1 1 1 1 1 1 1 1 1 1 1 1 1 1 1 1 1 1 1 1 1 1 1 1 1 1 1 1 1 1 1 1 1 1 1 1 1 1 1 1 1 1 1 1 1 1 1 1 1 1
1 1 1 1 1 1 1 1 1 1 1 1 1 1 1 1 1 1 1 1 1 1 1 1 1 1 1 1 1 1 1 1 1 1 1 1 1 1 1 1 1 1 1 1 1 1 1 1 1 1 1 1 1 1 1 1 1 1 1 1 1 1 1 1 1 1 1 1 1 1 1 1 1 1 1 1 1 1 1 1 1 1 1 1 1 1 1 1 1 1 1 1 1 1 1 1 1 1 1 1 1 1 1 1 1 1 1 1 1 1 1 1 1 1 1 1 1 1 1 1
1 1 1 1 1 1 1 1 1 1 1 1 1 1 1 1 1 1 1 1 1 1 1 1 1 1 1 1 1 1 1 1 1 1 1 1 1 1 1 1 1 1 1 1 1 1 1 1 1 1 1 1 1 1 1 1 1 1 1 1 1 1 1 1 1 1 1 1 1 1 1 1 1 1 1 1 1 1 1 1 1 1 1 1 1 1 1 1 1 1 1 1 1 1 1 1 1 1 1 1 1 1 1 1 1 1 1 1 1 1 1 1 1 1 1 1 1 1 1 1
1 1 1 1 1 1 1 1 1 1 1 1 1 1 1 1 1 1 1 1 1 1 1 1 1 1 1 1 1 1 1 1 1 1 1 1 1 1 1 1 1 1 1 1 1 1 1 1 1 1 1 1 1 1 1 1 1 1 1 1 1 1 1 1 1 1 1 1 1 1 1 1 1 1 1 1 1 1 1 1 1 1 1 1 1 1 1 1 1 1 1 1 1 1 1 1 1 1 1 1 1 1 1 1 1 1 1 1 1 1 1 1 1 1 1 1 1 1 1 1
1 1 1 1 1 1 1 1 1 1 1 1 1 1 1 1 1 1 1 1 1 1 1 1 1 1 1 1 1 1 1 1 1 1 1 1 1 1 1 1 1 1 1 1 1 1 1 1 1 1 1 1 1 1 1 1 1 1 1 1 1 1 1 1 1 1 1 1 1 1 1 1 1 1 1 1 1 1 1 1 1 1 1 1 1 1 1 1 1 1 1 1 1 1 1 1 1 1 1 1 1 1 1 1 1 1 1 1 1 1 1 1 1 1 1 1 1 1 1 1
1 1 1 1 1 1 1 1 1 1 1 1 1 1 1 1 1 1 1 1 1 1 1 1 1 1 1 1 1 1 1 1 1 1 1 1 1 1 1 1 1 1 1 1 1 1 1 1 1 1 1 1 1 1 1 1 1 1 1 1 1 1 1 1 1 1 1 1 1 1 1 1 1 1 1 1 1 1 1 1 1 1 1 1 1 1 1 1 1 1 1 1 1 1 1 1 1 1 1 1 1 1 1 1 1 1 1 1 1 1 1 1 1 1 1 1 1 1 1 1
