100
0 386.319 360.392 495 1547 1587 0
1 175.905 430.91 493 1660 1574 0
2 374.208 313.327 534 1650 1665 0
3 345.729 161.744 523 1653 1566 0
4 114.373 265.311 526 1673 1630 0
5 86.5656 407.747 548 1690 1731 0
6 179.297 438.399 511 1739 1620 0
7 34.8549 305.727 489 1673 1652 0
8 296.303 466.739 544 1743 1756 0
9 363.433 224.537 495 1710 1513 0
10 293.793 280.95 477 1653 1680 0
11 115.095 394.767 525 1651 1643 0
12 375.637 324.323 508 1678 1648 0
13 450.797 48.876 550 1738 1668 0
14 419.558 15.9982 509 1633 1703 0
15 419.236 96.4879 481 1726 1604 0
16 307.938 14.5507 499 1613 1567 0
17 72.0062 208.556 517 1656 1698 0
18 458.276 253.002 486 1586 1632 0
19 41.2071 67.5701 478 1674 1589 0
20 314.632 20.5537 502 1702 1529 0
21 326.746 112.507 525 1662 1708 0
22 324.811 102.305 534 1685 1663 0
23 270.277 38.2084 525 1710 1722 0
24 469.51 48.6407 543 1720 1667 0
25 282.39 130.803 527 1751 1693 0
26 419.042 341.239 505 1714 1733 0
27 218.578 147.798 519 1761 1769 0
28 310.735 16.4648 503 1551 1628 0
29 75.2031 438.933 505 1618 1623 0
30 495.023 357.287 499 1713 1716 0
31 456.64 246.871 505 1547 1543 0
32 238.125 166.441 525 1594 1708 0
33 111.843 238.762 529 1696 1756 0
34 214.115 126.981 494 1455 1667 0
35 256.372 339.375 497 1643 1608 0
36 468.842 335.085 521 1724 1778 0
37 18.4004 254.947 511 1651 1638 0
38 356.133 31.4308 557 1643 1791 0
39 326.153 158.477 498 1664 1532 0
40 131.81 335.401 478 1650 1621 0
41 150.413 488.706 499 1738 1676 0
42 182.372 121.346 536 1682 1661 0
43 134.936 367.021 495 1629 1597 0
44 464.317 270.321 503 1682 1637 0
45 221.101 48.7541 558 1699 1752 0
46 391.522 310.325 538 1693 1754 0
47 144.795 69.2037 493 1586 1578 0
48 97.4349 88.4942 510 1661 1687 0
49 172.995 28.8863 560 1817 1753 0
50 13.8962 54.214 519 1582 1728 0
51 249.482 49.4781 469 1539 1574 0
52 299.564 278.353 474 1544 1555 0
53 18.6893 110.888 494 1629 1634 0
54 371.407 243.836 492 1601 1629 0
55 454.676 238.901 543 1623 1722 0
56 429.783 366.362 526 1716 1619 0
57 228.61 254.503 494 1490 1476 0
58 246.482 120.362 528 1638 1653 0
59 291.578 57.1332 525 1577 1617 0
60 52.513 85.672 505 1539 1706 0
61 187.474 380.149 540 1780 1767 0
62 296.961 28.9836 513 1713 1688 0
63 106.705 387.511 503 1508 1647 0
64 175.512 334.541 481 1633 1576 0
65 407.697 155.18 541 1691 1782 0
66 122.718 19.4679 481 1642 1549 0
67 445.509 169.911 527 1731 1657 0
68 161.29 300.968 510 1556 1558 0
69 160.893 127.814 489 1668 1629 0
70 126.455 323.988 553 1658 1701 0
71 115.231 182.345 478 1612 1541 0
72 407.82 235.883 490 1668 1600 0
73 106.504 15.9381 512 1704 1636 0
74 444.842 453.581 524 1664 1689 0
75 392.713 330.381 528 1694 1702 0
76 369.109 120.622 534 1765 1660 0
77 323.453 268.528 541 1699 1686 0
78 357.431 337.378 496 1517 1626 0
79 279.701 435.352 529 1674 1743 0
80 114.549 230.731 528 1749 1716 0
81 179.838 33.2033 467 1474 1579 0
82 111.565 67.0103 509 1662 1630 0
83 55.4442 351.117 523 1663 1682 0
84 328.298 206.514 479 1544 1606 0
85 258.795 70.5396 559 1777 1821 0
86 164.165 126.986 495 1606 1523 0
87 177.316 143.439 507 1736 1518 0
88 180.196 49.6816 496 1528 1679 0
89 108.717 203.432 517 1703 1643 0
90 143.74 343.256 556 1655 1768 0
91 316.374 299.952 544 1681 1790 0
92 204.53 35.5823 497 1604 1630 0
93 269.829 15.7801 530 1742 1736 0
94 415.805 441.77 506 1667 1679 0
95 372.105 461.285 519 1556 1650 0
96 267 477.036 506 1695 1597 0
97 406.148 136.407 491 1607 1656 0
98 129.294 42.4959 530 1633 1678 0
99 410.963 51.075 530 1793 1708 0
181
0 26
0 56
0 75
0 78
0 79
0 94
1 6
1 11
1 61
2 12
2 46
2 54
2 91
3 39
3 65
3 76
3 84
4 7
4 33
4 37
4 68
4 70
5 29
5 63
5 83
6 41
6 79
6 96
7 37
7 83
8 79
8 95
8 96
9 54
9 65
9 84
10 35
10 52
10 57
11 43
11 63
12 75
12 78
13 14
13 15
13 24
13 99
14 38
14 99
15 76
15 97
15 99
16 28
16 62
17 37
17 53
17 89
18 31
18 44
19 50
19 60
19 73
20 28
20 38
21 22
21 25
21 39
21 76
22 38
22 59
23 51
23 59
23 62
23 93
25 32
25 39
25 58
26 36
26 56
26 75
27 32
27 34
27 58
27 87
29 41
30 36
30 74
31 55
32 57
32 58
32 84
33 80
34 42
34 45
34 58
35 57
35 61
35 64
35 79
35 91
36 44
36 56
38 76
38 99
39 84
40 70
40 90
42 45
42 86
42 87
42 88
43 61
43 63
43 90
44 46
45 51
45 92
46 54
46 72
46 75
47 69
47 82
47 88
47 98
48 60
48 69
48 71
48 82
49 66
49 81
49 98
50 53
51 85
52 77
52 91
53 60
53 71
54 72
54 77
55 67
55 72
56 94
57 68
57 80
58 85
59 62
59 85
61 64
61 79
61 90
62 93
63 83
64 68
64 90
65 67
65 72
65 97
66 73
66 98
67 72
68 70
68 90
69 71
69 86
70 83
71 87
71 89
74 94
76 97
77 84
77 91
78 79
78 91
79 96
80 89
81 88
81 92
82 98
86 87
88 92
94 95
6 7 0.05 0.05 0.05 0
1 1 1 1 1 1 1 1 1 1 1 1 1 1 1 1 1 1 1 1 1 1 1 1 1 1 1 1 1 1 1 1 1 1 1 1 1 1 1 1 1 1 1 1 1 1 1 1 1 1 1 1 1 1 1 1 1 1 1 1 1 1 1 1 1 1 1 1 1 1 1 1 1 1 1 1 1 1 1 1 1 1 1 1 1 1 1 1 1 1 1 1 1 1 1 1 1 1 1 1
1 1 1 1 1 1 1 1 1 1 1 1 1 1 1 1 1 1 1 1 1 1 1 1 1 1 1 1 1 1 1 1 1 1 1 1 1 1 1 1 1 1 1 1 1 1 1 1 1 1 1 1 1 1 1 1 1 1 1 1 1 1 1 1 1 1 1 1 1 1 1 1 1 1 1 1 1 1 1 1 1 1 1 1 1 1 1 1 1 1 1 1 1 1 1 1 1 1 1 1
1 1 1 1 1 1 1 1 1 1 1 1 1 1 1 1 1 1 1 1 1 1 1 1 1 1 1 1 1 1 1 1 1 1 1 1 1 1 1 1 1 1 1 1 1 1 1 1 1 1 1 1 1 1 1 1 1 1 1 1 1 1 1 1 1 1 1 1 1 1 1 1 1 1 1 1 1 1 1 1 1 1 1 1 1 1 1 1 1 1 1 1 1 1 1 1 1 1 1 1
1 1 1 1 1 1 1 1 1 1 1 1 1 1 1 1 1 1 1 1 1 1 1 1 1 1 1 1 1 1 1 1 1 1 1 1 1 1 1 1 1 1 1 1 1 1 1 1 1 1 1 1 1 1 1 1 1 1 1 1 1 1 1 1 1 1 1 1 1 1 1 1 1 1 1 1 1 1 1 1 1 1 1 1 1 1 1 1 1 1 1 1 1 1 1 1 1 1 1 1
1 1 1 1 1 1 1 1 1 1 1 1 1 1 1 1 1 1 1 1 1 1 1 1 1 1 1 1 1 1 1 1 1 1 1 1 1 1 1 1 1 1 1 1 1 1 1 1 1 1 1 1 1 1 1 1 1 1 1 1 1 1 1 1 1 1 1 1 1 1 1 1 1 1 1 1 1 1 1 1 1 1 1 1 1 1 1 1 1 1 1 1 1 1 1 1 1 1 1 1
1 1 1 1 1 1 1 1 1 1 1 1 1 1 1 1 1 1 1 1 1 1 1 1 1 1 1 1 1 1 1 1 1 1 1 1 1 1 1 1 1 1 1 1 1 1 1 1 1 1 1 1 1 1 1 1 1 1 1 1 1 1 1 1 1 1 1 1 1 1 1 1 1 1 1 1 1 1 1 1 1 1 1 1 1 1 1 1 1 1 1 1 1 1 1 1 1 1 1 1
