80
0 425.084 381.892 641 1937 2085 0
1 11.6234 353.76 673 2074 2094 0
2 320.424 366.359 671 2239 2161 0
3 407.783 109.585 641 2209 2144 0
4 310.52 415.752 637 2103 2101 0
5 2.72942 373.359 647 2150 2138 0
6 260.873 491.443 647 2181 1983 0
7 310.356 156.886 627 2084 2159 0
8 414.309 289.201 598 1893 2012 0
9 12.6176 64.3463 633 1980 2105 0
10 478.046 12.0469 651 2180 2116 0
11 408.57 336.619 636 2065 1973 0
12 9.33596 409.484 666 2151 2075 0
13 307.474 214.971 626 2037 2115 0
14 434.696 427.502 609 2015 1996 0
15 54.5354 77.1903 681 2240 2155 0
16 433.421 1.81039 636 1966 2038 0
17 371.488 106.454 637 2153 2116 0
18 347.702 319.343 628 2001 2084 0
19 85.7887 350.968 656 2004 2116 0
20 190.387 327.233 625 2029 2017 0
21 357.037 221.654 637 2143 2208 0
22 361.65 257.307 631 2109 2099 0
23 364.619 150.888 645 1971 2158 0
24 173.231 493.647 630 2016 2027 0
25 224.739 186.758 604 2054 1993 0
26 411.26 50.8806 643 1924 2027 0
27 128.326 277.41 666 2014 2164 0
28 455.217 337.082 637 2019 2075 0
29 285.948 430.4 645 2136 2090 0
30 391.658 92.9325 620 2030 1981 0
31 354.708 85.304 607 2075 2088 0
32 205.089 435.514 675 2102 2159 0
33 421.739 173.436 631 2140 1960 0
34 65.9325 128.22 645 2109 2000 0
35 297.701 460.111 641 2151 2072 0
36 336.848 399.777 611 1993 1981 0
37 125.838 461.112 693 2244 2192 0
38 93.9336 241.625 603 2031 2094 0
39 94.0099 23.8852 652 2009 2118 0
40 157.532 142.328 654 2191 2018 0
41 51.8987 260.801 634 2031 2006 0
42 21.1775 430.243 656 2112 2035 0
43 455.167 498.921 637 2015 1948 0
44 232.367 386.111 681 2266 2125 0
45 82.628 229.032 651 2135 2060 0
46 391.679 440.987 615 1995 2017 0
47 320.321 142.644 639 2165 2044 0
48 112.519 103.08 640 2113 2078 0
49 297.985 233.914 597 1959 1897 0
50 88.6949 194.376 660 2260 2073 0
51 351.024 159.243 669 2079 2141 0
52 136.828 174.301 629 2041 2013 0
53 7.08247 35.0732 626 2109 2119 0
54 16.4587 121.824 644 2167 2129 0
55 59.3069 270.627 662 2146 2146 0
56 426.568 321.658 648 2185 2105 0
57 179.606 142.105 680 2202 2095 0
58 383.63 175.918 626 2082 1969 0
59 294.531 187.78 599 1889 2006 0
60 299.126 413.79 661 2110 2074 0
61 380.671 441.752 639 2068 2076 0
62 221.123 407.014 687 2137 2164 0
63 108.986 219.361 638 2117 2084 0
64 164.399 53.6167 673 2079 2109 0
65 147.936 353.799 624 2051 2091 0
66 347.794 379.714 624 2002 1984 0
67 361.902 490.183 626 2189 2049 0
68 19.1417 214.018 620 2075 1984 0
69 364.085 184.264 607 2115 2028 0
70 229.356 284.153 651 1963 2067 0
71 380.982 162.132 623 1997 2027 0
72 35.6958 438.761 628 2002 1977 0
73 385.564 180.195 623 2052 2049 0
74 267.312 204.741 631 2065 2061 0
75 113.514 322.318 629 2132 2023 0
76 292.726 351.779 655 2087 2013 0
77 401.404 398.266 633 1994 2090 0
78 22.1333 494.801 642 2203 2139 0
79 233.267 24.9384 607 1914 1895 0
146
0 11
0 14
0 28
0 77
1 5
1 19
1 55
2 18
2 36
2 66
2 76
3 30
3 33
3 71
4 36
4 60
5 12
6 24
6 32
6 35
7 47
7 59
8 18
8 22
8 33
8 56
9 15
9 53
9 54
10 16
11 18
11 56
11 66
12 42
13 21
13 49
13 59
13 74
14 43
14 46
14 77
15 34
15 39
15 48
15 54
16 26
17 23
17 30
17 31
17 47
18 22
18 66
19 37
19 55
19 72
19 75
20 27
20 44
20 65
20 70
21 22
21 69
22 49
23 51
23 71
24 32
24 37
25 27
25 57
25 70
25 74
26 30
27 38
27 75
28 56
29 35
29 44
29 60
29 62
31 47
31 79
32 37
32 62
33 73
34 48
34 50
34 52
34 54
34 68
35 61
35 67
36 61
36 66
37 65
37 72
37 78
38 41
38 45
38 55
38 63
39 48
39 53
39 64
40 48
40 52
40 57
40 64
41 45
41 55
41 68
42 72
43 46
43 67
44 60
44 62
44 76
45 50
45 63
45 68
46 61
46 77
47 51
47 79
48 64
49 70
49 74
50 52
50 63
50 68
51 69
52 63
54 68
55 75
57 64
58 69
58 71
58 73
59 74
61 67
62 65
64 79
65 75
66 77
70 74
70 76
72 78
6 6 0.05 0.05 0.05 0
1 1 1 1 1 1 1 1 1 1 1 1 1 1 1 1 1 1 1 1 1 1 1 1 1 1 1 1 1 1 1 1 1 1 1 1 1 1 1 1 1 1 1 1 1 1 1 1 1 1 1 1 1 1 1 1 1 1 1 1 1 1 1 1 1 1 1 1 1 1 1 1 1 1 1 1 1 1 1 1
1 1 1 1 1 1 1 1 1 1 1 1 1 1 1 1 1 1 1 1 1 1 1 1 1 1 1 1 1 1 1 1 1 1 1 1 1 1 1 1 1 1 1 1 1 1 1 1 1 1 1 1 1 1 1 1 1 1 1 1 1 1 1 1 1 1 1 1 1 1 1 1 1 1 1 1 1 1 1 1
1 1 1 1 1 1 1 1 1 1 1 1 1 1 1 1 1 1 1 1 1 1 1 1 1 1 1 1 1 1 1 1 1 1 1 1 1 1 1 1 1 1 1 1 1 1 1 1 1 1 1 1 1 1 1 1 1 1 1 1 1 1 1 1 1 1 1 1 1 1 1 1 1 1 1 1 1 1 1 1
1 1 1 1 1 1 1 1 1 1 1 1 1 1 1 1 1 1 1 1 1 1 1 1 1 1 1 1 1 1 1 1 1 1 1 1 1 1 1 1 1 1 1 1 1 1 1 1 1 1 1 1 1 1 1 1 1 1 1 1 1 1 1 1 1 1 1 1 1 1 1 1 1 1 1 1 1 1 1 1
1 1 1 1 1 1 1 1 1 1 1 1 1 1 1 1 1 1 1 1 1 1 1 1 1 1 1 1 1 1 1 1 1 1 1 1 1 1 1 1 1 1 1 1 1 1 1 1 1 1 1 1 1 1 1 1 1 1 1 1 1 1 1 1 1 1 1 1 1 1 1 1 1 1 1 1 1 1 1 1
1 1 1 1 1 1 1 1 1 1 1 1 1 1 1 1 1 1 1 1 1 1 1 1 1 1 1 1 1 1 1 1 1 1 1 1 1 1 1 1 1 1 1 1 1 1 1 1 1 1 1 1 1 1 1 1 1 1 1 1 1 1 1 1 1 1 1 1 1 1 1 1 1 1 1 1 1 1 1 1
