80
0 386.331 57.6989 614 2009 2039 0
1 76.1642 92.4921 609 2049 2066 0
2 420.343 209.511 664 2224 2044 0
3 184.438 344.333 634 2148 2104 0
4 40.1598 465.463 611 2087 1969 0
5 289.471 138.046 685 2126 2047 0
6 158.643 309.937 623 2077 2108 0
7 129.822 411.666 681 2137 2056 0
8 154.747 330.333 675 2210 2230 0
9 276.911 48.5719 643 2151 2051 0
10 360.191 236.008 676 2147 2211 0
11 99.3558 373.344 651 2132 2115 0
12 162.32 119.084 607 2129 1872 0
13 48.6471 111.158 642 2186 2112 0
14 254.521 228.606 621 2075 2141 0
15 355.728 227.487 652 1979 1973 0
16 451.953 482.307 616 2006 1935 0
17 470.149 301.039 660 2137 2058 0
18 324.893 476.498 631 2027 1953 0
19 57.6165 361.306 635 1990 2011 0
20 432.277 283.241 655 1983 2079 0
21 160.227 437.777 653 2284 2134 0
22 297.705 30.231 591 1961 1933 0
23 190.097 457.842 636 2187 2054 0
24 497.1 253.839 624 2047 2052 0
25 4.61904 132.253 647 2108 2073 0
26 0.500511 412.083 632 2027 2123 0
27 412.623 453.013 643 2111 2124 0
28 294.105 28.2761 658 2183 2244 0
29 445.72 219.635 602 1899 1953 0
30 150.66 143.659 660 1917 2127 0
31 353.561 293.891 605 1969 2055 0
32 378.842 200.99 652 2097 2009 0
33 78.9501 414.725 656 2146 2111 0
34 130.475 394.774 632 2031 2019 0
35 141.673 100.915 674 2277 2197 0
36 282.029 55.7486 656 2122 2242 0
37 438.364 88.503 635 2083 2050 0
38 466.736 436.762 616 2012 2020 0
39 306.672 235.314 657 2101 2148 0
40 337.959 72.9109 685 2156 2224 0
41 264.085 476.823 632 2094 2064 0
42 240.973 37.8452 614 1975 2184 0
43 459.623 379.744 607 2064 2049 0
44 471.992 274.827 640 2091 2036 0
45 204.565 122.548 628 1918 2072 0
46 449.642 125.894 629 1894 2010 0
47 27.5345 272.526 611 1979 1942 0
48 493.872 6.76496 629 2120 2146 0
49 30.5728 337.668 618 2072 2034 0
50 116.197 421.321 633 2028 1982 0
51 308.249 241.235 620 1979 2048 0
52 326.403 353.927 640 1951 2083 0
53 336.284 433.016 632 2105 2025 0
54 257.597 435.616 678 2163 2251 0
55 29.576 83.0936 636 2111 2009 0
56 316.215 129.528 675 2172 2086 0
57 20.8953 187.354 619 1977 2020 0
58 464.663 98.8019 618 2051 2035 0
59 388.033 178.039 649 2097 2148 0
60 175.694 396.212 617 2056 2095 0
61 275.124 13.5259 606 1939 2017 0
62 201.555 28.2602 619 2175 2075 0
63 30.8856 94.8941 635 2136 2167 0
64 160.098 264.066 656 2175 2111 0
65 261.508 158.651 626 2128 2075 0
66 193.448 288.276 659 2127 2210 0
67 292.429 348.299 608 2117 1975 0
68 401.615 446.358 638 2071 2133 0
69 42.8148 89.0687 668 2171 2178 0
70 365.251 265.527 599 1896 2000 0
71 216.05 144.09 630 2047 1971 0
72 71.6889 374.564 628 2147 2157 0
73 282.403 339.674 609 1925 2007 0
74 323.401 407.796 644 2049 2018 0
75 329.87 127.793 634 2025 1905 0
76 104.943 271.128 671 2140 2159 0
77 91.7195 29.5045 645 2172 2192 0
78 359.304 320.248 647 2192 1976 0
79 41.458 284.32 628 2080 2142 0
135
0 37
0 40
1 13
1 35
1 69
1 77
2 29
2 32
2 46
2 59
3 8
3 60
3 66
3 73
4 26
4 33
5 36
5 56
5 65
6 8
6 64
6 66
6 76
7 21
7 34
7 50
8 11
8 34
9 28
9 36
9 42
9 61
10 15
10 70
11 33
11 34
11 72
11 76
12 30
12 35
12 45
13 25
13 63
13 69
14 39
14 65
14 66
14 73
15 32
15 39
15 51
16 27
16 38
17 20
17 43
17 44
18 41
18 53
19 26
19 49
19 72
19 76
20 29
20 44
20 70
20 78
21 23
21 60
22 28
22 40
23 41
23 54
24 29
24 44
25 57
25 63
26 33
26 49
27 38
27 68
28 61
29 44
30 64
31 70
31 78
32 59
33 50
33 72
34 60
35 62
35 77
36 40
36 45
36 56
37 46
37 48
37 58
38 43
39 51
40 75
41 54
42 45
42 61
42 62
43 78
45 62
45 71
46 58
46 59
47 57
47 79
48 58
49 79
51 73
52 67
52 74
52 78
53 68
53 74
54 60
54 67
54 74
55 63
55 69
56 75
59 75
62 77
63 69
64 66
64 71
64 76
65 71
66 73
67 73
76 79
5 6 0.05 0.05 0.05 0
1 1 1 1 1 1 1 1 1 1 1 1 1 1 1 1 1 1 1 1 1 1 1 1 1 1 1 1 1 1 1 1 1 1 1 1 1 1 1 1 1 1 1 1 1 1 1 1 1 1 1 1 1 1 1 1 1 1 1 1 1 1 1 1 1 1 1 1 1 1 1 1 1 1 1 1 1 1 1 1
1 1 1 1 1 1 1 1 1 1 1 1 1 1 1 1 1 1 1 1 1 1 1 1 1 1 1 1 1 1 1 1 1 1 1 1 1 1 1 1 1 1 1 1 1 1 1 1 1 1 1 1 1 1 1 1 1 1 1 1 1 1 1 1 1 1 1 1 1 1 1 1 1 1 1 1 1 1 1 1
1 1 1 1 1 1 1 1 1 1 1 1 1 1 1 1 1 1 1 1 1 1 1 1 1 1 1 1 1 1 1 1 1 1 1 1 1 1 1 1 1 1 1 1 1 1 1 1 1 1 1 1 1 1 1 1 1 1 1 1 1 1 1 1 1 1 1 1 1 1 1 1 1 1 1 1 1 1 1 1
1 1 1 1 1 1 1 1 1 1 1 1 1 1 1 1 1 1 1 1 1 1 1 1 1 1 1 1 1 1 1 1 1 1 1 1 1 1 1 1 1 1 1 1 1 1 1 1 1 1 1 1 1 1 1 1 1 1 1 1 1 1 1 1 1 1 1 1 1 1 1 1 1 1 1 1 1 1 1 1
1 1 1 1 1 1 1 1 1 1 1 1 1 1 1 1 1 1 1 1 1 1 1 1 1 1 1 1 1 1 1 1 1 1 1 1 1 1 1 1 1 1 1 1 1 1 1 1 1 1 1 1 1 1 1 1 1 1 1 1 1 1 1 1 1 1 1 1 1 1 1 1 1 1 1 1 1 1 1 1
