80
0 386.323 426.161 657 2161 2079 0
1 467.551 133.538 655 2017 2060 0
2 436.166 147.269 599 1953 2052 0
3 258.105 474.983 596 2036 1952 0
4 192.931 85.7329 624 2041 1993 0
5 37.3378 36.9688 647 2256 2077 0
6 233.402 284.904 677 2072 2196 0
7 153.404 266.734 652 2080 2062 0
8 0.225788 294.811 678 2011 1996 0
9 235.046 420.014 656 2116 2097 0
10 370.995 313.43 624 2051 2060 0
11 80.1803 89.9338 626 2036 1970 0
12 267.971 283.292 644 2023 2067 0
13 93.3028 140.201 663 2045 2124 0
14 58.4298 29.2064 644 2121 1986 0
15 299.064 361.73 578 2011 1876 0
16 9.95667 341.772 673 2002 1937 0
17 240.677 63.6006 628 1976 2150 0
18 166.605 127.226 613 2068 2104 0
19 301.696 101.973 649 2139 1965 0
20 486.039 362.37 637 2110 2089 0
21 183.138 7.21686 624 2075 1960 0
22 477.162 157.179 632 2068 2043 0
23 479.548 266.296 612 1937 2030 0
24 405.905 48.4207 697 2164 2302 0
25 30.9093 492.075 628 2074 2112 0
26 4.43502 39.4287 622 2065 1982 0
27 398.08 29.3023 662 2086 2063 0
28 443.848 250.027 629 2051 2170 0
29 82.63 262.283 666 2076 2097 0
30 88.392 105.04 634 2033 2130 0
31 119.34 250.499 631 2032 2139 0
32 161.698 150.677 689 2238 2154 0
33 318.396 279.872 617 2019 2157 0
34 279.808 240.434 634 2232 2110 0
35 349.765 5.84682 640 2104 2074 0
36 284.525 18.9914 623 1964 1975 0
37 324.584 289.196 587 2092 1978 0
38 237.145 198.398 634 2090 1998 0
39 53.3625 364.002 637 2103 2009 0
40 326.074 326.656 661 2068 2152 0
41 315.83 148.301 664 2107 2107 0
42 24.8828 204.937 658 2090 2235 0
43 89.332 403.122 644 1928 1998 0
44 454.596 397.946 638 1897 2011 0
45 389.317 243.983 640 2192 2052 0
46 361.595 327.855 641 2132 2060 0
47 80.9755 456.007 648 2103 2074 0
48 29.9113 219.062 647 2044 2121 0
49 51.3767 487.476 599 2058 1894 0
50 329.834 25.8982 637 2099 2234 0
51 416.442 137.58 666 2135 2011 0
52 299.31 3.78137 621 2090 2070 0
53 485.244 496.735 653 2139 2223 0
54 25.0014 198.02 630 1971 2029 0
55 220.287 364.966 638 2031 2078 0
56 385.673 13.5493 601 1948 2065 0
57 461.959 150.152 644 1998 2137 0
58 190.378 177.487 619 2061 2020 0
59 362.405 436.225 649 2171 2033 0
60 95.4168 170.211 630 2023 1990 0
61 151.505 337.355 617 2009 2013 0
62 16.0921 460.66 631 2091 2084 0
63 324.794 306.676 659 2109 2233 0
64 375.875 326.38 655 2129 2239 0
65 134.122 187.482 646 2123 2115 0
66 365.746 90.4749 642 2202 2155 0
67 172.698 41.3094 636 2118 2080 0
68 82.2255 464.263 676 2189 2163 0
69 283.475 372.474 636 1984 2034 0
70 429.496 40.5755 598 2080 2054 0
71 232.826 113.183 598 1828 2064 0
72 145.794 352.062 638 2042 1993 0
73 371.504 367.91 663 2145 2181 0
74 273.311 42.8446 652 2089 2176 0
75 152.597 196.381 623 2003 2005 0
76 144.193 451.16 652 2084 2114 0
77 399.884 354.1 637 2042 2122 0
78 176.544 180.659 643 2012 2198 0
79 15.14 457.589 661 2169 2092 0
139
0 44
0 53
0 59
0 73
1 57
1 70
2 28
2 45
2 51
2 57
3 9
3 59
4 17
4 18
4 67
4 71
5 11
5 14
5 26
6 7
6 12
6 38
6 55
6 61
7 31
7 38
7 61
7 75
8 16
8 29
8 48
9 55
9 69
9 76
10 45
10 46
10 64
11 14
11 30
11 67
12 15
12 33
12 34
13 30
13 32
13 60
14 67
15 40
15 59
15 69
15 73
16 39
17 19
17 67
17 71
17 74
18 30
18 32
18 71
19 41
19 50
19 66
19 71
19 74
20 23
20 44
21 67
22 28
22 57
23 28
23 77
24 27
24 51
24 66
24 70
25 49
25 62
27 56
28 45
29 31
29 39
29 48
30 67
31 65
31 75
32 65
32 78
33 34
33 37
33 45
34 38
34 41
35 50
35 56
36 52
36 74
37 45
37 63
38 41
38 58
38 71
39 43
39 79
40 46
40 63
41 45
41 51
41 66
42 48
42 54
43 47
43 72
43 76
44 53
44 77
46 64
46 73
47 68
47 76
49 68
50 52
50 66
51 66
54 60
55 61
55 69
55 72
58 71
58 78
60 65
61 72
62 79
64 73
64 77
65 75
68 76
72 76
73 77
75 78
5 6 0.05 0.05 0.05 0
1 1 1 1 1 1 1 1 1 1 1 1 1 1 1 1 1 1 1 1 1 1 1 1 1 1 1 1 1 1 1 1 1 1 1 1 1 1 1 1 1 1 1 1 1 1 1 1 1 1 1 1 1 1 1 1 1 1 1 1 1 1 1 1 1 1 1 1 1 1 1 1 1 1 1 1 1 1 1 1
1 1 1 1 1 1 1 1 1 1 1 1 1 1 1 1 1 1 1 1 1 1 1 1 1 1 1 1 1 1 1 1 1 1 1 1 1 1 1 1 1 1 1 1 1 1 1 1 1 1 1 1 1 1 1 1 1 1 1 1 1 1 1 1 1 1 1 1 1 1 1 1 1 1 1 1 1 1 1 1
1 1 1 1 1 1 1 1 1 1 1 1 1 1 1 1 1 1 1 1 1 1 1 1 1 1 1 1 1 1 1 1 1 1 1 1 1 1 1 1 1 1 1 1 1 1 1 1 1 1 1 1 1 1 1 1 1 1 1 1 1 1 1 1 1 1 1 1 1 1 1 1 1 1 1 1 1 1 1 1
1 1 1 1 1 1 1 1 1 1 1 1 1 1 1 1 1 1 1 1 1 1 1 1 1 1 1 1 1 1 1 1 1 1 1 1 1 1 1 1 1 1 1 1 1 1 1 1 1 1 1 1 1 1 1 1 1 1 1 1 1 1 1 1 1 1 1 1 1 1 1 1 1 1 1 1 1 1 1 1
1 1 1 1 1 1 1 1 1 1 1 1 1 1 1 1 1 1 1 1 1 1 1 1 1 1 1 1 1 1 1 1 1 1 1 1 1 1 1 1 1 1 1 1 1 1 1 1 1 1 1 1 1 1 1 1 1 1 1 1 1 1 1 1 1 1 1 1 1 1 1 1 1 1 1 1 1 1 1 1
