80
0 386.288 334.241 654 2186 2188 0
1 29.6454 250.146 611 1934 2166 0
2 242.73 68.4191 671 2210 2102 0
3 37.9612 14.1841 644 2089 2219 0
4 20.5784 361.142 636 2105 2034 0
5 96.2987 492.662 651 2102 2051 0
6 67.8736 251.442 630 2114 2159 0
7 258.85 497.33 676 2190 2228 0
8 377.856 121.206 645 2081 2067 0
9 146.043 46.8669 628 2065 2031 0
10 74.4976 81.3961 655 2109 2084 0
11 165.193 391.546 619 1963 2098 0
12 190.417 336.311 648 2108 2103 0
13 248.343 397.445 665 2026 2200 0
14 37.6039 7.95047 686 2199 2156 0
15 133.91 127.372 599 1886 2033 0
16 187.619 316.627 672 2122 2114 0
17 318.927 199.319 632 2123 2153 0
18 73.0295 406.979 634 2031 2012 0
19 471.54 170.163 640 2053 1999 0
20 472.804 414.455 583 1852 2067 0
21 160.41 3.38161 646 2060 2010 0
22 185.898 387.917 610 1977 1967 0
23 435.77 488.774 633 2007 1973 0
24 43.8045 222.592 643 2064 2039 0
25 462.155 447.092 626 2067 1964 0
26 103.409 497.012 651 2162 2174 0
27 17.9511 203.749 658 2085 2065 0
28 246.776 63.7118 624 2022 2090 0
29 55.2557 181.93 626 2101 2047 0
30 440.157 214.347 646 2177 2254 0
31 322.759 104.843 608 2028 2028 0
32 422.318 391.732 641 2010 2167 0
33 401.344 384.082 630 1941 2073 0
34 276.907 469.436 652 2108 2142 0
35 482.801 443.018 646 2176 2104 0
36 138.697 81.5325 639 2048 1964 0
37 456.947 403.619 672 2087 2096 0
38 325.224 41.3363 659 2095 2220 0
39 288.988 17.4797 666 2156 2221 0
40 95.9142 30.3271 651 2186 2144 0
41 25.7012 460.227 618 2016 2010 0
42 100.426 360.285 648 1978 2086 0
43 11.815 75.1136 645 1995 2067 0
44 433.547 130.579 645 2059 2027 0
45 293.531 383.469 627 1982 2043 0
46 482.121 4.51743 631 2082 2091 0
47 250.913 96.7803 629 2071 2088 0
48 199.358 110.881 648 2068 1984 0
49 328.733 22.1738 607 2048 2100 0
50 290.603 162.592 656 1978 2068 0
51 44.9565 83.5232 651 2181 2011 0
52 242.55 34.9654 649 2140 2129 0
53 321.58 295.919 650 2089 2063 0
54 466.75 172.676 649 2195 2137 0
55 323.027 115.614 619 2063 2019 0
56 431.293 246.647 658 2008 1984 0
57 126.054 93.2436 621 2151 2075 0
58 391.64 285.442 628 2071 2102 0
59 165.072 364.528 643 2030 2079 0
60 222.32 33.7669 630 1947 2092 0
61 42.8629 396.543 662 2129 2196 0
62 81.2696 398.21 626 2004 2006 0
63 62.9468 446.209 656 2201 2166 0
64 377.683 210.071 667 2121 2156 0
65 87.7544 388.996 644 2012 2176 0
66 445.997 372.001 615 2067 2146 0
67 494.855 36.2368 627 1946 2098 0
68 447.092 271.227 622 1983 2065 0
69 131.973 64.5537 626 2151 2185 0
70 47.4449 407.143 588 1962 1945 0
71 192.274 41.3758 667 2023 2138 0
72 156.917 310.429 628 1989 2099 0
73 429.284 475.735 651 1924 1978 0
74 141.261 168.595 618 2106 2220 0
75 241.127 127.579 677 2140 2040 0
76 489.149 130.808 659 2106 1901 0
77 441.749 472.942 626 2056 2069 0
78 52.8737 147.766 596 1989 1978 0
79 236.085 375.126 675 2090 2083 0
135
0 33
0 45
0 53
0 58
1 4
1 6
1 24
2 28
2 47
2 48
3 14
3 40
3 43
3 51
4 61
5 11
5 26
5 63
6 24
6 42
6 72
6 74
7 26
7 34
8 17
8 44
8 55
8 64
9 21
9 40
9 69
9 71
10 40
10 51
10 57
10 69
10 78
11 22
11 26
11 59
11 65
12 16
12 59
12 79
13 34
13 45
13 79
15 48
15 57
15 74
15 78
16 53
16 72
17 50
17 53
17 64
18 62
18 63
18 70
19 54
19 76
20 25
20 35
20 37
21 71
22 59
22 79
23 73
23 77
24 27
24 29
25 35
25 77
27 29
28 52
29 74
29 78
30 54
30 56
30 64
31 38
31 47
31 55
32 33
32 37
32 66
33 45
34 45
34 73
36 48
36 57
36 69
37 66
38 39
38 49
39 49
39 52
40 69
41 63
41 70
42 59
42 65
42 72
43 51
44 54
44 64
44 76
45 53
46 49
46 67
47 48
47 75
48 71
48 75
50 55
50 75
51 78
52 60
53 58
53 64
56 58
56 64
56 68
58 64
58 68
59 72
60 71
61 70
62 65
63 70
66 68
67 76
72 74
73 77
74 78
5 6 0.05 0.05 0.05 0
1 1 1 1 1 1 1 1 1 1 1 1 1 1 1 1 1 1 1 1 1 1 1 1 1 1 1 1 1 1 1 1 1 1 1 1 1 1 1 1 1 1 1 1 1 1 1 1 1 1 1 1 1 1 1 1 1 1 1 1 1 1 1 1 1 1 1 1 1 1 1 1 1 1 1 1 1 1 1 1
1 1 1 1 1 1 1 1 1 1 1 1 1 1 1 1 1 1 1 1 1 1 1 1 1 1 1 1 1 1 1 1 1 1 1 1 1 1 1 1 1 1 1 1 1 1 1 1 1 1 1 1 1 1 1 1 1 1 1 1 1 1 1 1 1 1 1 1 1 1 1 1 1 1 1 1 1 1 1 1
1 1 1 1 1 1 1 1 1 1 1 1 1 1 1 1 1 1 1 1 1 1 1 1 1 1 1 1 1 1 1 1 1 1 1 1 1 1 1 1 1 1 1 1 1 1 1 1 1 1 1 1 1 1 1 1 1 1 1 1 1 1 1 1 1 1 1 1 1 1 1 1 1 1 1 1 1 1 1 1
1 1 1 1 1 1 1 1 1 1 1 1 1 1 1 1 1 1 1 1 1 1 1 1 1 1 1 1 1 1 1 1 1 1 1 1 1 1 1 1 1 1 1 1 1 1 1 1 1 1 1 1 1 1 1 1 1 1 1 1 1 1 1 1 1 1 1 1 1 1 1 1 1 1 1 1 1 1 1 1
1 1 1 1 1 1 1 1 1 1 1 1 1 1 1 1 1 1 1 1 1 1 1 1 1 1 1 1 1 1 1 1 1 1 1 1 1 1 1 1 1 1 1 1 1 1 1 1 1 1 1 1 1 1 1 1 1 1 1 1 1 1 1 1 1 1 1 1 1 1 1 1 1 1 1 1 1 1 1 1
