80
0 449.416 332.875 660 2212 2260 0
1 401.946 12.018 624 2121 2076 0
2 125.593 334.917 654 2055 2167 0
3 205.027 383.156 653 2051 2134 0
4 223.174 382.308 645 2028 2111 0
5 213.058 363.815 615 2175 2028 0
6 380.495 479.655 596 2039 2007 0
7 106.666 228.503 675 2193 2191 0
8 329.01 168.998 648 2068 2029 0
9 399.402 242.201 653 2019 2038 0
10 359.297 206.625 617 2083 2060 0
11 246.223 275.428 653 2081 2133 0
12 28.4073 441.951 622 2051 2082 0
13 496.138 88.6725 644 2055 2123 0
14 267.142 359.923 631 2122 2067 0
15 479.082 433.67 626 1978 2066 0
16 49.1084 365.255 621 2066 1967 0
17 134.804 144.504 639 2044 1986 0
18 157.692 337.362 658 2064 2154 0
19 456.157 133.317 635 2063 2099 0
20 132.682 478.033 637 2099 2106 0
21 84.8609 256.962 613 2158 2082 0
22 221.16 28.4277 638 2129 2093 0
23 242.963 477.702 645 1990 1941 0
24 332.623 393.876 633 2111 2023 0
25 88.4091 391.904 646 2103 2111 0
26 244.018 204.245 615 2032 2169 0
27 316.741 474.19 650 1995 2016 0
28 20.5231 432.245 658 2122 1975 0
29 280.26 337.999 629 2026 2116 0
30 41.1382 409.221 625 2139 2042 0
31 331.797 20.2275 622 2032 1987 0
32 250.481 340.01 639 2071 2014 0
33 126.869 283.982 646 2127 2117 0
34 366.617 228.294 599 1939 1862 0
35 423.154 441.055 628 1882 2129 0
36 132.809 117.25 651 2090 2126 0
37 118.613 28.1759 648 2017 2113 0
38 149.042 454.809 658 2127 2072 0
39 351.946 159.618 654 2253 2027 0
40 449.511 428.582 664 2122 2198 0
41 480.162 89.4732 633 2272 2097 0
42 72.3926 202.983 656 2110 2131 0
43 160.948 55.6655 623 2064 2020 0
44 364.029 230.918 589 1943 1981 0
45 403.764 69.2237 638 2033 2108 0
46 134.075 399.402 646 2151 2217 0
47 313.798 498.846 666 2211 2122 0
48 388.41 499.096 625 2146 2077 0
49 31.0388 169.766 649 2304 2154 0
50 360.217 161.45 641 1979 2040 0
51 492.689 122.939 643 2113 2108 0
52 390.101 419.233 609 2034 1987 0
53 184.796 364.29 679 2238 2239 0
54 445.484 248.555 637 2303 2204 0
55 212.872 240.984 618 2035 2074 0
56 260.957 410.426 639 2146 1992 0
57 31.0651 111.721 655 2072 2101 0
58 126.572 290.085 615 1909 1975 0
59 462.595 341.595 661 2262 2262 0
60 29.7402 342.945 647 2038 2077 0
61 448.538 78.549 652 2023 2052 0
62 61.7021 26.782 622 2123 2183 0
63 434.171 107.422 596 2039 1961 0
64 8.92812 54.8291 612 2013 2071 0
65 141.874 468.347 632 2000 2077 0
66 366.332 443.119 629 2022 2178 0
67 174.177 396.25 610 2078 2040 0
68 445.952 118.368 654 2066 2111 0
69 455.281 400.318 666 2217 2020 0
70 91.3499 317.559 660 2139 2047 0
71 371.601 497.704 647 2142 2107 0
72 101.685 27.2172 667 2221 2154 0
73 272.743 487.587 682 2225 2144 0
74 21.1172 417.163 605 2098 2052 0
75 41.9827 102.885 690 2163 2104 0
76 448.859 466.636 616 2022 2045 0
77 200.125 4.01842 610 2040 1958 0
78 65.116 405.358 656 2110 2030 0
79 15.7563 315.652 613 1962 2003 0
146
0 54
0 59
1 31
1 45
2 18
2 25
2 46
2 58
2 70
3 4
3 5
3 53
3 67
4 5
4 14
4 56
5 32
5 53
6 35
6 48
6 66
6 71
7 17
7 21
7 33
7 42
7 55
8 10
8 22
8 26
8 39
9 19
9 24
9 34
9 54
10 34
10 50
11 18
11 29
11 32
11 44
11 55
12 20
12 28
13 41
13 51
14 24
14 29
14 32
14 56
15 40
15 69
15 76
16 25
16 30
16 60
16 70
16 78
17 26
17 36
17 42
17 55
18 46
18 53
18 55
19 51
19 54
19 68
20 65
20 78
21 33
21 42
21 70
21 79
22 26
22 31
22 43
22 77
23 38
23 56
23 67
23 73
24 27
24 29
24 52
24 56
24 66
25 46
25 70
25 78
26 55
27 47
27 56
27 66
27 71
27 73
28 74
29 32
29 44
30 74
30 78
31 45
33 55
33 58
34 44
35 40
35 52
35 76
36 43
36 75
37 43
37 72
38 46
38 65
38 67
39 50
40 69
40 76
41 51
41 61
41 68
42 49
43 77
45 50
45 61
45 63
46 67
47 71
47 73
48 71
48 76
49 57
50 63
52 66
53 67
57 75
58 70
59 69
60 70
60 79
61 63
62 64
62 72
62 75
63 68
64 75
5 6 0.05 0.05 0.05 0
1 1 1 1 1 1 1 1 1 1 1 1 1 1 1 1 1 1 1 1 1 1 1 1 1 1 1 1 1 1 1 1 1 1 1 1 1 1 1 1 1 1 1 1 1 1 1 1 1 1 1 1 1 1 1 1 1 1 1 1 1 1 1 1 1 1 1 1 1 1 1 1 1 1 1 1 1 1 1 1
1 1 1 1 1 1 1 1 1 1 1 1 1 1 1 1 1 1 1 1 1 1 1 1 1 1 1 1 1 1 1 1 1 1 1 1 1 1 1 1 1 1 1 1 1 1 1 1 1 1 1 1 1 1 1 1 1 1 1 1 1 1 1 1 1 1 1 1 1 1 1 1 1 1 1 1 1 1 1 1
1 1 1 1 1 1 1 1 1 1 1 1 1 1 1 1 1 1 1 1 1 1 1 1 1 1 1 1 1 1 1 1 1 1 1 1 1 1 1 1 1 1 1 1 1 1 1 1 1 1 1 1 1 1 1 1 1 1 1 1 1 1 1 1 1 1 1 1 1 1 1 1 1 1 1 1 1 1 1 1
1 1 1 1 1 1 1 1 1 1 1 1 1 1 1 1 1 1 1 1 1 1 1 1 1 1 1 1 1 1 1 1 1 1 1 1 1 1 1 1 1 1 1 1 1 1 1 1 1 1 1 1 1 1 1 1 1 1 1 1 1 1 1 1 1 1 1 1 1 1 1 1 1 1 1 1 1 1 1 1
1 1 1 1 1 1 1 1 1 1 1 1 1 1 1 1 1 1 1 1 1 1 1 1 1 1 1 1 1 1 1 1 1 1 1 1 1 1 1 1 1 1 1 1 1 1 1 1 1 1 1 1 1 1 1 1 1 1 1 1 1 1 1 1 1 1 1 1 1 1 1 1 1 1 1 1 1 1 1 1
