80
0 386.295 465.779 629 2112 2033 0
1 48.392 325.133 646 1957 2040 0
2 321.253 306.786 674 2074 2109 0
3 187.4 137.725 614 1986 2024 0
4 306.408 293.928 620 2104 2171 0
5 173.987 195.042 651 2223 2040 0
6 217.267 108.891 619 2102 2164 0
7 298.276 130.83 638 2071 2064 0
8 450.854 8.295 632 1970 1859 0
9 306.912 271.29 607 2015 2071 0
10 400.153 372.592 647 2112 2039 0
11 474.756 231.681 649 2076 2048 0
12 452.583 59.9029 598 1932 2004 0
13 127.067 106.956 599 1903 1977 0
14 499.623 165.912 624 2073 2080 0
15 287.147 80.7029 611 2030 2103 0
16 274.752 263.063 609 2115 1926 0
17 22.3162 68.1264 638 1984 2063 0
18 223.459 168.434 606 1937 2063 0
19 487.948 442.141 649 2047 2138 0
20 22.8028 247.164 660 2150 2126 0
21 410.206 338.461 610 2043 2060 0
22 252.782 8.69597 642 2019 2147 0
23 62.9868 119.253 657 1911 2042 0
24 5.20453 472.551 664 2140 2191 0
25 211.784 455.256 639 2042 2083 0
26 4.677 106.3 600 2011 1976 0
27 161.99 60.6239 630 2056 2107 0
28 304.525 145.116 643 2221 2127 0
29 155.865 114.691 657 2127 2137 0
30 255.695 460.581 659 2110 2142 0
31 101.138 327.676 596 1987 1994 0
32 396.587 430.367 654 2248 2248 0
33 491.336 387.95 667 2193 2099 0
34 299.702 83.8483 668 2000 2117 0
35 240.295 143.203 610 1916 2115 0
36 0.607606 212.042 645 2036 2038 0
37 493.89 310.925 610 2106 1989 0
38 55.9582 490.219 650 2022 2158 0
39 5.24961 230.183 646 2063 1996 0
40 287.258 441.211 648 2059 1946 0
41 70.1666 290.578 613 2030 1966 0
42 27.1831 366.434 619 2011 1995 0
43 320.162 459.319 625 2085 2029 0
44 4.47059 137.238 656 2019 2002 0
45 173.784 293.463 666 2169 2138 0
46 204.463 402.664 645 2144 2117 0
47 266.141 25.9501 632 2098 2002 0
48 284.544 324.126 644 2039 2135 0
49 448.479 81.6144 659 2140 2095 0
50 307.99 391.66 645 2124 2130 0
51 172.482 407.123 647 2227 2126 0
52 188.209 227.35 640 2034 2141 0
53 230.346 419.034 650 2073 2084 0
54 407.509 9.83231 614 2140 2021 0
55 169.582 171.926 649 2056 1981 0
56 198.498 162.261 678 2247 2064 0
57 359.263 134.239 610 1982 2001 0
58 396.949 16.3513 632 2069 2143 0
59 135.398 132.567 619 2174 2238 0
60 211.598 319.499 667 2204 2130 0
61 215.759 265.714 648 2219 2211 0
62 303.222 255.536 632 2033 2056 0
63 146.525 149.17 682 2188 2134 0
64 19.2646 280.258 652 2104 2022 0
65 105.32 108.86 593 1905 1996 0
66 47.265 383.406 656 2148 2047 0
67 242.586 143.509 685 2094 2053 0
68 85.1389 428.952 630 2024 2002 0
69 63.8938 363.279 640 2021 2178 0
70 204.029 121.406 693 2092 2252 0
71 334.463 321.676 656 2203 2122 0
72 140.721 94.9881 663 2102 2218 0
73 493.738 248.916 637 2118 2046 0
74 339.954 106.833 633 2184 2197 0
75 150.608 274.443 623 1965 2126 0
76 330.732 118.977 668 2057 1998 0
77 400.04 467.18 613 2130 2075 0
78 412.219 165.351 640 1920 2031 0
79 161.109 253.474 691 2179 2127 0
138
0 32
0 43
0 77
1 31
1 41
1 42
1 64
1 69
2 4
2 48
2 71
3 29
3 55
3 56
3 63
3 70
4 9
4 48
5 52
5 55
6 15
6 27
6 35
6 70
7 28
7 34
7 67
7 76
8 12
8 54
9 11
9 16
9 62
10 21
10 32
10 33
10 50
10 71
11 14
11 73
11 78
12 49
12 54
13 29
13 59
13 65
13 72
14 49
14 78
15 34
15 47
16 18
16 61
16 62
17 23
17 26
18 35
18 56
19 32
19 33
19 77
20 39
20 63
20 64
21 33
21 37
21 71
22 27
22 47
23 26
23 44
23 65
24 38
24 66
25 30
25 51
25 53
26 44
27 72
28 62
28 76
29 59
29 72
30 40
30 53
31 41
31 51
31 69
31 75
32 33
32 50
32 77
33 37
34 74
34 76
35 67
35 70
36 39
36 44
37 73
38 68
40 43
40 50
40 53
41 64
41 75
42 66
42 69
45 60
45 61
45 75
46 51
46 53
46 60
47 58
48 50
48 60
49 57
49 78
50 71
51 68
52 61
52 79
54 58
55 56
55 63
57 74
57 76
57 78
58 74
59 63
60 61
61 79
62 78
66 68
66 69
74 76
75 79
5 6 0.05 0.05 0.05 0
1 1 1 1 1 1 1 1 1 1 1 1 1 1 1 1 1 1 1 1 1 1 1 1 1 1 1 1 1 1 1 1 1 1 1 1 1 1 1 1 1 1 1 1 1 1 1 1 1 1 1 1 1 1 1 1 1 1 1 1 1 1 1 1 1 1 1 1 1 1 1 1 1 1 1 1 1 1 1 1
1 1 1 1 1 1 1 1 1 1 1 1 1 1 1 1 1 1 1 1 1 1 1 1 1 1 1 1 1 1 1 1 1 1 1 1 1 1 1 1 1 1 1 1 1 1 1 1 1 1 1 1 1 1 1 1 1 1 1 1 1 1 1 1 1 1 1 1 1 1 1 1 1 1 1 1 1 1 1 1
1 1 1 1 1 1 1 1 1 1 1 1 1 1 1 1 1 1 1 1 1 1 1 1 1 1 1 1 1 1 1 1 1 1 1 1 1 1 1 1 1 1 1 1 1 1 1 1 1 1 1 1 1 1 1 1 1 1 1 1 1 1 1 1 1 1 1 1 1 1 1 1 1 1 1 1 1 1 1 1
1 1 1 1 1 1 1 1 1 1 1 1 1 1 1 1 1 1 1 1 1 1 1 1 1 1 1 1 1 1 1 1 1 1 1 1 1 1 1 1 1 1 1 1 1 1 1 1 1 1 1 1 1 1 1 1 1 1 1 1 1 1 1 1 1 1 1 1 1 1 1 1 1 1 1 1 1 1 1 1
1 1 1 1 1 1 1 1 1 1 1 1 1 1 1 1 1 1 1 1 1 1 1 1 1 1 1 1 1 1 1 1 1 1 1 1 1 1 1 1 1 1 1 1 1 1 1 1 1 1 1 1 1 1 1 1 1 1 1 1 1 1 1 1 1 1 1 1 1 1 1 1 1 1 1 1 1 1 1 1
