80
0 386.311 228.854 629 2097 2055 0
1 228.76 266.349 638 1922 1920 0
2 278.739 268.007 634 2152 2102 0
3 211.269 294.701 610 2238 2112 0
4 406.198 470.311 663 2156 2102 0
5 422.516 229.503 636 2129 2103 0
6 389.539 487.425 605 2029 2026 0
7 33.4612 382.363 611 1945 1967 0
8 406.173 42.7367 671 2187 2149 0
9 173.406 436.35 627 1994 2020 0
10 34.7377 336.812 605 1961 1968 0
11 279.504 122.094 639 2246 2103 0
12 56.454 322.708 625 2002 2018 0
13 387.134 57.5285 638 2023 2048 0
14 37.3429 122.484 644 2066 2096 0
15 289.143 128.298 649 2084 2203 0
16 320.859 184.66 631 2035 1975 0
17 141.662 415.137 611 2075 1987 0
18 109.223 209.792 670 2138 2130 0
19 228.64 253.035 682 2078 2144 0
20 165.347 484.176 632 2045 2164 0
21 30.6469 82.8155 621 2077 1994 0
22 160.657 167.452 628 2096 2117 0
23 58.8199 85.9077 624 1994 2038 0
24 67.8176 309.938 668 2161 2211 0
25 209.834 174.704 618 2080 2113 0
26 220.474 6.35295 633 2089 2104 0
27 105.024 130.964 619 2078 1995 0
28 52.277 120.055 627 2072 2097 0
29 393.091 175.696 704 2090 2194 0
30 480.439 230.424 662 2170 2134 0
31 347.721 154.409 647 2095 2074 0
32 487.513 136.793 629 1932 2186 0
33 183.133 413.238 664 2109 2121 0
34 429.103 438.454 632 1973 1974 0
35 298.991 146.127 658 2063 2080 0
36 32.86 278.395 646 2091 2115 0
37 173.88 405.374 632 1965 2095 0
38 437.945 42.7867 656 2166 2088 0
39 58.9435 163.989 672 2152 2173 0
40 21.2701 487.264 626 1992 2017 0
41 349.653 116.894 641 2094 1962 0
42 394.365 86.2434 663 2204 2095 0
43 219.838 320.557 648 2087 2181 0
44 151.35 244.87 613 2020 1971 0
45 167.944 134.979 635 2033 2023 0
46 304.751 457.649 626 2028 2060 0
47 25.0284 153.119 639 2058 2008 0
48 374.886 214.426 662 2093 2083 0
49 313.333 187.954 635 2208 2215 0
50 292.342 397.45 679 2246 2269 0
51 258.38 95.6245 637 2158 2097 0
52 463.32 21.4014 655 2190 2106 0
53 244.605 70.0172 630 2161 2055 0
54 199.668 319.929 635 2117 2027 0
55 11.3441 160.995 651 2230 2198 0
56 232.117 189.498 677 2116 2113 0
57 160.139 460.159 678 2090 2141 0
58 385.937 444.652 651 1976 2104 0
59 57.5803 252.915 660 2152 2134 0
60 54.2077 68.6747 610 2060 2015 0
61 212.214 186.007 638 2038 2098 0
62 229.152 359.917 642 2099 2078 0
63 73.4916 173.707 650 2096 2017 0
64 8.13246 182.209 608 1964 2088 0
65 226.426 37.5929 631 2149 2166 0
66 228.089 491.079 621 2164 2099 0
67 40.9493 235.659 639 2087 2009 0
68 459.002 449.749 608 2054 2068 0
69 330.168 139.725 666 2120 2207 0
70 392.217 483.562 634 2025 2101 0
71 441.784 63.4649 674 2194 2085 0
72 360.893 25.9915 638 2134 2049 0
73 4.96315 415.698 622 2035 2085 0
74 300.683 79.0837 663 2044 2124 0
75 204.332 213.265 620 2068 2112 0
76 401.089 107.065 627 2063 2046 0
77 63.4642 143.149 638 2153 1995 0
78 346.578 444.633 668 2221 2059 0
79 495.962 129.284 632 2011 2171 0
132
0 5
0 48
0 58
1 2
1 3
1 19
2 49
3 43
3 44
3 54
4 34
4 58
4 70
5 29
5 30
5 34
6 70
7 10
7 17
7 73
8 13
8 38
9 17
9 33
9 57
9 66
10 12
11 15
11 51
11 56
11 74
12 17
12 24
13 42
13 72
13 74
14 21
14 28
14 47
15 35
16 31
16 35
16 48
16 49
16 69
17 37
17 40
18 22
18 44
18 59
18 63
19 75
20 57
20 66
21 23
21 60
22 25
22 27
22 44
22 45
23 28
23 60
24 36
24 44
24 54
24 59
25 45
25 51
25 61
26 60
26 65
27 45
27 63
27 77
28 77
29 31
29 32
29 48
29 76
30 32
30 34
31 41
31 48
31 69
32 76
32 79
33 37
33 62
34 58
34 68
35 49
35 56
35 69
36 59
38 52
38 71
39 47
39 63
39 77
40 57
40 73
41 42
41 69
41 74
41 76
42 71
42 76
43 54
43 62
44 75
45 51
45 53
46 50
46 66
46 78
47 55
47 77
49 56
50 62
50 78
51 53
51 74
53 65
55 64
56 61
58 78
59 67
61 75
63 67
64 67
71 79
72 74
5 6 0.05 0.05 0.05 0
1 1 1 1 1 1 1 1 1 1 1 1 1 1 1 1 1 1 1 1 1 1 1 1 1 1 1 1 1 1 1 1 1 1 1 1 1 1 1 1 1 1 1 1 1 1 1 1 1 1 1 1 1 1 1 1 1 1 1 1 1 1 1 1 1 1 1 1 1 1 1 1 1 1 1 1 1 1 1 1
1 1 1 1 1 1 1 1 1 1 1 1 1 1 1 1 1 1 1 1 1 1 1 1 1 1 1 1 1 1 1 1 1 1 1 1 1 1 1 1 1 1 1 1 1 1 1 1 1 1 1 1 1 1 1 1 1 1 1 1 1 1 1 1 1 1 1 1 1 1 1 1 1 1 1 1 1 1 1 1
1 1 1 1 1 1 1 1 1 1 1 1 1 1 1 1 1 1 1 1 1 1 1 1 1 1 1 1 1 1 1 1 1 1 1 1 1 1 1 1 1 1 1 1 1 1 1 1 1 1 1 1 1 1 1 1 1 1 1 1 1 1 1 1 1 1 1 1 1 1 1 1 1 1 1 1 1 1 1 1
1 1 1 1 1 1 1 1 1 1 1 1 1 1 1 1 1 1 1 1 1 1 1 1 1 1 1 1 1 1 1 1 1 1 1 1 1 1 1 1 1 1 1 1 1 1 1 1 1 1 1 1 1 1 1 1 1 1 1 1 1 1 1 1 1 1 1 1 1 1 1 1 1 1 1 1 1 1 1 1
1 1 1 1 1 1 1 1 1 1 1 1 1 1 1 1 1 1 1 1 1 1 1 1 1 1 1 1 1 1 1 1 1 1 1 1 1 1 1 1 1 1 1 1 1 1 1 1 1 1 1 1 1 1 1 1 1 1 1 1 1 1 1 1 1 1 1 1 1 1 1 1 1 1 1 1 1 1 1 1
