80
0 424.935 382.674 613 2164 2093 0
1 189.566 35.3939 622 2052 2035 0
2 313.476 93.0555 635 1975 2037 0
3 425.385 448.225 646 2052 2079 0
4 352.889 1.3008 616 2033 2001 0
5 134.9 261.24 656 2120 2087 0
6 155.284 364.072 662 2090 2013 0
7 94.709 273.426 619 2099 2097 0
8 29.6689 145.949 635 2067 2137 0
9 385.952 200.374 635 2158 2123 0
10 226.989 3.62173 638 2103 2144 0
11 46.4674 477.798 634 1991 2056 0
12 201.824 54.2456 606 1930 2078 0
13 186.824 443.471 648 2124 2013 0
14 472.935 122.097 649 2067 2148 0
15 283.27 418.133 619 2066 2125 0
16 105.59 147.997 686 2066 2202 0
17 94.7942 206.508 627 1965 1918 0
18 16.2121 476.615 640 2115 2270 0
19 334.669 282.707 596 2096 1911 0
20 486.339 406.528 622 2030 1990 0
21 343.478 339.778 601 1883 1970 0
22 277.57 126.629 660 2005 1979 0
23 247.848 86.8462 641 2153 2118 0
24 106.938 298.609 646 2085 2096 0
25 438.875 176.292 584 1946 1972 0
26 133.102 48.4611 623 2099 2003 0
27 465.279 450.345 623 1912 1850 0
28 488.957 401.691 644 2112 2080 0
29 429.924 237.215 671 2097 2245 0
30 185.225 74.63 653 2073 2075 0
31 137.933 241.278 654 2180 2095 0
32 434.338 421.918 654 2082 2059 0
33 470.966 32.5095 652 2094 2088 0
34 150.965 273.617 648 2088 2014 0
35 143.537 423.817 629 2111 2152 0
36 199.014 328.184 639 2045 1945 0
37 382.728 7.2831 621 2088 2050 0
38 155.906 317.828 664 2192 2138 0
39 272.184 98.0456 650 2124 2017 0
40 368.553 276.309 655 2204 2131 0
41 447.086 167.712 674 2076 2181 0
42 435.354 3.04317 639 2039 1975 0
43 485.305 21.4222 633 2052 2118 0
44 340.138 206.107 633 2131 2214 0
45 37.3845 322.063 663 2127 2220 0
46 480.592 313.001 668 2019 2013 0
47 326.466 412.056 627 1981 2029 0
48 497.838 156.173 628 2096 1963 0
49 139.671 449.002 603 1958 2000 0
50 72.4175 121.592 663 2159 2167 0
51 171.711 448.628 619 2148 2041 0
52 132.979 473.256 662 2068 2169 0
53 472.404 195.348 619 2061 2153 0
54 147.706 1.35478 639 2053 2128 0
55 163.125 137.665 640 2028 2028 0
56 248.848 387.811 621 2016 2090 0
57 283.274 484.059 634 1960 2064 0
58 337.766 340.64 669 2070 2179 0
59 470.518 490.731 601 1891 2047 0
60 86.777 460.977 653 2152 2143 0
61 456.599 66.3801 674 2019 2269 0
62 101.9 131.342 651 1996 2003 0
63 434.135 6.29079 657 2047 2032 0
64 255.208 283.72 636 1995 2040 0
65 313.025 10.2076 630 2050 2179 0
66 471.15 120.685 658 2167 2164 0
67 5.70092 315.355 625 2067 2013 0
68 24.6432 178.838 615 2053 2139 0
69 286.16 494.376 650 2018 2072 0
70 190.563 286.79 622 2012 2132 0
71 117.957 2.06596 609 1995 1826 0
72 115.741 263.911 660 2101 2165 0
73 61.355 193.636 634 2095 1911 0
74 107.871 493.783 643 2046 2108 0
75 91.1306 132.399 663 2167 2165 0
76 183.54 253.132 616 2100 2153 0
77 301.08 243.21 598 2036 2131 0
78 464.263 364.626 615 1965 2026 0
79 86.3159 211.909 614 1941 1967 0
130
0 21
0 32
0 47
0 78
1 10
1 12
1 26
1 54
2 22
2 39
2 65
3 27
3 32
3 47
4 37
4 65
5 31
5 34
5 72
6 35
6 36
6 38
7 24
7 45
7 72
7 79
8 50
8 68
9 25
9 29
9 40
9 44
10 65
11 18
11 60
12 23
12 30
13 51
13 56
13 57
14 41
14 48
14 66
15 47
15 56
15 57
16 17
16 55
16 62
16 73
17 31
17 79
18 45
19 21
19 40
19 58
19 64
19 77
20 27
20 28
20 32
21 58
22 39
22 44
22 76
23 39
24 34
24 38
24 45
24 72
25 29
25 41
25 53
26 30
26 54
26 62
26 71
27 32
27 59
28 78
29 40
29 46
29 53
30 55
31 55
31 76
32 47
33 43
33 61
33 63
34 38
34 70
34 76
35 49
35 51
36 38
36 56
36 64
36 70
37 63
38 70
40 44
41 48
41 53
42 63
44 77
45 60
45 67
46 78
47 58
48 53
49 51
49 52
50 75
52 60
52 74
54 71
56 58
56 64
57 69
60 74
61 66
62 75
64 70
64 77
67 68
68 73
70 76
72 79
73 79
5 6 0.05 0.05 0.05 0
1 1 1 1 1 1 1 1 1 1 1 1 1 1 1 1 1 1 1 1 1 1 1 1 1 1 1 1 1 1 1 1 1 1 1 1 1 1 1 1 1 1 1 1 1 1 1 1 1 1 1 1 1 1 1 1 1 1 1 1 1 1 1 1 1 1 1 1 1 1 1 1 1 1 1 1 1 1 1 1
1 1 1 1 1 1 1 1 1 1 1 1 1 1 1 1 1 1 1 1 1 1 1 1 1 1 1 1 1 1 1 1 1 1 1 1 1 1 1 1 1 1 1 1 1 1 1 1 1 1 1 1 1 1 1 1 1 1 1 1 1 1 1 1 1 1 1 1 1 1 1 1 1 1 1 1 1 1 1 1
1 1 1 1 1 1 1 1 1 1 1 1 1 1 1 1 1 1 1 1 1 1 1 1 1 1 1 1 1 1 1 1 1 1 1 1 1 1 1 1 1 1 1 1 1 1 1 1 1 1 1 1 1 1 1 1 1 1 1 1 1 1 1 1 1 1 1 1 1 1 1 1 1 1 1 1 1 1 1 1
1 1 1 1 1 1 1 1 1 1 1 1 1 1 1 1 1 1 1 1 1 1 1 1 1 1 1 1 1 1 1 1 1 1 1 1 1 1 1 1 1 1 1 1 1 1 1 1 1 1 1 1 1 1 1 1 1 1 1 1 1 1 1 1 1 1 1 1 1 1 1 1 1 1 1 1 1 1 1 1
1 1 1 1 1 1 1 1 1 1 1 1 1 1 1 1 1 1 1 1 1 1 1 1 1 1 1 1 1 1 1 1 1 1 1 1 1 1 1 1 1 1 1 1 1 1 1 1 1 1 1 1 1 1 1 1 1 1 1 1 1 1 1 1 1 1 1 1 1 1 1 1 1 1 1 1 1 1 1 1
