80
0 425.502 419.163 607 1985 2035 0
1 314.912 227.86 618 2102 2040 0
2 166.887 373.934 658 2104 2019 0
3 397.33 432.44 645 2080 1940 0
4 112.355 357.007 599 2012 2156 0
5 220.542 151.089 626 2005 2030 0
6 327.367 60.9447 630 2063 2056 0
7 389.954 461.972 603 1999 2006 0
8 220.205 489.348 675 2322 2250 0
9 141.153 362.159 638 2054 2133 0
10 161.963 107.908 673 2224 2211 0
11 471.317 426.341 661 2149 2104 0
12 24.169 208.577 628 2185 2238 0
13 383.389 116.384 613 2026 2114 0
14 348.94 133.416 659 2064 2212 0
15 275.997 183.096 633 2079 1988 0
16 204.355 90.7426 637 2054 2113 0
17 80.2597 424.279 606 2056 2041 0
18 318.487 310.694 638 1919 2048 0
19 356.837 352.011 622 2074 2087 0
20 469.006 81.8944 683 2155 2257 0
21 492.272 109.53 631 2014 1991 0
22 77.9857 205.324 629 2143 1889 0
23 188.1 390.705 632 1993 2086 0
24 242.741 240.76 628 2037 2030 0
25 143.511 494.134 640 2025 1996 0
26 406.148 122.981 645 2119 2008 0
27 179.706 315.723 694 2099 2008 0
28 299.68 224.254 631 2040 2101 0
29 83.4838 112.177 629 2078 2204 0
30 153.93 106.298 630 2171 2088 0
31 439.102 490.391 618 2028 2030 0
32 7.36808 335.291 638 2241 2116 0
33 165.218 325.479 645 2077 1981 0
34 51.4314 407.916 632 1997 2135 0
35 431.779 405.023 646 2116 2261 0
36 249.009 88.1549 655 2069 1977 0
37 219.756 433.126 655 2081 1979 0
38 480.599 432.76 689 2110 2072 0
39 127.348 336.005 622 2021 1991 0
40 28.5473 294.832 605 1997 1956 0
41 486.859 145.201 661 2143 2138 0
42 38.8473 405.957 651 1989 2250 0
43 20.1796 158.878 608 2046 1974 0
44 307.865 281.573 684 2278 2141 0
45 426.654 275.266 636 2087 2096 0
46 282.946 469.65 632 1988 2041 0
47 36.4511 134.435 622 2010 1986 0
48 160.206 76.7076 612 1895 1926 0
49 354.637 384.927 615 1992 2112 0
50 150.465 365.87 644 2106 2033 0
51 186.652 59.3056 610 2043 2019 0
52 434.99 382.376 663 2022 2177 0
53 369.729 41.2368 564 1810 1849 0
54 441.061 411.845 622 2184 2108 0
55 394.45 21.8891 651 2176 2094 0
56 15.0394 267.735 622 2050 2080 0
57 213.268 387.798 616 2079 2010 0
58 363.303 30.9625 651 2073 2033 0
59 67.765 426.571 618 2056 1928 0
60 301.541 0.558252 640 2037 2003 0
61 88.7014 305.15 623 2097 2030 0
62 212.172 480.581 643 2015 2102 0
63 118.892 213.17 582 1920 1994 0
64 452.72 368.381 604 1984 1955 0
65 180.744 268.98 621 1901 2104 0
66 77.446 134.307 660 2160 2091 0
67 63.2338 269.644 651 2012 2055 0
68 1.91223 138.934 617 1890 2010 0
69 66.6572 307.772 652 2101 2103 0
70 214.012 406.581 643 1946 2110 0
71 367.035 254.503 641 2006 2061 0
72 404.797 429.351 634 2153 2117 0
73 175.223 474.342 620 2026 1952 0
74 12.3598 231.563 604 1972 1889 0
75 303.586 364.013 667 2215 2038 0
76 445.606 294.614 620 2017 2046 0
77 38.3694 374.138 607 2031 2015 0
78 164.8 297.071 619 2074 2037 0
79 378.604 199.833 632 2097 2078 0
139
0 31
0 35
0 54
0 72
1 14
1 28
1 44
1 71
1 79
2 23
2 50
3 7
3 49
3 72
4 9
4 17
4 34
4 39
4 77
5 10
5 15
5 16
5 36
5 63
6 13
6 14
6 36
6 53
6 58
6 60
7 31
7 46
8 46
8 62
9 33
9 39
9 50
10 16
10 30
10 48
11 31
11 38
11 54
12 22
12 43
12 74
13 14
13 26
13 53
14 15
14 36
14 79
15 24
15 28
16 36
16 48
16 51
17 25
17 59
18 19
18 44
18 75
19 45
19 49
19 52
19 75
19 76
20 21
20 26
20 55
21 41
22 63
22 66
22 67
23 57
23 70
24 28
24 44
24 65
25 73
26 41
26 79
27 33
27 78
29 30
29 66
30 48
30 63
31 38
32 40
32 77
33 39
33 50
33 78
34 42
34 59
35 52
35 54
36 60
37 46
37 62
37 70
37 73
39 61
40 56
40 67
40 69
41 45
42 77
43 47
43 68
44 71
45 71
45 76
46 49
46 75
47 66
47 68
48 51
49 52
49 75
52 64
53 55
53 58
55 58
56 67
56 74
57 70
57 75
58 60
61 67
61 69
62 73
63 65
64 76
65 78
67 69
69 77
71 79
5 6 0.05 0.05 0.05 0
1 1 1 1 1 1 1 1 1 1 1 1 1 1 1 1 1 1 1 1 1 1 1 1 1 1 1 1 1 1 1 1 1 1 1 1 1 1 1 1 1 1 1 1 1 1 1 1 1 1 1 1 1 1 1 1 1 1 1 1 1 1 1 1 1 1 1 1 1 1 1 1 1 1 1 1 1 1 1 1
1 1 1 1 1 1 1 1 1 1 1 1 1 1 1 1 1 1 1 1 1 1 1 1 1 1 1 1 1 1 1 1 1 1 1 1 1 1 1 1 1 1 1 1 1 1 1 1 1 1 1 1 1 1 1 1 1 1 1 1 1 1 1 1 1 1 1 1 1 1 1 1 1 1 1 1 1 1 1 1
1 1 1 1 1 1 1 1 1 1 1 1 1 1 1 1 1 1 1 1 1 1 1 1 1 1 1 1 1 1 1 1 1 1 1 1 1 1 1 1 1 1 1 1 1 1 1 1 1 1 1 1 1 1 1 1 1 1 1 1 1 1 1 1 1 1 1 1 1 1 1 1 1 1 1 1 1 1 1 1
1 1 1 1 1 1 1 1 1 1 1 1 1 1 1 1 1 1 1 1 1 1 1 1 1 1 1 1 1 1 1 1 1 1 1 1 1 1 1 1 1 1 1 1 1 1 1 1 1 1 1 1 1 1 1 1 1 1 1 1 1 1 1 1 1 1 1 1 1 1 1 1 1 1 1 1 1 1 1 1
1 1 1 1 1 1 1 1 1 1 1 1 1 1 1 1 1 1 1 1 1 1 1 1 1 1 1 1 1 1 1 1 1 1 1 1 1 1 1 1 1 1 1 1 1 1 1 1 1 1 1 1 1 1 1 1 1 1 1 1 1 1 1 1 1 1 1 1 1 1 1 1 1 1 1 1 1 1 1 1
