80
0 386.315 294.623 596 2112 1983 0
1 209.478 194.927 604 2145 2032 0
2 266.513 279.262 626 1898 1933 0
3 159.819 79.8389 639 1942 2025 0
4 157.935 408.334 670 2132 2158 0
5 397.482 481.207 631 2019 2042 0
6 34.6984 176.509 604 2042 2043 0
7 81.2875 198.473 666 2083 2065 0
8 118.949 176.537 634 2145 2066 0
9 383.132 298.513 641 2105 2173 0
10 404.962 193.347 613 2088 2159 0
11 469.042 191.224 660 2010 2106 0
12 288.703 223.277 636 2214 2141 0
13 88.8544 375.901 675 2164 2152 0
14 397.846 92.7286 642 2001 2095 0
15 389.235 367.833 628 2015 2120 0
16 268.778 350.326 645 2063 2173 0
17 352.329 101.749 616 2016 2053 0
18 365.478 93.0557 647 2042 2058 0
19 378.903 219.119 668 2194 2119 0
20 73.3049 34.7813 630 2036 2030 0
21 210.589 366.633 663 2100 2165 0
22 455.619 89.0279 658 2076 2140 0
23 252.938 131.281 622 2195 1967 0
24 152.349 37.7892 652 2094 1979 0
25 482.227 292.017 658 2148 2102 0
26 484.699 343.311 649 2065 2151 0
27 380.568 198.385 627 1948 2015 0
28 406.206 107.292 658 2199 2027 0
29 402.827 321.383 613 2044 1942 0
30 463.557 498.672 593 1932 1869 0
31 371.382 311.304 645 2177 2135 0
32 227.482 288.925 607 2119 2012 0
33 89.2301 189.511 617 1875 2010 0
34 39.7159 4.99218 657 2043 2133 0
35 300.4 326.967 587 1979 1959 0
36 228.691 103.304 634 2002 2105 0
37 37.5932 328.562 615 2085 1960 0
38 384.206 347.823 623 2184 2197 0
39 21.615 282.968 636 1955 2077 0
40 227.447 206.424 598 2006 2085 0
41 317.299 339.447 604 2038 2033 0
42 103.106 401.005 624 2195 1996 0
43 260.909 99.4229 594 1952 1931 0
44 66.8368 325.761 620 1967 1956 0
45 281.128 420.192 661 2139 2155 0
46 206.621 171.03 651 2095 2155 0
47 84.2993 319.057 681 2087 2044 0
48 136.096 366.424 617 2003 2137 0
49 331.887 22.8434 633 2017 2037 0
50 138.851 167.079 618 1924 2084 0
51 130.48 483.263 621 2192 2111 0
52 452.053 156.958 675 2185 2207 0
53 135.637 159.14 604 1941 1998 0
54 33.0735 366.061 631 2045 2005 0
55 409.715 82.4552 660 2154 2136 0
56 208.769 279.296 617 2067 1991 0
57 267.976 377.709 669 2254 2111 0
58 67.7354 428.317 641 1962 2069 0
59 55.973 237.865 631 1990 1958 0
60 457.339 494.467 630 1982 2032 0
61 107.906 76.3501 632 2144 2062 0
62 245.8 155.149 622 2060 2027 0
63 447.305 363.312 665 2190 2110 0
64 69.541 276.058 658 2107 2020 0
65 448.764 383.698 645 2128 1907 0
66 88.4002 242.937 639 2049 2205 0
67 265.095 450.061 629 1963 2061 0
68 237.668 490.139 621 2159 1977 0
69 13.509 44.9327 645 1977 2088 0
70 333.339 426.86 625 2015 1949 0
71 384.77 322.077 614 2072 2073 0
72 121.048 456.084 650 2116 2009 0
73 13.8428 155.172 614 2102 2124 0
74 189.348 371.072 575 1987 1929 0
75 118.708 125.385 650 2030 2144 0
76 119.188 186.902 616 1885 2004 0
77 32.7152 344.992 572 1920 1963 0
78 226.311 114.153 650 2032 2080 0
79 193.882 67.7776 634 2204 2110 0
136
0 9
0 19
1 40
1 46
2 12
2 32
2 35
2 40
3 24
3 61
3 75
3 79
4 42
4 48
4 67
4 68
4 72
4 74
5 15
5 60
5 65
5 70
6 7
6 59
6 73
7 33
7 59
7 66
8 50
8 76
9 31
9 71
10 11
10 27
10 28
10 52
11 25
11 52
12 17
12 19
12 31
12 40
12 62
13 42
13 44
13 47
13 48
13 54
14 18
14 28
14 55
15 38
15 63
15 65
15 70
16 21
16 32
16 35
16 57
17 18
17 27
17 43
18 49
19 27
20 24
20 34
20 61
20 69
21 32
21 57
21 74
22 28
22 52
22 55
23 43
23 62
23 78
24 61
24 79
25 26
25 29
26 63
28 52
29 63
29 71
30 60
31 41
31 71
32 56
33 76
34 69
35 41
36 43
36 78
36 79
37 39
37 44
37 77
38 41
38 71
39 59
39 64
40 56
40 62
41 70
42 48
42 58
42 72
43 49
44 47
45 57
45 67
45 70
46 50
46 62
46 78
47 48
47 56
47 64
48 74
50 53
51 68
51 72
53 75
54 58
54 77
56 66
58 72
59 64
59 66
60 65
61 75
63 65
64 66
67 68
69 73
5 6 0.05 0.05 0.05 0
1 1 1 1 1 1 1 1 1 1 1 1 1 1 1 1 1 1 1 1 1 1 1 1 1 1 1 1 1 1 1 1 1 1 1 1 1 1 1 1 1 1 1 1 1 1 1 1 1 1 1 1 1 1 1 1 1 1 1 1 1 1 1 1 1 1 1 1 1 1 1 1 1 1 1 1 1 1 1 1
1 1 1 1 1 1 1 1 1 1 1 1 1 1 1 1 1 1 1 1 1 1 1 1 1 1 1 1 1 1 1 1 1 1 1 1 1 1 1 1 1 1 1 1 1 1 1 1 1 1 1 1 1 1 1 1 1 1 1 1 1 1 1 1 1 1 1 1 1 1 1 1 1 1 1 1 1 1 1 1
1 1 1 1 1 1 1 1 1 1 1 1 1 1 1 1 1 1 1 1 1 1 1 1 1 1 1 1 1 1 1 1 1 1 1 1 1 1 1 1 1 1 1 1 1 1 1 1 1 1 1 1 1 1 1 1 1 1 1 1 1 1 1 1 1 1 1 1 1 1 1 1 1 1 1 1 1 1 1 1
1 1 1 1 1 1 1 1 1 1 1 1 1 1 1 1 1 1 1 1 1 1 1 1 1 1 1 1 1 1 1 1 1 1 1 1 1 1 1 1 1 1 1 1 1 1 1 1 1 1 1 1 1 1 1 1 1 1 1 1 1 1 1 1 1 1 1 1 1 1 1 1 1 1 1 1 1 1 1 1
1 1 1 1 1 1 1 1 1 1 1 1 1 1 1 1 1 1 1 1 1 1 1 1 1 1 1 1 1 1 1 1 1 1 1 1 1 1 1 1 1 1 1 1 1 1 1 1 1 1 1 1 1 1 1 1 1 1 1 1 1 1 1 1 1 1 1 1 1 1 1 1 1 1 1 1 1 1 1 1
