80
0 425.416 472.248 630 2032 2092 0
1 53.5713 372.489 666 2106 2168 0
2 448.971 360.504 704 2175 2187 0
3 390.665 405.384 619 1958 1900 0
4 445.708 17.3743 615 1909 1985 0
5 329.965 226.317 637 2093 2060 0
6 9.55615 110.136 611 1996 2102 0
7 217.855 487.941 655 2066 2048 0
8 37.727 77.9625 643 2047 2058 0
9 458.364 219.773 618 1971 2116 0
10 204.673 432.506 629 2039 1979 0
11 388.387 127.559 625 1989 2021 0
12 460.836 268.621 631 2099 2015 0
13 477.749 29.3732 607 1919 2059 0
14 452.091 296.599 588 1970 1922 0
15 303.569 84.3338 629 2041 2064 0
16 339.217 228.135 628 2069 1956 0
17 171.848 254.785 655 2064 2060 0
18 150.811 176.843 603 2042 1970 0
19 278.151 379.937 624 1982 1899 0
20 362.531 62.3517 647 2130 2042 0
21 266.103 400.068 677 2152 2123 0
22 401.223 353.82 625 2049 2051 0
23 91.4962 276.921 639 2205 2091 0
24 321.978 484.753 589 1905 2038 0
25 455.607 381.269 631 2006 1863 0
26 464.029 440.367 615 2157 2042 0
27 38.6608 271.261 611 1946 2008 0
28 407.809 46.547 600 2092 1981 0
29 139.093 230.695 672 2119 2250 0
30 182.174 303.874 636 2075 2083 0
31 439.638 488.892 620 2068 2036 0
32 271.508 240.477 639 2021 2017 0
33 316.524 324.719 642 2091 1959 0
34 272.721 114.469 650 2003 2048 0
35 262.479 478.06 638 1992 1946 0
36 54.5743 229.823 669 2252 2179 0
37 334.138 350.339 646 2046 2106 0
38 31.7405 462.793 606 2120 2106 0
39 81.3734 143.091 600 2095 1997 0
40 491.01 408.866 688 2298 2233 0
41 66.878 18.4611 659 2186 2149 0
42 64.0651 241.65 669 2139 2165 0
43 160.839 229.3 611 2104 1929 0
44 384.496 217.836 655 2020 2010 0
45 248.456 307.627 660 2211 2098 0
46 325.736 144.524 645 2136 2103 0
47 14.2872 125.719 651 2106 2195 0
48 21.9872 38.5813 638 2020 1967 0
49 289.381 130.069 639 2059 2104 0
50 192.215 55.7972 584 1946 2017 0
51 52.6084 188.939 596 1951 2009 0
52 329.244 108.174 669 2129 2161 0
53 50.9382 117.885 678 2113 2092 0
54 32.4637 117.203 640 1998 1987 0
55 237.863 257.112 658 2049 2088 0
56 102.651 252.619 662 2133 2155 0
57 173.55 355.79 644 2126 2079 0
58 24.8174 105.551 626 2036 2022 0
59 240.176 136.467 615 2026 2022 0
60 400.539 364.921 649 2079 2118 0
61 60.9815 416.145 640 2072 2153 0
62 396.649 487.017 640 2200 2113 0
63 365.391 122.211 638 1985 1991 0
64 204.423 234.273 650 1983 2069 0
65 404.46 252.53 671 2207 2251 0
66 28.1423 488.411 596 1930 2028 0
67 437.006 255.079 655 2079 2109 0
68 172.277 460.867 617 1984 1953 0
69 354.358 190.502 635 2081 2265 0
70 348.351 242.689 639 2089 2122 0
71 44.8015 478.861 642 1918 2068 0
72 297.042 379.349 633 2063 2174 0
73 291.548 53.5298 669 2283 2089 0
74 327.737 282.4 622 2013 2015 0
75 276.457 420.3 651 2034 2095 0
76 216.644 135.835 661 2020 2141 0
77 36.8885 485.18 626 2070 2074 0
78 207.195 330.186 617 1992 2060 0
79 151.919 295.236 644 2100 2051 0
144
0 3
0 26
0 31
0 62
1 23
1 27
1 57
1 61
2 14
2 22
2 25
2 60
3 24
3 25
3 26
3 37
3 60
3 62
4 13
4 28
5 16
5 32
6 47
6 58
7 10
7 35
7 68
8 48
8 58
9 11
9 12
9 44
9 67
10 21
10 57
10 68
10 75
11 28
11 63
11 69
12 14
12 67
14 22
15 20
15 34
15 49
15 52
15 73
16 44
16 69
16 70
17 30
17 43
17 64
17 79
18 29
18 39
18 43
18 76
19 21
19 45
19 72
19 78
20 28
20 52
20 63
21 75
22 37
22 60
23 27
23 42
23 56
23 79
24 35
24 62
24 75
25 26
25 40
26 31
26 40
27 42
29 43
29 56
30 55
30 57
30 78
30 79
32 49
32 55
32 59
32 74
33 37
33 45
33 74
34 49
34 50
34 59
35 75
36 42
36 51
37 60
37 72
38 61
38 71
38 77
39 50
39 51
39 53
41 48
41 50
42 56
43 64
44 65
44 69
44 70
45 55
45 78
46 49
46 52
46 63
46 69
47 51
47 54
47 58
49 52
50 73
50 76
52 63
53 54
54 58
55 64
56 79
57 61
57 78
59 76
61 68
63 69
64 76
65 67
65 70
66 77
68 71
70 74
71 77
5 6 0.05 0.05 0.05 0
1 1 1 1 1 1 1 1 1 1 1 1 1 1 1 1 1 1 1 1 1 1 1 1 1 1 1 1 1 1 1 1 1 1 1 1 1 1 1 1 1 1 1 1 1 1 1 1 1 1 1 1 1 1 1 1 1 1 1 1 1 1 1 1 1 1 1 1 1 1 1 1 1 1 1 1 1 1 1 1
1 1 1 1 1 1 1 1 1 1 1 1 1 1 1 1 1 1 1 1 1 1 1 1 1 1 1 1 1 1 1 1 1 1 1 1 1 1 1 1 1 1 1 1 1 1 1 1 1 1 1 1 1 1 1 1 1 1 1 1 1 1 1 1 1 1 1 1 1 1 1 1 1 1 1 1 1 1 1 1
1 1 1 1 1 1 1 1 1 1 1 1 1 1 1 1 1 1 1 1 1 1 1 1 1 1 1 1 1 1 1 1 1 1 1 1 1 1 1 1 1 1 1 1 1 1 1 1 1 1 1 1 1 1 1 1 1 1 1 1 1 1 1 1 1 1 1 1 1 1 1 1 1 1 1 1 1 1 1 1
1 1 1 1 1 1 1 1 1 1 1 1 1 1 1 1 1 1 1 1 1 1 1 1 1 1 1 1 1 1 1 1 1 1 1 1 1 1 1 1 1 1 1 1 1 1 1 1 1 1 1 1 1 1 1 1 1 1 1 1 1 1 1 1 1 1 1 1 1 1 1 1 1 1 1 1 1 1 1 1
1 1 1 1 1 1 1 1 1 1 1 1 1 1 1 1 1 1 1 1 1 1 1 1 1 1 1 1 1 1 1 1 1 1 1 1 1 1 1 1 1 1 1 1 1 1 1 1 1 1 1 1 1 1 1 1 1 1 1 1 1 1 1 1 1 1 1 1 1 1 1 1 1 1 1 1 1 1 1 1
