80
0 386.291 400.01 626 2005 1966 0
1 96.5636 444.348 629 2154 2182 0
2 214.779 297.746 658 2147 2137 0
3 341.385 156.252 634 1974 2113 0
4 247.202 217.765 613 2046 2110 0
5 112.58 124.347 670 2143 2090 0
6 420.571 40.3157 665 1976 2140 0
7 465.718 327.641 652 2006 2092 0
8 493.388 367.709 622 2127 2021 0
9 85.9703 402.493 621 2114 2059 0
10 67.6437 388.049 638 2032 2067 0
11 172.782 446.393 634 2022 2048 0
12 430.985 73.0767 632 1991 2236 0
13 114.881 306.103 629 2109 2027 0
14 469.926 50.725 639 2238 2013 0
15 405.907 81.5262 655 2095 1971 0
16 212.657 127.139 655 2225 2062 0
17 134.44 40.2215 638 2027 2083 0
18 96.5277 341.502 661 2131 2159 0
19 104.277 87.5402 597 2024 1931 0
20 480.645 204.275 634 2006 2069 0
21 456.03 490.148 670 2132 2140 0
22 378.697 266.117 668 2095 2191 0
23 359.272 283.386 650 2070 2196 0
24 386.254 264.067 623 1946 1966 0
25 250.244 358.971 639 2141 2111 0
26 231.154 497.945 633 2002 2067 0
27 476.103 366.163 658 2097 2035 0
28 82.4119 96.2862 604 1964 2058 0
29 163.222 265.969 637 2018 2071 0
30 149.452 345.375 635 2142 2042 0
31 365.362 143.026 695 2178 2166 0
32 203.945 205.936 624 1952 2123 0
33 229.805 338.794 634 2073 2127 0
34 150.867 117.029 616 1970 2007 0
35 283.679 292.624 625 2087 2055 0
36 430.352 424.037 592 1947 2033 0
37 61.7748 248.357 629 2053 1981 0
38 46.4717 49.8674 637 2002 2134 0
39 392.455 496.866 643 2111 2028 0
40 289.35 105.925 654 2046 2077 0
41 99.6424 189.476 660 2069 2130 0
42 35.5051 234.614 624 2079 1998 0
43 469.206 452.418 613 2126 1967 0
44 251.759 308.716 614 2087 2049 0
45 137.353 498.211 664 2125 2117 0
46 45.9845 361.157 641 2040 2044 0
47 146.923 339.03 673 2123 2084 0
48 299.014 33.4616 649 2028 2088 0
49 281.352 185.693 677 2144 2151 0
50 295.503 19.3856 664 2087 2067 0
51 344.5 11.2856 626 2101 2081 0
52 482.736 348.473 622 2049 2016 0
53 142.636 285.448 624 1950 1969 0
54 455.146 146.586 655 2111 1965 0
55 126.316 495.874 643 2133 2102 0
56 77.4028 408.619 647 2157 2180 0
57 380.474 125.496 635 2010 2233 0
58 105.943 88.5089 640 1945 2041 0
59 214.818 442.744 667 2195 2115 0
60 482.624 455.263 642 2080 2087 0
61 75.8074 95.7441 644 2105 2054 0
62 133.429 37.2465 624 2249 2155 0
63 455.61 433.193 625 2032 1951 0
64 207.895 98.8308 631 2114 2031 0
65 115.157 440.945 635 2043 2170 0
66 297.053 76.1785 640 2101 2111 0
67 82.7958 48.8225 599 2086 2044 0
68 152.786 369.872 648 2095 2073 0
69 347.128 176.211 598 2009 1897 0
70 203.868 403.578 623 2117 2000 0
71 230.325 73.0068 630 2123 2042 0
72 66.2903 140.804 629 2094 1994 0
73 437.262 57.6368 643 2183 2156 0
74 189.118 3.59749 653 2132 2143 0
75 262.379 296.134 626 2070 1958 0
76 268.05 120.728 629 1990 2007 0
77 483.994 483.583 621 2010 1883 0
78 119.569 88.8834 696 2148 2056 0
79 336.674 474.605 609 2095 2071 0
140
0 23
0 25
0 36
0 79
1 56
1 65
2 4
2 29
2 32
2 33
2 44
2 47
3 31
3 40
3 49
3 69
4 32
4 49
4 75
5 28
5 34
5 41
5 58
5 72
5 78
6 51
6 73
7 20
7 24
7 52
8 27
8 52
9 10
9 56
9 68
10 18
10 46
10 56
11 45
11 59
11 65
11 68
11 70
12 15
12 54
12 73
13 18
13 37
13 47
13 53
14 73
15 54
15 57
15 66
16 32
16 34
16 64
16 76
17 62
17 64
17 78
18 46
18 47
19 28
19 58
19 67
20 24
20 54
21 39
21 43
21 77
22 23
22 24
22 69
23 35
23 49
25 33
25 70
25 79
26 45
26 59
26 79
27 36
27 52
27 63
28 61
28 67
29 32
29 41
29 53
30 33
30 47
30 68
31 57
32 41
33 44
33 68
33 70
34 64
34 78
35 75
36 39
36 63
37 41
37 42
38 61
38 67
39 79
40 66
40 76
41 72
43 60
43 63
44 75
45 55
47 53
48 50
48 51
48 66
48 71
49 69
49 76
50 51
50 74
54 57
55 65
57 66
58 78
59 70
60 77
61 67
61 72
62 67
62 74
64 71
65 68
66 71
68 70
71 74
71 76
6 6 0.05 0.05 0.05 0
1 1 1 1 1 1 1 1 1 1 1 1 1 1 1 1 1 1 1 1 1 1 1 1 1 1 1 1 1 1 1 1 1 1 1 1 1 1 1 1 1 1 1 1 1 1 1 1 1 1 1 1 1 1 1 1 1 1 1 1 1 1 1 1 1 1 1 1 1 1 1 1 1 1 1 1 1 1 1 1
1 1 1 1 1 1 1 1 1 1 1 1 1 1 1 1 1 1 1 1 1 1 1 1 1 1 1 1 1 1 1 1 1 1 1 1 1 1 1 1 1 1 1 1 1 1 1 1 1 1 1 1 1 1 1 1 1 1 1 1 1 1 1 1 1 1 1 1 1 1 1 1 1 1 1 1 1 1 1 1
1 1 1 1 1 1 1 1 1 1 1 1 1 1 1 1 1 1 1 1 1 1 1 1 1 1 1 1 1 1 1 1 1 1 1 1 1 1 1 1 1 1 1 1 1 1 1 1 1 1 1 1 1 1 1 1 1 1 1 1 1 1 1 1 1 1 1 1 1 1 1 1 1 1 1 1 1 1 1 1
1 1 1 1 1 1 1 1 1 1 1 1 1 1 1 1 1 1 1 1 1 1 1 1 1 1 1 1 1 1 1 1 1 1 1 1 1 1 1 1 1 1 1 1 1 1 1 1 1 1 1 1 1 1 1 1 1 1 1 1 1 1 1 1 1 1 1 1 1 1 1 1 1 1 1 1 1 1 1 1
1 1 1 1 1 1 1 1 1 1 1 1 1 1 1 1 1 1 1 1 1 1 1 1 1 1 1 1 1 1 1 1 1 1 1 1 1 1 1 1 1 1 1 1 1 1 1 1 1 1 1 1 1 1 1 1 1 1 1 1 1 1 1 1 1 1 1 1 1 1 1 1 1 1 1 1 1 1 1 1
1 1 1 1 1 1 1 1 1 1 1 1 1 1 1 1 1 1 1 1 1 1 1 1 1 1 1 1 1 1 1 1 1 1 1 1 1 1 1 1 1 1 1 1 1 1 1 1 1 1 1 1 1 1 1 1 1 1 1 1 1 1 1 1 1 1 1 1 1 1 1 1 1 1 1 1 1 1 1 1
