80
0 386.307 163.086 617 1928 1975 0
1 363.7 207.501 639 2211 2206 0
2 480.127 491.245 634 2111 2035 0
3 418.389 368.344 624 1950 2093 0
4 448.878 297.269 619 2075 2078 0
5 257.626 425.445 633 2142 2030 0
6 297.58 432.96 630 2097 2077 0
7 247.579 60.9469 590 1950 2007 0
8 396 69.5056 616 1929 1921 0
9 371.914 253.772 629 2074 2091 0
10 145.368 206.184 636 1889 2097 0
11 347.115 458.893 642 2109 2007 0
12 201.581 467.883 657 1993 2003 0
13 442.968 466.051 622 1992 2021 0
14 464.192 177.237 630 2065 2044 0
15 424.395 309.321 607 2147 2122 0
16 402.56 322.426 623 1999 2023 0
17 376.928 24.1916 637 2101 2153 0
18 25.0979 320.485 691 2160 2230 0
19 167.341 4.04953 603 1972 2058 0
20 110.539 336.996 680 1993 2077 0
21 114.314 277.913 633 1988 2041 0
22 49.0938 119.44 633 2214 2079 0
23 286.659 379.435 626 2162 1975 0
24 373.248 181.908 641 2059 2181 0
25 49.5413 140.272 598 1977 2026 0
26 2.30201 189.817 673 2249 2165 0
27 426.632 408.397 680 2144 2166 0
28 340.102 96.0412 641 2099 2115 0
29 498.913 223.197 704 2198 2178 0
30 243.668 323.014 643 2197 1974 0
31 78.5183 156.8 654 2135 2073 0
32 95.0716 368.109 634 2309 2122 0
33 381.402 228.791 662 2200 2131 0
34 164.486 12.0293 611 1964 2091 0
35 307.421 325.078 652 2201 2141 0
36 480.138 180.123 613 2038 2017 0
37 394.773 442.268 648 2122 2190 0
38 170.264 123.873 699 2353 2229 0
39 138.034 440.555 640 2054 1973 0
40 21.8197 223.64 608 2130 1912 0
41 418.427 6.67465 624 2020 1974 0
42 194.762 372.795 619 2039 2090 0
43 199.928 197.667 659 2199 2140 0
44 199.978 31.3201 614 1956 2062 0
45 103.047 413.532 616 1948 2083 0
46 266.439 43.9363 619 1928 2057 0
47 95.9557 228.24 615 1960 1953 0
48 288.849 183.073 654 2030 1878 0
49 169.108 197.064 608 1962 1954 0
50 102.056 258.447 648 2138 2164 0
51 380.497 16.1999 637 2147 1998 0
52 137.939 348.535 626 1953 1998 0
53 374.993 9.35268 630 2154 2092 0
54 422.499 445.053 634 2038 2170 0
55 74.0312 243.146 635 2112 2217 0
56 399.518 192.357 654 2030 2198 0
57 107.379 219.252 651 2040 1959 0
58 2.18556 232.688 651 2071 2042 0
59 260.126 442.635 633 2081 2048 0
60 147.253 382.333 609 2076 2116 0
61 498.782 28.4524 625 1985 2026 0
62 325.832 265.052 621 2140 1978 0
63 121.691 264.186 615 2083 2054 0
64 355.854 341.303 653 2058 2075 0
65 422.043 283.429 648 1895 2003 0
66 293.939 233.679 648 1997 2058 0
67 299.84 406.652 655 2209 2170 0
68 434.083 128.814 627 1985 1984 0
69 393.69 242.907 622 2119 2074 0
70 440.799 13.3901 621 2133 2039 0
71 197.546 163.178 653 2102 2132 0
72 495.725 155.359 624 1952 1969 0
73 448.099 206.864 645 1999 2090 0
74 6.70709 226.034 691 1976 2217 0
75 295.594 55.6393 652 1982 2071 0
76 23.7274 287.21 638 2033 2077 0
77 281.576 442.382 625 2063 2018 0
78 71.2385 306.199 630 1992 2066 0
79 277.671 319.911 625 2043 2005 0
132
0 24
0 28
0 56
0 68
1 24
1 33
1 48
1 56
1 66
2 13
3 16
3 27
3 64
4 15
4 29
4 65
5 23
5 42
5 59
5 67
6 11
6 67
6 77
7 38
7 44
7 46
7 48
8 17
8 28
8 68
9 33
9 62
9 64
9 69
10 49
10 57
11 37
12 39
12 42
12 59
13 54
14 36
14 68
14 73
15 16
15 65
16 64
17 51
17 75
18 76
18 78
19 34
20 21
20 32
20 52
20 78
21 50
21 63
21 78
22 25
22 34
23 35
23 42
23 67
23 79
24 56
25 26
25 31
26 40
26 74
27 54
28 48
28 75
29 36
29 73
30 42
30 43
30 63
30 79
31 38
31 40
31 57
32 45
32 60
33 56
33 69
34 44
35 62
35 64
35 79
36 72
37 54
38 44
38 71
39 45
39 60
40 55
40 74
41 51
41 70
42 60
43 48
43 49
43 66
43 71
45 60
46 75
47 50
47 55
47 57
48 66
48 71
49 71
50 55
50 63
51 53
52 60
55 76
55 78
56 73
58 74
58 76
59 77
61 68
61 70
61 72
62 66
65 69
65 73
68 72
69 73
76 78
5 6 0.05 0.05 0.05 0
1 1 1 1 1 1 1 1 1 1 1 1 1 1 1 1 1 1 1 1 1 1 1 1 1 1 1 1 1 1 1 1 1 1 1 1 1 1 1 1 1 1 1 1 1 1 1 1 1 1 1 1 1 1 1 1 1 1 1 1 1 1 1 1 1 1 1 1 1 1 1 1 1 1 1 1 1 1 1 1
1 1 1 1 1 1 1 1 1 1 1 1 1 1 1 1 1 1 1 1 1 1 1 1 1 1 1 1 1 1 1 1 1 1 1 1 1 1 1 1 1 1 1 1 1 1 1 1 1 1 1 1 1 1 1 1 1 1 1 1 1 1 1 1 1 1 1 1 1 1 1 1 1 1 1 1 1 1 1 1
1 1 1 1 1 1 1 1 1 1 1 1 1 1 1 1 1 1 1 1 1 1 1 1 1 1 1 1 1 1 1 1 1 1 1 1 1 1 1 1 1 1 1 1 1 1 1 1 1 1 1 1 1 1 1 1 1 1 1 1 1 1 1 1 1 1 1 1 1 1 1 1 1 1 1 1 1 1 1 1
1 1 1 1 1 1 1 1 1 1 1 1 1 1 1 1 1 1 1 1 1 1 1 1 1 1 1 1 1 1 1 1 1 1 1 1 1 1 1 1 1 1 1 1 1 1 1 1 1 1 1 1 1 1 1 1 1 1 1 1 1 1 1 1 1 1 1 1 1 1 1 1 1 1 1 1 1 1 1 1
1 1 1 1 1 1 1 1 1 1 1 1 1 1 1 1 1 1 1 1 1 1 1 1 1 1 1 1 1 1 1 1 1 1 1 1 1 1 1 1 1 1 1 1 1 1 1 1 1 1 1 1 1 1 1 1 1 1 1 1 1 1 1 1 1 1 1 1 1 1 1 1 1 1 1 1 1 1 1 1
