80
0 386.299 31.5478 642 2072 2071 0
1 40.9954 9.87092 618 2045 2174 0
2 325.31 478.367 610 2005 2053 0
3 232.75 332.206 645 2248 2046 0
4 289.305 356.805 622 2164 2091 0
5 196.492 443.038 638 2186 2223 0
6 90.4714 53.5397 665 2061 2022 0
7 60.0498 256.824 651 2074 1974 0
8 237.027 218.554 631 2052 2060 0
9 363.018 247.716 667 2154 2202 0
10 387.296 278.327 610 2013 1897 0
11 196.96 305.091 656 2150 2073 0
12 471.209 117.925 622 2042 2097 0
13 92.1594 423.271 666 2153 2041 0
14 202.28 218.253 654 2134 2207 0
15 17.3234 155.079 631 2131 2120 0
16 279.569 223.793 653 2274 2086 0
17 316.646 362.205 645 2131 2133 0
18 174.707 299.692 627 2011 2033 0
19 287.438 469.687 640 2121 2101 0
20 9.96432 470.289 646 2073 1951 0
21 30.6771 89.8821 675 2164 2153 0
22 344.936 346.523 611 2022 2073 0
23 56.7853 389.886 573 1854 1821 0
24 459.192 140.912 631 2003 2119 0
25 108.908 422.665 621 2011 1926 0
26 217.33 162.481 659 2208 2227 0
27 420.153 18.7242 604 2030 2098 0
28 130.927 484.126 642 2056 1971 0
29 2.58258 405.447 654 2200 2152 0
30 97.6006 374.044 656 2139 2045 0
31 38.3079 340.861 620 1908 2001 0
32 194 64.6288 678 2161 2116 0
33 242.724 466.919 654 2003 2081 0
34 305.693 279.406 647 2138 2092 0
35 424.48 242.435 617 1943 2113 0
36 297.767 65.6088 631 2149 2233 0
37 31.8275 424.923 653 2007 2315 0
38 240.481 256.748 583 1981 1962 0
39 457.016 59.7576 650 2118 2034 0
40 213.39 450.579 637 2051 1963 0
41 52.304 72.8884 603 2013 1994 0
42 431.171 197.348 643 2231 2108 0
43 499.702 497.283 606 1953 2000 0
44 146.188 483.2 620 2063 1938 0
45 408.36 309.744 642 1907 1996 0
46 74.5844 39.1943 599 2008 1948 0
47 427.641 364.566 639 2013 2080 0
48 97.6217 228.238 639 2151 2085 0
49 132.748 99.4383 676 2204 2151 0
50 231.438 280.291 616 2100 2048 0
51 58.2618 205.621 649 2111 2018 0
52 420.398 135.214 594 1957 2067 0
53 177.579 68.926 648 2102 2170 0
54 370.384 42.3845 639 2001 2014 0
55 138.681 309.292 596 1900 1997 0
56 14.9501 265.753 688 2297 2287 0
57 411.151 208.808 642 2223 2174 0
58 202.288 361.241 656 2088 2099 0
59 89.0138 54.6638 671 2030 2170 0
60 6.8598 292.68 674 2087 2098 0
61 377.083 128.201 636 2220 2112 0
62 109.648 348.141 617 2011 2002 0
63 363.075 205.805 644 2084 2108 0
64 358.831 373.752 642 2084 2055 0
65 464.39 2.40653 609 1993 2016 0
66 271.428 398.036 634 2140 2159 0
67 300.363 201.718 674 2061 2121 0
68 53.5211 29.918 637 2033 1988 0
69 299.104 44.5809 653 2065 2147 0
70 288.869 24.7843 642 2039 2098 0
71 196.466 7.93455 594 2043 2048 0
72 389.455 64.7829 651 1968 2192 0
73 404.75 128.843 640 2077 2052 0
74 101.009 159.134 653 2197 2096 0
75 305.168 455.19 674 2254 2167 0
76 121.87 268.111 635 1952 2041 0
77 197.72 88.0097 641 1946 1961 0
78 48.6227 201.792 651 2067 2130 0
79 237.943 107.865 638 2111 1966 0
141
0 27
0 54
0 72
1 68
2 43
2 75
3 4
3 11
3 34
3 50
3 58
4 17
4 34
4 66
5 25
5 40
5 44
5 58
6 49
6 59
7 48
7 51
7 56
7 76
8 14
8 16
8 26
8 38
9 10
9 34
9 35
9 57
9 63
10 22
10 35
10 45
11 18
11 50
11 58
12 24
12 39
13 23
13 25
13 30
13 37
14 18
14 26
14 48
14 74
14 76
15 21
15 74
15 78
16 34
16 38
16 67
17 22
17 34
17 64
18 55
19 33
19 75
20 37
21 41
21 74
22 34
22 45
22 64
23 30
23 31
23 37
24 42
24 52
25 28
25 30
25 58
26 74
26 79
27 39
27 65
28 44
29 31
29 37
30 31
30 62
31 60
31 62
32 53
32 70
32 71
32 77
33 40
33 66
34 38
35 57
36 61
36 69
36 79
38 50
39 65
39 72
40 66
41 46
41 59
41 68
41 74
42 52
42 57
43 47
45 47
46 59
46 68
47 64
48 51
48 74
48 76
49 53
49 74
51 74
51 78
52 73
53 77
54 69
54 72
55 62
55 76
56 60
56 78
57 63
58 62
58 66
61 63
61 72
61 73
63 67
64 75
66 75
69 70
70 71
72 73
77 79
5 6 0.05 0.05 0.05 0
1 1 1 1 1 1 1 1 1 1 1 1 1 1 1 1 1 1 1 1 1 1 1 1 1 1 1 1 1 1 1 1 1 1 1 1 1 1 1 1 1 1 1 1 1 1 1 1 1 1 1 1 1 1 1 1 1 1 1 1 1 1 1 1 1 1 1 1 1 1 1 1 1 1 1 1 1 1 1 1
1 1 1 1 1 1 1 1 1 1 1 1 1 1 1 1 1 1 1 1 1 1 1 1 1 1 1 1 1 1 1 1 1 1 1 1 1 1 1 1 1 1 1 1 1 1 1 1 1 1 1 1 1 1 1 1 1 1 1 1 1 1 1 1 1 1 1 1 1 1 1 1 1 1 1 1 1 1 1 1
1 1 1 1 1 1 1 1 1 1 1 1 1 1 1 1 1 1 1 1 1 1 1 1 1 1 1 1 1 1 1 1 1 1 1 1 1 1 1 1 1 1 1 1 1 1 1 1 1 1 1 1 1 1 1 1 1 1 1 1 1 1 1 1 1 1 1 1 1 1 1 1 1 1 1 1 1 1 1 1
1 1 1 1 1 1 1 1 1 1 1 1 1 1 1 1 1 1 1 1 1 1 1 1 1 1 1 1 1 1 1 1 1 1 1 1 1 1 1 1 1 1 1 1 1 1 1 1 1 1 1 1 1 1 1 1 1 1 1 1 1 1 1 1 1 1 1 1 1 1 1 1 1 1 1 1 1 1 1 1
1 1 1 1 1 1 1 1 1 1 1 1 1 1 1 1 1 1 1 1 1 1 1 1 1 1 1 1 1 1 1 1 1 1 1 1 1 1 1 1 1 1 1 1 1 1 1 1 1 1 1 1 1 1 1 1 1 1 1 1 1 1 1 1 1 1 1 1 1 1 1 1 1 1 1 1 1 1 1 1
