80
0 424.759 423.074 603 2085 1921 0
1 322.328 360.764 650 2269 2075 0
2 33.9468 44.2443 612 2027 2064 0
3 100.487 393.01 642 2054 2069 0
4 170.119 188.08 618 2092 2020 0
5 101.407 351.795 624 2062 2106 0
6 288.084 319.723 646 2073 2028 0
7 95.3926 264.093 632 2198 2072 0
8 374.918 253.083 670 2038 2116 0
9 49.008 176.837 653 2208 2299 0
10 205.788 176.547 637 2105 1975 0
11 464.9 72.2613 654 2138 2104 0
12 159.042 20.8609 634 2125 2102 0
13 45.225 96.2429 593 2040 2210 0
14 107.887 257.864 643 1949 2154 0
15 63.346 156.378 671 2146 2124 0
16 162.948 163.883 703 2265 2330 0
17 443.508 40.7888 613 2004 2029 0
18 346.548 435.841 617 1973 2030 0
19 13.9098 282.286 638 2104 2002 0
20 233.229 380.652 634 2090 2060 0
21 39.3216 378.628 620 2007 1972 0
22 61.6009 325.963 638 2014 2060 0
23 148.173 336.302 651 2120 2060 0
24 427.671 359.576 662 2175 2145 0
25 425.539 28.6459 648 2144 2015 0
26 293.135 222.443 643 2080 2061 0
27 304.65 249.72 636 2080 2037 0
28 37.1756 310.802 665 2092 1990 0
29 253.294 120.32 616 2072 1951 0
30 124.744 74.7046 623 1979 2112 0
31 370.766 462.531 649 2339 2048 0
32 1.61942 217.549 625 2094 1951 0
33 284.998 467.08 620 1915 2102 0
34 0.475695 495.008 636 2016 1973 0
35 357.26 468.016 609 2066 1936 0
36 419.317 455.283 632 2058 2190 0
37 18.3587 54.925 625 1965 2074 0
38 381.675 305.175 672 2224 2166 0
39 343.91 93.7222 614 2022 1906 0
40 44.1737 427.78 618 2043 2111 0
41 112.552 167.773 639 2096 2058 0
42 318.273 208.823 642 2091 2120 0
43 89.1854 438.239 655 2098 2100 0
44 269.384 41.6718 673 2188 2201 0
45 4.20404 157.236 618 2019 2066 0
46 390.614 41.5676 593 1968 2078 0
47 355.088 464.84 617 2045 2062 0
48 405.859 268.136 674 2183 2204 0
49 332.267 407.169 604 1962 2008 0
50 9.49862 143.27 662 2238 2144 0
51 227.406 13.055 668 2188 2146 0
52 207.877 289.732 621 2013 2064 0
53 328.276 334.006 660 2110 2043 0
54 315.786 411.749 628 2061 1918 0
55 395.954 303.382 637 2065 2176 0
56 94.153 428.623 652 2098 2110 0
57 89.1872 469.759 608 2049 2160 0
58 183.517 376.121 633 1904 2003 0
59 473.103 446.673 643 2067 2084 0
60 82.3529 105.542 633 2086 2106 0
61 131.185 327.201 666 2116 2185 0
62 63.4042 134.482 627 2203 2065 0
63 492.749 134.039 653 2234 2012 0
64 327.417 396.155 594 1948 1913 0
65 50.8413 489.406 638 1952 2142 0
66 439.843 447.752 616 2034 1972 0
67 12.9394 473.099 632 2103 2023 0
68 163.54 111.484 635 2028 2131 0
69 457.262 198.408 647 2121 2021 0
70 4.67417 58.7506 630 2131 2088 0
71 380.501 84.4341 604 2021 1984 0
72 498.458 78.3998 623 2061 2280 0
73 445.44 7.21774 657 2040 2181 0
74 25.2806 391.145 631 2030 2021 0
75 459.452 10.096 612 1971 1878 0
76 362.86 86.0701 626 2011 1967 0
77 125.415 350.026 625 2027 2063 0
78 408.366 408.966 633 1967 2045 0
79 60.9083 186.317 652 2075 2149 0
135
0 36
0 66
0 78
1 20
1 24
1 53
1 64
2 37
3 5
3 21
3 56
4 10
4 14
4 16
4 52
5 21
5 22
5 77
6 20
6 27
6 52
6 53
7 14
7 22
7 28
7 32
7 61
7 79
8 27
8 38
8 42
8 48
9 15
9 32
9 45
9 79
10 16
10 26
10 29
10 52
11 17
11 71
11 72
12 30
12 51
13 37
13 50
13 60
13 62
14 41
14 52
14 61
14 79
15 41
15 50
15 62
16 41
16 68
17 25
17 73
17 75
18 33
18 47
18 49
18 78
19 28
19 32
20 33
20 52
20 54
20 58
21 22
21 74
22 28
23 52
23 58
23 61
23 77
24 55
24 78
25 46
25 73
26 27
26 29
26 42
26 52
27 52
29 39
29 42
29 44
29 68
30 60
30 68
31 35
31 36
31 78
32 45
33 47
33 54
34 67
35 47
36 66
37 70
38 53
38 55
39 42
39 44
39 76
40 43
40 65
40 67
40 74
41 79
43 56
43 57
44 51
45 50
46 71
48 55
48 69
49 54
49 64
50 62
52 58
54 64
57 65
59 66
60 62
61 77
63 69
63 72
65 67
69 71
71 76
73 75
5 6 0.05 0.05 0.05 0
1 1 1 1 1 1 1 1 1 1 1 1 1 1 1 1 1 1 1 1 1 1 1 1 1 1 1 1 1 1 1 1 1 1 1 1 1 1 1 1 1 1 1 1 1 1 1 1 1 1 1 1 1 1 1 1 1 1 1 1 1 1 1 1 1 1 1 1 1 1 1 1 1 1 1 1 1 1 1 1
1 1 1 1 1 1 1 1 1 1 1 1 1 1 1 1 1 1 1 1 1 1 1 1 1 1 1 1 1 1 1 1 1 1 1 1 1 1 1 1 1 1 1 1 1 1 1 1 1 1 1 1 1 1 1 1 1 1 1 1 1 1 1 1 1 1 1 1 1 1 1 1 1 1 1 1 1 1 1 1
1 1 1 1 1 1 1 1 1 1 1 1 1 1 1 1 1 1 1 1 1 1 1 1 1 1 1 1 1 1 1 1 1 1 1 1 1 1 1 1 1 1 1 1 1 1 1 1 1 1 1 1 1 1 1 1 1 1 1 1 1 1 1 1 1 1 1 1 1 1 1 1 1 1 1 1 1 1 1 1
1 1 1 1 1 1 1 1 1 1 1 1 1 1 1 1 1 1 1 1 1 1 1 1 1 1 1 1 1 1 1 1 1 1 1 1 1 1 1 1 1 1 1 1 1 1 1 1 1 1 1 1 1 1 1 1 1 1 1 1 1 1 1 1 1 1 1 1 1 1 1 1 1 1 1 1 1 1 1 1
1 1 1 1 1 1 1 1 1 1 1 1 1 1 1 1 1 1 1 1 1 1 1 1 1 1 1 1 1 1 1 1 1 1 1 1 1 1 1 1 1 1 1 1 1 1 1 1 1 1 1 1 1 1 1 1 1 1 1 1 1 1 1 1 1 1 1 1 1 1 1 1 1 1 1 1 1 1 1 1
