80
0 386.319 360.392 629 1952 2001 0
1 106.261 427.008 640 2118 2019 0
2 335.264 280.769 664 2049 2066 0
3 98.7182 157.408 647 2087 1950 0
4 199.959 203.759 676 2132 2196 0
5 435.196 341.882 638 2140 2040 0
6 54.3389 273.132 633 2098 2067 0
7 374.608 36.4288 639 2202 1998 0
8 156.2 249.443 598 2074 2065 0
9 464.902 107.257 645 2014 2063 0
10 166.51 34.9783 693 2216 2140 0
11 289.037 351.653 625 2021 2095 0
12 419.236 96.4879 604 2145 2029 0
13 58.2799 10.4108 634 2013 2025 0
14 254.504 447.992 657 2107 2111 0
15 67.1711 445.521 579 1997 1980 0
16 382.872 424.266 622 2048 1974 0
17 321.902 209.192 675 2136 2074 0
18 373.349 369.653 644 2066 2156 0
19 464.472 379.981 682 2149 2118 0
20 285.752 137.667 649 2241 2106 0
21 246.137 317.79 637 2176 2206 0
22 17.8647 251.926 652 1954 2139 0
23 236.528 322.464 630 2030 1988 0
24 192.231 331.876 631 2113 2112 0
25 393.362 230.991 632 1968 2046 0
26 128.99 431.951 656 2025 2151 0
27 470.242 363.934 616 1875 2044 0
28 396.031 99.1826 621 2081 2060 0
29 215.002 39.6387 647 2077 2076 0
30 44.0826 396.93 681 2082 2227 0
31 83.7256 175.515 645 2104 1986 0
32 151.142 241.235 593 2111 2037 0
33 148.068 79.5753 658 2133 2016 0
34 479.55 300.572 646 2119 2116 0
35 185.89 252.681 622 2042 2047 0
36 271.883 35.3943 674 2082 2208 0
37 442.077 492.598 667 2052 2060 0
38 393.898 241.701 628 2092 2141 0
39 44.9182 440.246 676 2172 2135 0
40 447.638 447.802 629 1929 2129 0
41 227.132 408.235 593 1920 1924 0
42 419.404 423.4 593 1975 1939 0
43 304.403 95.82 633 2048 2049 0
44 21.2115 1.03969 678 2147 2153 0
45 199.384 46.4343 631 1972 1954 0
46 459.855 290.42 653 1956 1962 0
47 388.806 167.511 647 1983 2021 0
48 468.029 163.862 623 1931 2081 0
49 490.709 354.056 674 2256 2199 0
50 442.113 94.5518 638 1999 2130 0
51 191.693 279.733 601 1975 1922 0
52 301.374 188.81 665 2050 2115 0
53 229.834 318.805 603 2104 1987 0
54 285.827 397.317 648 2068 2048 0
55 381.508 9.21981 637 2074 2017 0
56 73.4489 454.957 677 2071 2073 0
57 459.593 373.143 595 2058 1967 0
58 199.283 355.375 636 2118 1976 0
59 236.867 27.813 647 2072 2108 0
60 460.527 84.9314 672 2148 2167 0
61 467.174 293.87 652 2129 2045 0
62 374.658 382.498 631 2071 2041 0
63 7.94187 478.943 649 2018 2098 0
64 480.176 323.583 638 2134 2112 0
65 51.7364 33.0804 593 1912 1940 0
66 425.47 379.985 655 2043 2159 0
67 336.556 489.364 610 1960 1993 0
68 267.106 253.089 693 2185 2222 0
69 95.7277 396.105 621 2182 1943 0
70 203.632 448.722 656 2029 2020 0
71 430.816 229.283 608 1944 2016 0
72 148.693 79.8941 687 2110 2224 0
73 223.903 139.079 661 2073 2169 0
74 160.4 342.538 644 2056 2120 0
75 330.466 140.431 646 2151 2155 0
76 387.234 243.739 650 1962 2029 0
77 267.256 273.904 632 2104 2083 0
78 427.982 93.4254 656 2093 2072 0
79 277.903 208.071 632 2044 2130 0
138
0 2
0 5
0 18
0 66
1 15
1 26
1 56
1 69
2 11
2 17
2 76
2 77
3 4
3 31
3 33
3 65
3 73
4 32
4 35
4 68
4 73
4 79
5 27
5 46
5 57
5 64
5 66
6 22
6 30
6 31
6 32
6 69
6 74
7 28
7 36
7 43
7 55
8 32
8 35
9 48
9 50
9 60
10 13
10 33
10 45
11 18
11 21
11 54
12 28
12 78
13 44
13 65
14 41
14 54
14 67
14 70
15 39
15 56
16 42
16 62
16 67
17 25
17 47
17 52
17 76
18 62
19 40
19 57
20 43
20 52
20 73
20 75
21 23
21 77
22 31
23 53
24 51
24 53
24 58
24 74
25 38
25 47
25 71
26 70
26 74
27 49
27 57
28 43
28 47
28 75
29 45
29 59
30 39
30 69
31 32
33 65
33 72
34 61
34 64
35 51
35 68
36 43
36 59
36 73
37 40
37 67
38 71
38 76
39 63
40 42
41 54
41 58
41 70
42 66
43 75
44 65
45 73
46 61
46 71
47 48
47 75
48 71
49 64
50 60
50 78
51 53
51 77
52 75
52 79
54 62
54 67
57 66
58 74
68 77
68 79
69 74
72 73
73 79
5 6 0.05 0.05 0.05 0
1 1 1 1 1 1 1 1 1 1 1 1 1 1 1 1 1 1 1 1 1 1 1 1 1 1 1 1 1 1 1 1 1 1 1 1 1 1 1 1 1 1 1 1 1 1 1 1 1 1 1 1 1 1 1 1 1 1 1 1 1 1 1 1 1 1 1 1 1 1 1 1 1 1 1 1 1 1 1 1
1 1 1 1 1 1 1 1 1 1 1 1 1 1 1 1 1 1 1 1 1 1 1 1 1 1 1 1 1 1 1 1 1 1 1 1 1 1 1 1 1 1 1 1 1 1 1 1 1 1 1 1 1 1 1 1 1 1 1 1 1 1 1 1 1 1 1 1 1 1 1 1 1 1 1 1 1 1 1 1
1 1 1 1 1 1 1 1 1 1 1 1 1 1 1 1 1 1 1 1 1 1 1 1 1 1 1 1 1 1 1 1 1 1 1 1 1 1 1 1 1 1 1 1 1 1 1 1 1 1 1 1 1 1 1 1 1 1 1 1 1 1 1 1 1 1 1 1 1 1 1 1 1 1 1 1 1 1 1 1
1 1 1 1 1 1 1 1 1 1 1 1 1 1 1 1 1 1 1 1 1 1 1 1 1 1 1 1 1 1 1 1 1 1 1 1 1 1 1 1 1 1 1 1 1 1 1 1 1 1 1 1 1 1 1 1 1 1 1 1 1 1 1 1 1 1 1 1 1 1 1 1 1 1 1 1 1 1 1 1
1 1 1 1 1 1 1 1 1 1 1 1 1 1 1 1 1 1 1 1 1 1 1 1 1 1 1 1 1 1 1 1 1 1 1 1 1 1 1 1 1 1 1 1 1 1 1 1 1 1 1 1 1 1 1 1 1 1 1 1 1 1 1 1 1 1 1 1 1 1 1 1 1 1 1 1 1 1 1 1
