80
0 386.334 123.468 633 2005 2015 0
1 453.546 246.079 624 2104 2145 0
2 231.826 299.473 632 2006 2089 0
3 49.5873 414.054 654 2039 2138 0
4 148.969 225.713 628 1943 2158 0
5 182.3 409.061 595 1971 2011 0
6 46.0911 152.66 631 2045 2029 0
7 266.348 8.5827 652 2119 2083 0
8 41.0686 239.135 601 1969 1917 0
9 358.048 210.385 658 2143 2097 0
10 455.634 345.889 646 1991 2073 0
11 281.345 70.403 656 1997 2240 0
12 77.0033 194.956 637 2201 1976 0
13 343.456 459.51 655 2159 2135 0
14 296.669 114.231 657 2159 2083 0
15 258.993 401.928 639 2219 2043 0
16 353.309 59.5197 662 2057 2229 0
17 294.405 70.6884 633 1952 1990 0
18 171.243 83.1072 624 2050 1958 0
19 50.3132 113.598 620 2137 1962 0
20 395.356 253.178 632 2206 2056 0
21 372.375 7.85725 604 1964 2015 0
22 149.212 305.642 625 2009 2054 0
23 288.201 302.452 594 1897 1945 0
24 226.288 217.333 590 1970 1978 0
25 222.565 143.726 664 2212 2190 0
26 74.6045 378.659 597 2041 2025 0
27 455.209 204.269 604 2095 2020 0
28 417.155 131.549 683 2226 2173 0
29 303.844 204.928 654 2156 2038 0
30 120.857 239.188 675 2039 2084 0
31 331.222 346.06 627 2030 2014 0
32 177.184 439.819 610 1924 2008 0
33 484.29 462.465 627 2142 2095 0
34 313.575 261.583 647 2039 1893 0
35 241.148 476.166 642 2111 1987 0
36 87.4765 218.081 685 2218 2235 0
37 359.516 379.755 682 2077 2059 0
38 89.5082 363.576 663 2210 2084 0
39 287.94 413.639 667 2207 2102 0
40 210.864 493.942 630 2011 2160 0
41 475.856 218.571 650 2134 2106 0
42 86.4914 161.761 678 2083 2215 0
43 229.946 199.799 630 2212 2146 0
44 232.362 313.388 624 1970 2004 0
45 170.05 34.1992 613 2044 2079 0
46 123.314 42.9064 649 1963 2075 0
47 98.0084 227.329 628 2067 2028 0
48 303.879 299.141 673 2117 2156 0
49 154.657 321.378 614 2019 2070 0
50 28.7233 252.949 627 2076 2068 0
51 265.576 38.6688 662 2080 2142 0
52 224.926 335.04 601 2096 2075 0
53 243.911 412.049 655 2097 2120 0
54 43.1475 180.031 645 2081 2068 0
55 247.128 482.372 616 1999 2054 0
56 195.515 27.6351 636 2121 2008 0
57 122.627 0.119184 650 2150 2138 0
58 456.696 184.764 648 2014 2118 0
59 145.026 453.141 645 2086 2147 0
60 240.619 89.2998 617 1918 2029 0
61 270.535 386.23 647 2212 2217 0
62 278.547 47.7569 650 2220 2027 0
63 192.087 407.431 658 2131 2093 0
64 320.647 119.091 662 2199 2146 0
65 250.467 102.993 602 1858 2089 0
66 409.318 412.428 618 2106 2051 0
67 384.488 83.2225 595 2016 2079 0
68 485.038 26.4526 662 2041 2061 0
69 95.0598 169.832 629 2095 2029 0
70 171.691 112.078 657 2060 2012 0
71 120.646 195.85 682 2268 2155 0
72 199.748 164.855 589 1941 1890 0
73 8.00023 459.845 634 2059 2070 0
74 429.192 432.649 611 2073 1984 0
75 174.262 319.197 656 2083 2178 0
76 449.509 398.204 641 2014 2078 0
77 9.37884 130.183 621 1992 1955 0
78 259.008 149.213 659 2123 2086 0
79 290.878 292.637 667 2066 2120 0
149
0 9
0 28
0 64
0 67
1 10
1 20
1 27
1 41
2 4
2 23
2 24
2 44
3 26
3 59
3 73
4 24
4 30
4 71
4 72
5 32
5 38
5 49
5 63
5 75
6 19
6 42
6 54
6 77
7 21
7 51
7 56
8 36
8 50
8 54
9 20
9 29
9 34
9 64
10 20
10 76
11 17
11 60
11 62
11 65
12 36
12 54
12 69
12 71
13 37
13 39
13 55
13 66
14 17
14 64
14 65
14 78
15 39
15 53
15 61
16 17
16 21
16 64
16 67
18 45
18 46
18 60
18 70
19 46
19 77
20 31
20 34
21 68
22 30
22 49
23 44
23 48
23 61
23 79
24 43
24 79
25 65
25 70
25 72
25 78
26 38
26 59
27 41
27 58
28 58
28 68
29 34
29 43
29 64
29 78
30 47
30 71
31 37
31 48
31 61
32 40
32 59
33 74
33 76
34 48
34 79
35 40
35 53
35 55
36 47
36 71
37 39
37 66
38 49
38 50
39 61
42 54
42 69
43 72
43 78
44 52
45 46
45 56
45 57
46 57
47 71
48 79
49 75
51 56
51 60
51 62
52 61
52 63
52 75
53 63
56 60
60 65
60 70
63 75
64 67
65 78
66 74
66 76
67 68
69 70
69 71
70 71
70 72
71 72
74 76
5 6 0.05 0.05 0.05 0
1 1 1 1 1 1 1 1 1 1 1 1 1 1 1 1 1 1 1 1 1 1 1 1 1 1 1 1 1 1 1 1 1 1 1 1 1 1 1 1 1 1 1 1 1 1 1 1 1 1 1 1 1 1 1 1 1 1 1 1 1 1 1 1 1 1 1 1 1 1 1 1 1 1 1 1 1 1 1 1
1 1 1 1 1 1 1 1 1 1 1 1 1 1 1 1 1 1 1 1 1 1 1 1 1 1 1 1 1 1 1 1 1 1 1 1 1 1 1 1 1 1 1 1 1 1 1 1 1 1 1 1 1 1 1 1 1 1 1 1 1 1 1 1 1 1 1 1 1 1 1 1 1 1 1 1 1 1 1 1
1 1 1 1 1 1 1 1 1 1 1 1 1 1 1 1 1 1 1 1 1 1 1 1 1 1 1 1 1 1 1 1 1 1 1 1 1 1 1 1 1 1 1 1 1 1 1 1 1 1 1 1 1 1 1 1 1 1 1 1 1 1 1 1 1 1 1 1 1 1 1 1 1 1 1 1 1 1 1 1
1 1 1 1 1 1 1 1 1 1 1 1 1 1 1 1 1 1 1 1 1 1 1 1 1 1 1 1 1 1 1 1 1 1 1 1 1 1 1 1 1 1 1 1 1 1 1 1 1 1 1 1 1 1 1 1 1 1 1 1 1 1 1 1 1 1 1 1 1 1 1 1 1 1 1 1 1 1 1 1
1 1 1 1 1 1 1 1 1 1 1 1 1 1 1 1 1 1 1 1 1 1 1 1 1 1 1 1 1 1 1 1 1 1 1 1 1 1 1 1 1 1 1 1 1 1 1 1 1 1 1 1 1 1 1 1 1 1 1 1 1 1 1 1 1 1 1 1 1 1 1 1 1 1 1 1 1 1 1 1
