80
0 386.303 97.3167 606 2076 2022 0
1 61.3752 32.7686 623 1944 2064 0
2 228.067 120.857 603 1944 2001 0
3 239.524 178.118 660 2181 2252 0
4 306.154 36.915 607 2140 2103 0
5 196.749 265.577 619 2051 2071 0
6 362.2 493.115 643 2136 2162 0
7 196.605 345.741 623 1999 2083 0
8 286.865 343.613 635 2123 2249 0
9 167.69 362.478 653 2100 2076 0
10 290.789 283.975 624 2033 1973 0
11 286.59 221.876 634 2041 1992 0
12 221.916 246.743 609 2023 2160 0
13 84.5846 112.795 606 2018 2028 0
14 483.448 315.853 665 2048 2109 0
15 276.965 453.077 614 2162 1952 0
16 228.917 405.64 654 2128 2104 0
17 12.9594 307.798 707 2307 2182 0
18 420.29 306.149 633 2005 2243 0
19 248.993 321.847 656 2067 2182 0
20 55.4687 262.51 633 1935 2063 0
21 304.396 480.252 644 2073 2153 0
22 308.932 224.029 614 2040 2017 0
23 94.7976 262.521 645 2044 1946 0
24 35.3786 108.925 610 1943 2042 0
25 437.245 278.873 621 2038 2020 0
26 325.362 366.394 625 1997 1996 0
27 398.16 383.393 641 2066 2026 0
28 223.927 37.8401 629 2052 2008 0
29 137.353 494.384 634 2024 2009 0
30 76.3095 33.2354 618 2018 2079 0
31 106.261 427.263 648 2056 2156 0
32 148.526 268.322 625 1990 2038 0
33 318.579 363.895 664 2184 2157 0
34 71.7992 229.347 637 2037 2024 0
35 448.128 189.341 652 2006 2225 0
36 191.417 138.321 642 2061 2148 0
37 377.284 7.61525 617 1940 2057 0
38 102.795 173.425 629 2022 2070 0
39 179.919 399.636 660 2149 2160 0
40 362.498 498.916 666 2173 2133 0
41 312.633 424.521 636 2147 2105 0
42 187.896 462.466 609 1993 1926 0
43 191.316 450.748 626 2113 1959 0
44 107.205 294.592 614 2228 2181 0
45 136.978 181.384 611 2038 2065 0
46 45.8017 289.561 609 2126 2053 0
47 452.19 455.469 609 1987 2119 0
48 426.463 67.7612 600 2024 1925 0
49 299.836 343.262 643 2167 2107 0
50 376.228 269.474 617 2104 1942 0
51 372.141 73.7527 658 2106 2105 0
52 489.912 446.12 657 2147 2157 0
53 79.4879 453.739 641 1996 2087 0
54 492.752 178.841 632 2036 2052 0
55 362.208 123.338 667 2180 2043 0
56 350.687 4.06933 659 2101 2059 0
57 170.749 273.428 687 2372 2141 0
58 56.2167 334.703 648 2094 2116 0
59 349.048 450.518 664 2014 2010 0
60 7.29793 156.393 657 2092 2042 0
61 84.9274 374.173 618 2016 2065 0
62 209.32 49.1604 586 2046 1889 0
63 439.697 493.809 652 2165 2054 0
64 84.9261 353.045 630 2012 1957 0
65 242.154 385.815 670 2184 2214 0
66 85.881 401.156 586 1908 1817 0
67 105.556 87.1752 623 1973 2142 0
68 30.7008 489.031 633 2068 2146 0
69 192.498 312.555 659 2289 2173 0
70 427.978 27.5 624 2059 2014 0
71 56.0348 277.348 654 2087 2037 0
72 134.851 442.848 643 2225 2147 0
73 189.723 177.224 612 1986 2004 0
74 171.753 159.215 653 2149 2079 0
75 334.05 382.965 620 1907 2067 0
76 489.154 216.057 624 2014 2000 0
77 128.79 72.2551 648 2120 2130 0
78 248.761 419.631 678 2283 2104 0
79 463.883 486.792 635 2133 2041 0
149
0 35
0 48
0 51
0 55
1 24
1 30
2 3
2 4
2 36
2 55
2 62
3 11
3 12
3 36
3 55
3 73
4 28
4 51
4 56
5 12
5 57
5 69
6 21
6 40
6 59
6 63
7 9
7 19
7 65
7 69
8 10
8 19
8 49
8 65
9 39
9 44
9 61
9 64
10 11
10 12
10 19
10 22
10 49
10 50
11 12
11 22
12 19
12 73
13 24
13 38
13 67
14 18
14 25
14 52
14 76
15 21
15 41
15 78
16 39
16 43
16 65
16 78
17 46
17 58
18 25
18 27
18 50
19 65
19 69
20 23
20 34
20 71
21 41
21 59
22 50
22 55
23 32
23 34
23 44
23 71
24 60
25 35
25 50
25 76
26 33
26 50
26 75
27 47
27 59
27 75
28 62
29 42
29 53
29 72
30 67
30 77
31 53
31 66
31 72
32 44
32 45
32 57
32 73
33 49
34 38
34 60
35 50
35 54
35 55
35 76
36 74
36 77
37 51
37 56
37 70
38 45
38 60
39 43
39 72
40 63
41 59
41 75
42 43
42 72
43 72
44 58
44 64
45 74
46 58
46 71
47 52
47 59
47 63
47 79
48 51
48 54
48 70
52 79
53 68
54 76
57 69
58 64
61 64
61 66
62 77
63 79
67 74
67 77
73 74
5 6 0.05 0.05 0.05 0
1 1 1 1 1 1 1 1 1 1 1 1 1 1 1 1 1 1 1 1 1 1 1 1 1 1 1 1 1 1 1 1 1 1 1 1 1 1 1 1 1 1 1 1 1 1 1 1 1 1 1 1 1 1 1 1 1 1 1 1 1 1 1 1 1 1 1 1 1 1 1 1 1 1 1 1 1 1 1 1
1 1 1 1 1 1 1 1 1 1 1 1 1 1 1 1 1 1 1 1 1 1 1 1 1 1 1 1 1 1 1 1 1 1 1 1 1 1 1 1 1 1 1 1 1 1 1 1 1 1 1 1 1 1 1 1 1 1 1 1 1 1 1 1 1 1 1 1 1 1 1 1 1 1 1 1 1 1 1 1
1 1 1 1 1 1 1 1 1 1 1 1 1 1 1 1 1 1 1 1 1 1 1 1 1 1 1 1 1 1 1 1 1 1 1 1 1 1 1 1 1 1 1 1 1 1 1 1 1 1 1 1 1 1 1 1 1 1 1 1 1 1 1 1 1 1 1 1 1 1 1 1 1 1 1 1 1 1 1 1
1 1 1 1 1 1 1 1 1 1 1 1 1 1 1 1 1 1 1 1 1 1 1 1 1 1 1 1 1 1 1 1 1 1 1 1 1 1 1 1 1 1 1 1 1 1 1 1 1 1 1 1 1 1 1 1 1 1 1 1 1 1 1 1 1 1 1 1 1 1 1 1 1 1 1 1 1 1 1 1
1 1 1 1 1 1 1 1 1 1 1 1 1 1 1 1 1 1 1 1 1 1 1 1 1 1 1 1 1 1 1 1 1 1 1 1 1 1 1 1 1 1 1 1 1 1 1 1 1 1 1 1 1 1 1 1 1 1 1 1 1 1 1 1 1 1 1 1 1 1 1 1 1 1 1 1 1 1 1 1
