80
0 425.217 118.034 695 2113 2315 0
1 2.52224 391.243 610 2053 1863 0
2 80.6457 412.171 622 2010 2050 0
3 232.346 43.7304 649 2129 2021 0
4 375.004 185.368 623 1943 2087 0
5 249.365 69.2932 616 2041 1933 0
6 375.163 369.808 633 2162 2106 0
7 94.682 319.645 654 2028 2173 0
8 386.236 471.345 614 2044 2028 0
9 361.398 9.92445 658 2023 2019 0
10 294.346 77.8195 628 2124 2068 0
11 461.027 483.588 646 2041 2120 0
12 331.691 224.604 661 2277 2107 0
13 108.862 137.864 589 1902 1893 0
14 296.489 86.6236 653 2133 2163 0
15 187.797 310.429 666 2100 2106 0
16 423.493 142.855 613 2045 2143 0
17 415.532 347.464 634 2055 2087 0
18 286.933 480.503 624 2017 2113 0
19 436.802 325.102 641 2102 1960 0
20 11.5181 84.7193 617 2126 1974 0
21 476.812 285.649 617 2148 2090 0
22 390.527 81.3863 650 2110 1979 0
23 285.357 489.241 622 2159 2042 0
24 152.541 258.074 642 2232 2211 0
25 365.587 425.487 645 2062 2006 0
26 47.0365 41.9267 617 1982 2066 0
27 418.493 117.303 621 2090 2085 0
28 334.805 60.3139 637 2226 2160 0
29 457.932 461.27 612 1958 1997 0
30 441.653 361.371 613 2050 2124 0
31 253.454 293.589 691 2212 2204 0
32 128.002 323.343 657 1921 2174 0
33 193.074 495.241 616 1999 1992 0
34 495.249 155.983 641 1994 2092 0
35 393.501 67.8393 624 2086 1908 0
36 49.8749 247.283 625 1997 1870 0
37 51.8155 362.843 645 2088 2112 0
38 156.177 367.731 608 1950 2049 0
39 36.0968 178.122 612 2064 1940 0
40 73.3452 212.287 644 1986 2089 0
41 262.858 352.52 638 2227 2208 0
42 269.768 492.482 611 1839 2037 0
43 427.162 319.571 635 2050 2043 0
44 406.894 165.27 613 1860 1993 0
45 135.969 228.392 650 2147 2144 0
46 82.7688 94.67 621 2109 2009 0
47 327.495 201.856 634 2092 2048 0
48 296.293 301.086 621 1922 2098 0
49 144.816 418.663 659 2057 2104 0
50 285.27 25.279 666 2168 2143 0
51 428.763 225.623 631 2073 2057 0
52 484.176 49.6965 626 2158 2070 0
53 61.8904 191.699 635 2128 2010 0
54 135.906 180.207 662 2054 2012 0
55 465.108 76.2286 632 2094 2025 0
56 291.159 1.10958 637 2056 2172 0
57 487.648 406.573 599 1947 1988 0
58 205.743 429.962 621 2007 2084 0
59 291.771 293.032 618 2070 2029 0
60 127.501 416.84 657 2133 2069 0
61 345.192 142.112 661 2137 1975 0
62 140.872 141.552 638 2026 2006 0
63 11.2014 261.117 655 2130 2076 0
64 461.501 448.034 637 2112 2068 0
65 335.099 3.46051 615 2022 1903 0
66 160.268 116.773 639 2182 2156 0
67 272.592 447.14 635 1926 2050 0
68 239.057 326.693 672 2072 2016 0
69 118.572 346.91 617 1852 2031 0
70 151.578 79.1687 637 2076 2085 0
71 88.9004 148.677 642 2083 2154 0
72 23.5481 272.559 643 2097 2029 0
73 332.044 170.402 672 2134 2135 0
74 495.619 369.659 658 2170 2146 0
75 287.189 278.236 640 2085 2160 0
76 353.541 464.295 684 2094 2114 0
77 460.665 402.014 607 2165 2005 0
78 410.829 295.265 630 2053 2067 0
79 209.309 349.78 645 2182 2165 0
143
0 16
0 27
0 55
1 37
2 37
2 60
2 69
3 5
3 50
3 70
4 44
4 47
4 51
4 61
4 73
5 10
5 50
5 66
6 17
6 25
6 41
6 48
7 32
7 36
7 37
7 69
7 72
8 11
8 25
8 29
8 76
9 28
9 35
9 65
10 14
10 28
10 50
11 29
12 47
12 75
12 78
13 46
13 54
13 62
13 71
14 61
15 24
15 32
15 38
15 68
15 79
16 34
16 44
17 19
17 30
17 43
18 23
18 67
18 76
19 21
19 30
19 43
20 26
20 39
20 46
21 51
21 74
21 78
22 27
22 28
22 35
22 61
23 42
24 32
24 45
25 41
25 76
25 77
26 46
27 61
28 35
28 50
28 61
28 65
29 64
30 74
30 77
31 59
31 68
31 75
32 69
33 42
33 49
33 58
34 51
34 55
35 55
36 40
36 72
37 69
37 72
38 49
38 58
38 69
38 79
39 53
40 45
40 53
40 54
41 48
41 58
41 67
41 68
43 78
44 51
45 54
46 70
46 71
47 54
47 73
48 59
48 78
49 58
49 60
50 56
51 78
52 55
53 71
54 62
56 65
57 64
57 74
57 77
58 67
58 79
59 75
60 69
61 73
62 66
63 72
64 77
66 70
68 79
5 6 0.05 0.05 0.05 0
1 1 1 1 1 1 1 1 1 1 1 1 1 1 1 1 1 1 1 1 1 1 1 1 1 1 1 1 1 1 1 1 1 1 1 1 1 1 1 1 1 1 1 1 1 1 1 1 1 1 1 1 1 1 1 1 1 1 1 1 1 1 1 1 1 1 1 1 1 1 1 1 1 1 1 1 1 1 1 1
1 1 1 1 1 1 1 1 1 1 1 1 1 1 1 1 1 1 1 1 1 1 1 1 1 1 1 1 1 1 1 1 1 1 1 1 1 1 1 1 1 1 1 1 1 1 1 1 1 1 1 1 1 1 1 1 1 1 1 1 1 1 1 1 1 1 1 1 1 1 1 1 1 1 1 1 1 1 1 1
1 1 1 1 1 1 1 1 1 1 1 1 1 1 1 1 1 1 1 1 1 1 1 1 1 1 1 1 1 1 1 1 1 1 1 1 1 1 1 1 1 1 1 1 1 1 1 1 1 1 1 1 1 1 1 1 1 1 1 1 1 1 1 1 1 1 1 1 1 1 1 1 1 1 1 1 1 1 1 1
1 1 1 1 1 1 1 1 1 1 1 1 1 1 1 1 1 1 1 1 1 1 1 1 1 1 1 1 1 1 1 1 1 1 1 1 1 1 1 1 1 1 1 1 1 1 1 1 1 1 1 1 1 1 1 1 1 1 1 1 1 1 1 1 1 1 1 1 1 1 1 1 1 1 1 1 1 1 1 1
1 1 1 1 1 1 1 1 1 1 1 1 1 1 1 1 1 1 1 1 1 1 1 1 1 1 1 1 1 1 1 1 1 1 1 1 1 1 1 1 1 1 1 1 1 1 1 1 1 1 1 1 1 1 1 1 1 1 1 1 1 1 1 1 1 1 1 1 1 1 1 1 1 1 1 1 1 1 1 1
