80
0 386.327 491.93 655 2096 2141 0
1 270.981 370.974 642 2069 2092 0
2 422.728 292.794 676 2171 2169 0
3 87.2391 227.768 643 2039 2203 0
4 437.006 266.548 621 1995 1928 0
5 256.667 301.547 650 1996 2010 0
6 35.2445 354.938 660 2253 2129 0
7 368.98 446.66 630 2002 2145 0
8 25.8644 203.37 620 1982 2015 0
9 205.807 5.59844 612 2017 2045 0
10 302.825 88.1813 599 1873 1917 0
11 30.9241 241.462 643 2057 2089 0
12 201.275 323.11 699 2191 2165 0
13 159.226 110.512 596 2004 1966 0
14 320.871 384.659 646 2069 1965 0
15 131.599 276.195 625 2015 1970 0
16 414.011 276.172 622 2037 2092 0
17 366.653 330.975 652 2145 2089 0
18 481.721 288.19 643 2090 2055 0
19 243.909 372.373 638 2097 2060 0
20 11.5216 144.012 653 2082 2071 0
21 475.221 45.3873 621 2075 1991 0
22 491.159 407.951 628 2012 2032 0
23 347.378 379.214 626 2145 2134 0
24 92.551 4.38297 623 1948 2068 0
25 93.9726 397.49 615 2052 1973 0
26 375.739 41.3578 651 2072 2060 0
27 303.161 228.286 648 2121 2136 0
28 149.08 81.4195 636 2080 1987 0
29 375.896 191.707 611 1879 2022 0
30 107.221 58.8107 675 2214 2142 0
31 131.381 121.676 630 2029 1976 0
32 193.595 257.343 660 2070 2169 0
33 53.8202 55.8558 615 1935 1974 0
34 245.219 396.653 612 2080 1981 0
35 477.387 446.778 653 2032 2109 0
36 127.006 94.5647 599 2016 1968 0
37 166.847 189.534 638 1959 2140 0
38 384.071 78.7199 658 2025 2030 0
39 304.833 323.366 625 2026 2017 0
40 32.9403 127.774 615 2060 1911 0
41 127.931 139.515 621 2120 2025 0
42 53.3337 379.883 631 2111 2154 0
43 163.481 130.891 644 2091 2112 0
44 296.629 441.253 650 2177 2105 0
45 476.035 214.231 640 2055 2022 0
46 6.8828 179.279 657 2160 2152 0
47 468.663 314.737 625 2041 2010 0
48 432.197 440.275 644 2110 1957 0
49 401.037 231.517 622 1909 2037 0
50 1.41512 283.984 642 2053 1988 0
51 198.702 86.5283 636 2016 2044 0
52 266.292 73.9616 631 1993 2055 0
53 481.438 35.435 669 2282 2085 0
54 232.61 480.797 618 2096 2006 0
55 499.616 44.5524 644 2165 2062 0
56 72.4114 17.7474 609 2018 2079 0
57 441.376 203.629 620 2027 2076 0
58 259.916 408.098 616 2038 2027 0
59 314.935 106.661 684 2071 2007 0
60 162.719 311.647 617 1978 1913 0
61 467.924 392.199 609 1987 1962 0
62 425.481 58.3248 640 2107 2068 0
63 228.277 150.209 648 2026 2015 0
64 93.1249 149.667 660 2061 2065 0
65 113.702 491.321 634 2085 2143 0
66 292.46 368.107 706 2113 2289 0
67 195.171 231.086 672 2143 2157 0
68 115.152 358.373 651 2031 2106 0
69 202.238 19.9099 612 2117 2195 0
70 132.781 158.175 634 2046 2115 0
71 420.638 156.403 634 2062 2143 0
72 290.214 133.948 651 2110 2066 0
73 13.6116 270.091 600 1977 1907 0
74 129.11 454.488 601 2044 2072 0
75 125.065 459.211 647 2096 2056 0
76 424.313 421.021 628 2133 2051 0
77 495.312 201.129 650 2153 2039 0
78 186.44 489.632 629 2136 2048 0
79 186.458 297.983 659 2048 1996 0
145
0 7
0 48
1 5
1 19
1 34
1 58
1 66
2 4
2 16
2 17
2 47
3 8
3 11
3 15
3 37
3 64
3 70
4 16
4 18
4 45
4 47
4 49
4 57
5 12
5 19
5 27
5 32
5 39
6 42
6 50
7 23
7 44
7 48
7 76
8 11
8 46
8 64
9 69
10 26
10 52
10 59
11 73
12 19
12 79
13 28
13 31
13 36
13 43
13 51
14 23
14 44
14 66
15 32
15 60
16 49
17 23
17 39
17 61
18 45
18 47
19 34
20 40
20 46
21 53
21 62
22 35
22 61
23 76
24 30
24 56
24 69
25 42
25 68
25 74
26 38
26 62
27 29
27 39
27 63
27 67
27 72
28 30
28 36
28 51
28 69
29 49
29 57
29 59
29 71
29 72
30 33
30 36
30 56
31 36
31 41
31 43
32 67
32 79
33 40
33 56
34 58
35 48
37 43
37 63
37 67
37 70
38 59
38 62
38 71
39 66
40 64
41 43
41 64
41 70
43 63
43 70
44 54
44 58
45 57
45 77
47 61
48 76
49 57
50 73
51 52
51 63
51 69
52 63
52 69
53 55
54 58
54 78
55 77
57 71
59 72
60 68
60 79
61 76
63 67
63 72
64 70
65 75
65 78
74 75
74 78
5 6 0.05 0.05 0.05 0
1 1 1 1 1 1 1 1 1 1 1 1 1 1 1 1 1 1 1 1 1 1 1 1 1 1 1 1 1 1 1 1 1 1 1 1 1 1 1 1 1 1 1 1 1 1 1 1 1 1 1 1 1 1 1 1 1 1 1 1 1 1 1 1 1 1 1 1 1 1 1 1 1 1 1 1 1 1 1 1
1 1 1 1 1 1 1 1 1 1 1 1 1 1 1 1 1 1 1 1 1 1 1 1 1 1 1 1 1 1 1 1 1 1 1 1 1 1 1 1 1 1 1 1 1 1 1 1 1 1 1 1 1 1 1 1 1 1 1 1 1 1 1 1 1 1 1 1 1 1 1 1 1 1 1 1 1 1 1 1
1 1 1 1 1 1 1 1 1 1 1 1 1 1 1 1 1 1 1 1 1 1 1 1 1 1 1 1 1 1 1 1 1 1 1 1 1 1 1 1 1 1 1 1 1 1 1 1 1 1 1 1 1 1 1 1 1 1 1 1 1 1 1 1 1 1 1 1 1 1 1 1 1 1 1 1 1 1 1 1
1 1 1 1 1 1 1 1 1 1 1 1 1 1 1 1 1 1 1 1 1 1 1 1 1 1 1 1 1 1 1 1 1 1 1 1 1 1 1 1 1 1 1 1 1 1 1 1 1 1 1 1 1 1 1 1 1 1 1 1 1 1 1 1 1 1 1 1 1 1 1 1 1 1 1 1 1 1 1 1
1 1 1 1 1 1 1 1 1 1 1 1 1 1 1 1 1 1 1 1 1 1 1 1 1 1 1 1 1 1 1 1 1 1 1 1 1 1 1 1 1 1 1 1 1 1 1 1 1 1 1 1 1 1 1 1 1 1 1 1 1 1 1 1 1 1 1 1 1 1 1 1 1 1 1 1 1 1 1 1
