200
0 471.226 399.952 257 839 938 0
1 11.0602 387.97 261 871 872 0
2 297.115 116.432 261 846 829 0
3 366.9 494.197 250 729 841 0
4 47.3894 473.857 270 849 903 0
5 276.784 404.468 249 887 874 0
6 131.925 265.196 228 704 771 0
7 225.644 405.634 266 798 822 0
8 22.928 350.082 243 823 851 0
9 235.422 232.806 250 784 809 0
10 452.725 449.113 255 829 798 0
11 458.667 322.304 246 802 856 0
12 352.948 489.47 272 880 915 0
13 222.861 121.277 258 835 775 0
14 488.793 144.152 216 788 668 0
15 447.571 324.624 263 817 831 0
16 280.094 43.5237 221 703 767 0
17 493.562 296.41 245 784 865 0
18 214.497 46.588 244 755 751 0
19 8.53323 418.005 279 939 891 0
20 63.9423 177.605 264 868 818 0
21 95.5676 204.143 261 875 871 0
22 55.7086 293.779 241 733 834 0
23 320.311 461.918 279 795 868 0
24 251.469 443.469 263 890 883 0
25 132.985 84.7233 258 773 851 0
26 203.38 205.436 249 808 822 0
27 70.4352 304.378 254 817 853 0
28 299.434 80.5593 230 770 788 0
29 498.289 251.143 260 857 812 0
30 320.047 31.633 266 923 910 0
31 395.189 441.214 260 809 848 0
32 114.27 43.9485 226 713 772 0
33 411.427 360.363 245 784 757 0
34 159.47 207.143 231 737 759 0
35 15.7005 378.613 262 834 795 0
36 395.691 377.488 270 925 884 0
37 445.083 13.2833 245 794 777 0
38 181.938 334.621 263 834 859 0
39 273.985 370.442 256 883 878 0
40 110.655 278.19 262 831 841 0
41 425.59 395.174 236 797 872 0
42 236.545 108.968 267 898 893 0
43 143.317 228.562 256 824 809 0
44 61.3642 348.266 246 862 771 0
45 16.2652 369.948 245 825 860 0
46 106.655 47.8311 271 963 923 0
47 127.876 216.226 216 702 778 0
48 421.34 463.35 266 940 721 0
49 179.022 325.842 252 716 801 0
50 127.245 105.148 259 884 912 0
51 476.318 481.961 278 822 915 0
52 451.794 302.538 266 858 830 0
53 302.779 311.821 237 848 851 0
54 331.657 165.246 244 795 787 0
55 329.531 426.224 253 880 854 0
56 202.999 297.115 245 805 822 0
57 432.481 216.172 254 861 933 0
58 15.4897 334.864 250 832 821 0
59 458.501 29.4952 262 843 903 0
60 283.496 223.048 252 723 879 0
61 458.818 346.249 251 923 889 0
62 235.238 153.255 231 740 821 0
63 325.519 0.74607 245 907 920 0
64 253.316 482.837 241 752 825 0
65 348.27 372.272 263 866 833 0
66 278.924 376.265 263 869 860 0
67 393.796 33.698 239 754 760 0
68 431.144 242.205 264 873 727 0
69 290.153 98.3786 278 864 866 0
70 185.731 85.7714 239 776 696 0
71 378.416 41.9831 254 874 907 0
72 449.476 350.002 238 807 823 0
73 404.483 146.869 241 902 887 0
74 458.361 177.828 261 840 808 0
75 343.057 252.343 247 798 765 0
76 30.0463 487.938 259 858 894 0
77 387.02 149.084 257 817 855 0
78 298.903 155.211 222 824 802 0
79 180.972 90.6785 242 827 879 0
80 198.316 96.9225 246 816 865 0
81 293.711 398.289 247 831 816 0
82 303.59 429.884 254 802 801 0
83 491.18 255.387 248 775 848 0
84 408.492 33.4344 226 709 748 0
85 207.653 26.1604 234 819 858 0
86 358.258 236.736 268 853 877 0
87 191.284 409.515 232 751 800 0
88 432.663 263.342 257 884 761 0
89 325.259 130.541 265 901 850 0
90 172.625 313.72 247 838 844 0
91 116.786 317.89 245 856 790 0
92 87.9313 361.376 251 793 805 0
93 329.093 62.0882 252 803 821 0
94 462.712 300.464 241 841 801 0
95 2.38254 43.3757 229 708 720 0
96 269.259 433.064 253 863 859 0
97 102.906 44.7799 243 878 822 0
98 33.8194 403.4 278 881 947 0
99 478.743 233.357 256 824 827 0
100 136.864 277.62 240 811 825 0
101 205.636 131.732 250 829 810 0
102 394.739 380.198 278 882 869 0
103 431.932 485.725 244 872 773 0
104 365.317 378.174 254 865 858 0
105 392.814 30.2879 259 874 788 0
106 367.49 411.674 262 916 788 0
107 476.115 58.2771 271 866 870 0
108 163.581 310.606 254 908 840 0
109 196.02 7.01703 248 854 867 0
110 475.906 50.1775 251 829 845 0
111 24.7513 495.909 244 788 780 0
112 72.0252 27.0303 256 791 745 0
113 324.43 188.376 250 883 793 0
114 487.546 178.51 252 818 859 0
115 241.219 169.178 250 857 770 0
116 460.427 398.337 257 791 725 0
117 280.195 243.849 243 803 753 0
118 458.388 130.094 257 794 724 0
119 301.669 150.524 269 823 868 0
120 323.326 145.364 252 815 864 0
121 137.818 308.709 238 776 797 0
122 158.419 49.0966 239 794 802 0
123 439.492 41.0971 270 817 825 0
124 149.521 7.17254 246 863 718 0
125 410.006 474.183 261 899 878 0
126 419.889 71.1551 246 792 819 0
127 292.863 152.567 273 901 953 0
128 431.109 142.47 252 848 834 0
129 445.421 196.663 234 814 842 0
130 175.83 172.332 250 864 888 0
131 1.20636 275.219 251 867 910 0
132 443.512 104.343 279 833 816 0
133 244.63 1.76272 261 883 889 0
134 483.615 116.668 282 888 903 0
135 38.5956 176.454 261 840 828 0
136 245.647 91.3913 251 874 875 0
137 289.182 284.954 262 781 865 0
138 357.498 470.899 276 830 806 0
139 153.103 200.749 258 906 945 0
140 173.925 158.064 274 912 906 0
141 453.634 232.009 254 859 810 0
142 356.827 188.964 259 804 831 0
143 227 181.903 272 834 897 0
144 194.941 368.455 240 795 834 0
145 149.984 279.102 237 730 770 0
146 401.943 449.09 277 917 818 0
147 90.331 193.541 236 806 783 0
148 257.148 384.625 278 878 896 0
149 368.303 75.6575 273 873 809 0
150 98.6272 127.874 231 689 755 0
151 227.57 273.795 245 824 795 0
152 324.55 217.742 245 779 789 0
153 157.98 175.103 267 864 842 0
154 216.901 452.645 266 805 922 0
155 202.658 65.4932 250 795 835 0
156 177.37 51.7439 270 878 831 0
157 191.343 394.308 257 828 843 0
158 387.39 361.331 264 878 818 0
159 94.2828 111.323 260 907 914 0
160 108.993 342.501 258 815 764 0
161 396.838 160.351 246 764 806 0
162 417.664 182.989 271 820 913 0
163 247.967 82.3121 253 830 830 0
164 121.885 24.0296 235 802 788 0
165 214.197 0.798594 275 868 862 0
166 296.113 267.378 268 845 836 0
167 479.895 102.706 245 829 785 0
168 142.712 63.4271 261 771 856 0
169 271.978 127.243 256 903 891 0
170 181.37 289.644 244 752 819 0
171 60.9264 489.98 258 802 812 0
172 353.141 240.802 258 977 943 0
173 202 20.9326 254 740 835 0
174 182.637 79.7824 281 850 788 0
175 392.339 35.6439 238 841 793 0
176 121.236 119.381 249 845 841 0
177 311.011 167.054 251 787 851 0
178 17.0493 47.6599 234 725 767 0
179 473.937 464.785 259 900 873 0
180 58.9366 47.6928 249 888 760 0
181 483.844 469.8 247 804 808 0
182 31.9643 224.287 252 726 795 0
183 135.77 386.161 271 851 905 0
184 461.01 194.126 251 750 892 0
185 282.721 197.649 269 868 895 0
186 308.629 131.911 249 790 802 0
187 433.649 334.712 250 807 838 0
188 102.605 473.938 258 867 891 0
189 88.3143 297.677 228 749 811 0
190 53.175 211.529 264 895 767 0
191 350.715 465.735 255 793 810 0
192 219.179 234.431 282 793 890 0
193 422.953 65.9921 242 779 783 0
194 377.305 363.954 265 891 816 0
195 359.08 50.7239 263 915 865 0
196 418.887 234.138 251 833 781 0
197 301.771 362.175 232 742 738 0
198 408.096 372.353 254 868 887 0
199 264.199 394.897 260 830 774 0
357
0 116
1 19
1 35
1 98
2 69
2 169
2 186
3 12
3 125
4 19
4 76
4 98
4 171
5 66
5 81
5 82
5 96
5 199
6 40
6 43
6 100
7 24
7 87
7 148
7 154
7 157
8 44
8 45
8 58
9 60
9 117
9 143
9 151
9 192
10 41
10 48
10 103
10 116
10 179
11 15
11 52
11 61
11 94
12 138
13 42
13 62
13 80
13 101
14 114
14 118
14 134
15 52
15 61
15 72
15 187
16 18
16 28
16 30
16 93
16 133
16 163
17 83
17 94
18 85
18 155
18 163
19 98
20 135
20 147
20 150
20 190
21 47
21 147
22 27
22 58
22 131
22 182
23 55
23 64
23 82
23 191
24 64
24 96
24 154
25 46
25 50
25 79
25 168
26 34
26 130
26 143
26 192
27 44
27 189
28 69
28 93
29 83
29 99
30 63
30 93
30 195
31 41
31 106
31 138
31 146
32 46
32 164
32 168
33 72
33 158
33 187
33 198
34 43
34 139
35 45
36 102
36 158
36 198
37 59
37 84
37 123
38 49
38 144
38 183
39 56
39 66
39 148
40 91
40 100
40 189
41 72
41 116
41 198
42 136
42 169
43 47
44 92
44 98
46 97
46 159
47 139
48 103
48 125
48 146
49 90
50 176
51 103
51 179
51 181
52 88
52 94
53 137
53 197
54 77
54 113
54 120
54 142
54 177
55 65
55 82
55 106
55 191
56 151
56 170
57 68
57 129
57 141
57 162
57 196
58 131
59 110
59 123
60 117
60 152
60 185
61 72
62 101
62 115
62 169
63 133
64 154
65 104
65 197
66 81
66 197
66 199
67 84
67 105
67 175
68 88
68 141
68 196
69 136
69 163
70 79
70 80
70 174
71 175
71 195
72 116
72 187
73 77
73 128
73 161
74 114
74 118
74 128
74 184
75 152
75 166
75 172
76 111
77 89
77 142
77 149
77 161
78 119
78 127
78 177
80 101
81 82
81 197
82 96
83 99
84 123
84 193
85 156
85 173
86 142
86 172
86 196
87 154
87 157
87 188
89 120
89 149
89 186
90 108
90 170
91 121
91 160
91 189
92 160
92 183
93 149
93 195
95 178
97 112
99 141
99 184
100 121
100 145
101 140
102 104
102 106
103 125
103 179
104 106
104 194
106 191
107 110
107 132
107 167
108 121
108 145
109 124
109 165
109 173
112 180
113 142
113 152
113 177
113 185
114 184
115 127
115 143
115 185
117 151
117 166
118 128
118 132
118 134
119 120
119 186
120 177
120 186
121 145
122 124
122 156
122 164
122 168
123 193
124 164
125 138
125 146
126 132
126 149
126 193
127 169
128 132
128 162
129 162
129 184
130 140
130 143
130 153
131 182
132 167
133 165
134 167
135 178
135 190
136 163
136 169
137 151
137 166
138 191
139 153
140 176
141 184
142 152
142 161
142 196
144 157
144 183
145 170
147 150
147 190
148 199
149 195
150 159
150 176
151 192
152 166
152 172
152 185
153 176
154 188
155 156
155 163
155 174
156 173
156 174
157 183
158 194
159 176
159 180
160 183
161 162
165 173
168 174
171 188
177 185
178 180
179 181
182 190
183 188
11 13 0.05 0.05 0.05 0
1 1 1 1 1 1 1 1 1 1 1 1 1 1 1 1 1 1 1 1 1 1 1 1 1 1 1 1 1 1 1 1 1 1 1 1 1 1 1 1 1 1 1 1 1 1 1 1 1 1 1 1 1 1 1 1 1 1 1 1 1 1 1 1 1 1 1 1 1 1 1 1 1 1 1 1 1 1 1 1 1 1 1 1 1 1 1 1 1 1 1 1 1 1 1 1 1 1 1 1 1 1 1 1 1 1 1 1 1 1 1 1 1 1 1 1 1 1 1 1 1 1 1 1 1 1 1 1 1 1 1 1 1 1 1 1 1 1 1 1 1 1 1 1 1 1 1 1 1 1 1 1 1 1 1 1 1 1 1 1 1 1 1 1 1 1 1 1 1 1 1 1 1 1 1 1 1 1 1 1 1 1 1 1 1 1 1 1 1 1 1 1 1 1 1 1 1 1 1 1
1 1 1 1 1 1 1 1 1 1 1 1 1 1 1 1 1 1 1 1 1 1 1 1 1 1 1 1 1 1 1 1 1 1 1 1 1 1 1 1 1 1 1 1 1 1 1 1 1 1 1 1 1 1 1 1 1 1 1 1 1 1 1 1 1 1 1 1 1 1 1 1 1 1 1 1 1 1 1 1 1 1 1 1 1 1 1 1 1 1 1 1 1 1 1 1 1 1 1 1 1 1 1 1 1 1 1 1 1 1 1 1 1 1 1 1 1 1 1 1 1 1 1 1 1 1 1 1 1 1 1 1 1 1 1 1 1 1 1 1 1 1 1 1 1 1 1 1 1 1 1 1 1 1 1 1 1 1 1 1 1 1 1 1 1 1 1 1 1 1 1 1 1 1 1 1 1 1 1 1 1 1 1 1 1 1 1 1 1 1 1 1 1 1 1 1 1 1 1 1
1 1 1 1 1 1 1 1 1 1 1 1 1 1 1 1 1 1 1 1 1 1 1 1 1 1 1 1 1 1 1 1 1 1 1 1 1 1 1 1 1 1 1 1 1 1 1 1 1 1 1 1 1 1 1 1 1 1 1 1 1 1 1 1 1 1 1 1 1 1 1 1 1 1 1 1 1 1 1 1 1 1 1 1 1 1 1 1 1 1 1 1 1 1 1 1 1 1 1 1 1 1 1 1 1 1 1 1 1 1 1 1 1 1 1 1 1 1 1 1 1 1 1 1 1 1 1 1 1 1 1 1 1 1 1 1 1 1 1 1 1 1 1 1 1 1 1 1 1 1 1 1 1 1 1 1 1 1 1 1 1 1 1 1 1 1 1 1 1 1 1 1 1 1 1 1 1 1 1 1 1 1 1 1 1 1 1 1 1 1 1 1 1 1 1 1 1 1 1 1
1 1 1 1 1 1 1 1 1 1 1 1 1 1 1 1 1 1 1 1 1 1 1 1 1 1 1 1 1 1 1 1 1 1 1 1 1 1 1 1 1 1 1 1 1 1 1 1 1 1 1 1 1 1 1 1 1 1 1 1 1 1 1 1 1 1 1 1 1 1 1 1 1 1 1 1 1 1 1 1 1 1 1 1 1 1 1 1 1 1 1 1 1 1 1 1 1 1 1 1 1 1 1 1 1 1 1 1 1 1 1 1 1 1 1 1 1 1 1 1 1 1 1 1 1 1 1 1 1 1 1 1 1 1 1 1 1 1 1 1 1 1 1 1 1 1 1 1 1 1 1 1 1 1 1 1 1 1 1 1 1 1 1 1 1 1 1 1 1 1 1 1 1 1 1 1 1 1 1 1 1 1 1 1 1 1 1 1 1 1 1 1 1 1 1 1 1 1 1 1
1 1 1 1 1 1 1 1 1 1 1 1 1 1 1 1 1 1 1 1 1 1 1 1 1 1 1 1 1 1 1 1 1 1 1 1 1 1 1 1 1 1 1 1 1 1 1 1 1 1 1 1 1 1 1 1 1 1 1 1 1 1 1 1 1 1 1 1 1 1 1 1 1 1 1 1 1 1 1 1 1 1 1 1 1 1 1 1 1 1 1 1 1 1 1 1 1 1 1 1 1 1 1 1 1 1 1 1 1 1 1 1 1 1 1 1 1 1 1 1 1 1 1 1 1 1 1 1 1 1 1 1 1 1 1 1 1 1 1 1 1 1 1 1 1 1 1 1 1 1 1 1 1 1 1 1 1 1 1 1 1 1 1 1 1 1 1 1 1 1 1 1 1 1 1 1 1 1 1 1 1 1 1 1 1 1 1 1 1 1 1 1 1 1 1 1 1 1 1 1
1 1 1 1 1 1 1 1 1 1 1 1 1 1 1 1 1 1 1 1 1 1 1 1 1 1 1 1 1 1 1 1 1 1 1 1 1 1 1 1 1 1 1 1 1 1 1 1 1 1 1 1 1 1 1 1 1 1 1 1 1 1 1 1 1 1 1 1 1 1 1 1 1 1 1 1 1 1 1 1 1 1 1 1 1 1 1 1 1 1 1 1 1 1 1 1 1 1 1 1 1 1 1 1 1 1 1 1 1 1 1 1 1 1 1 1 1 1 1 1 1 1 1 1 1 1 1 1 1 1 1 1 1 1 1 1 1 1 1 1 1 1 1 1 1 1 1 1 1 1 1 1 1 1 1 1 1 1 1 1 1 1 1 1 1 1 1 1 1 1 1 1 1 1 1 1 1 1 1 1 1 1 1 1 1 1 1 1 1 1 1 1 1 1 1 1 1 1 1 1
1 1 1 1 1 1 1 1 1 1 1 1 1 1 1 1 1 1 1 1 1 1 1 1 1 1 1 1 1 1 1 1 1 1 1 1 1 1 1 1 1 1 1 1 1 1 1 1 1 1 1 1 1 1 1 1 1 1 1 1 1 1 1 1 1 1 1 1 1 1 1 1 1 1 1 1 1 1 1 1 1 1 1 1 1 1 1 1 1 1 1 1 1 1 1 1 1 1 1 1 1 1 1 1 1 1 1 1 1 1 1 1 1 1 1 1 1 1 1 1 1 1 1 1 1 1 1 1 1 1 1 1 1 1 1 1 1 1 1 1 1 1 1 1 1 1 1 1 1 1 1 1 1 1 1 1 1 1 1 1 1 1 1 1 1 1 1 1 1 1 1 1 1 1 1 1 1 1 1 1 1 1 1 1 1 1 1 1 1 1 1 1 1 1 1 1 1 1 1 1
1 1 1 1 1 1 1 1 1 1 1 1 1 1 1 1 1 1 1 1 1 1 1 1 1 1 1 1 1 1 1 1 1 1 1 1 1 1 1 1 1 1 1 1 1 1 1 1 1 1 1 1 1 1 1 1 1 1 1 1 1 1 1 1 1 1 1 1 1 1 1 1 1 1 1 1 1 1 1 1 1 1 1 1 1 1 1 1 1 1 1 1 1 1 1 1 1 1 1 1 1 1 1 1 1 1 1 1 1 1 1 1 1 1 1 1 1 1 1 1 1 1 1 1 1 1 1 1 1 1 1 1 1 1 1 1 1 1 1 1 1 1 1 1 1 1 1 1 1 1 1 1 1 1 1 1 1 1 1 1 1 1 1 1 1 1 1 1 1 1 1 1 1 1 1 1 1 1 1 1 1 1 1 1 1 1 1 1 1 1 1 1 1 1 1 1 1 1 1 1
1 1 1 1 1 1 1 1 1 1 1 1 1 1 1 1 1 1 1 1 1 1 1 1 1 1 1 1 1 1 1 1 1 1 1 1 1 1 1 1 1 1 1 1 1 1 1 1 1 1 1 1 1 1 1 1 1 1 1 1 1 1 1 1 1 1 1 1 1 1 1 1 1 1 1 1 1 1 1 1 1 1 1 1 1 1 1 1 1 1 1 1 1 1 1 1 1 1 1 1 1 1 1 1 1 1 1 1 1 1 1 1 1 1 1 1 1 1 1 1 1 1 1 1 1 1 1 1 1 1 1 1 1 1 1 1 1 1 1 1 1 1 1 1 1 1 1 1 1 1 1 1 1 1 1 1 1 1 1 1 1 1 1 1 1 1 1 1 1 1 1 1 1 1 1 1 1 1 1 1 1 1 1 1 1 1 1 1 1 1 1 1 1 1 1 1 1 1 1 1
1 1 1 1 1 1 1 1 1 1 1 1 1 1 1 1 1 1 1 1 1 1 1 1 1 1 1 1 1 1 1 1 1 1 1 1 1 1 1 1 1 1 1 1 1 1 1 1 1 1 1 1 1 1 1 1 1 1 1 1 1 1 1 1 1 1 1 1 1 1 1 1 1 1 1 1 1 1 1 1 1 1 1 1 1 1 1 1 1 1 1 1 1 1 1 1 1 1 1 1 1 1 1 1 1 1 1 1 1 1 1 1 1 1 1 1 1 1 1 1 1 1 1 1 1 1 1 1 1 1 1 1 1 1 1 1 1 1 1 1 1 1 1 1 1 1 1 1 1 1 1 1 1 1 1 1 1 1 1 1 1 1 1 1 1 1 1 1 1 1 1 1 1 1 1 1 1 1 1 1 1 1 1 1 1 1 1 1 1 1 1 1 1 1 1 1 1 1 1 1
1 1 1 1 1 1 1 1 1 1 1 1 1 1 1 1 1 1 1 1 1 1 1 1 1 1 1 1 1 1 1 1 1 1 1 1 1 1 1 1 1 1 1 1 1 1 1 1 1 1 1 1 1 1 1 1 1 1 1 1 1 1 1 1 1 1 1 1 1 1 1 1 1 1 1 1 1 1 1 1 1 1 1 1 1 1 1 1 1 1 1 1 1 1 1 1 1 1 1 1 1 1 1 1 1 1 1 1 1 1 1 1 1 1 1 1 1 1 1 1 1 1 1 1 1 1 1 1 1 1 1 1 1 1 1 1 1 1 1 1 1 1 1 1 1 1 1 1 1 1 1 1 1 1 1 1 1 1 1 1 1 1 1 1 1 1 1 1 1 1 1 1 1 1 1 1 1 1 1 1 1 1 1 1 1 1 1 1 1 1 1 1 1 1 1 1 1 1 1 1
