1000
0 316.082 647.913 11 138 51 0
1 926.152 343.94 19 77 37 0
2 271.504 857.563 17 145 34 0
3 390.936 412.561 15 47 56 0
4 834.11 649.068 8 28 100 0
5 985.26 649.699 11 55 82 0
6 103.37 820.342 8 352 47 0
7 690.419 328.89 14 215 55 0
8 59.7226 860.923 16 159 36 0
9 4.42036 524.758 16 146 63 0
10 633.756 492.584 20 229 70 0
11 461.038 383.387 19 232 43 0
12 414.437 484.486 20 336 29 0
13 968.68 135.931 13 331 38 0
14 468.619 472.916 13 381 85 0
15 373.027 131.89 5 393 19 0
16 561.553 185.597 18 321 20 0
17 63.2681 218.263 8 346 86 0
18 102.538 399.825 6 209 85 0
19 344.37 583.033 10 315 83 0
20 537.691 735.693 6 257 93 0
21 887.127 149.723 14 303 17 0
22 399.191 53.5216 9 348 43 0
23 67.0645 554.74 19 15 89 0
24 271.975 104.388 6 255 59 0
25 575.583 942.992 20 72 41 0
26 566.312 297.344 6 356 28 0
27 972.32 768.985 10 160 35 0
28 896.069 954.077 12 145 73 0
29 230.331 385.025 12 211 81 0
30 997.459 327.951 12 398 57 0
31 968.839 559.232 7 52 17 0
32 669.531 146.196 16 115 84 0
33 453.339 316.536 9 147 60 0
34 123.996 564.948 13 302 45 0
35 516.535 677.79 20 42 49 0
36 295.591 202.918 13 197 50 0
37 359.263 548.597 15 216 74 0
38 162.115 133.139 8 264 26 0
39 176.803 262.802 9 240 50 0
40 959.125 362.222 13 118 47 0
41 740.827 426.237 6 140 62 0
42 228.859 845.579 17 180 100 0
43 252.473 434.283 4 46 67 0
44 10.5913 830.733 19 115 50 0
45 875.602 739.888 5 302 75 0
46 244.44 869.045 8 80 52 0
47 785.438 968.007 15 16 48 0
48 341.127 916.521 10 174 54 0
49 590.469 186.977 10 221 58 0
50 312.192 470.454 8 368 88 0
51 373.172 587.916 5 244 100 0
52 143.771 997.178 11 212 82 0
53 99.9302 802.686 20 320 21 0
54 995.416 849.639 15 358 56 0
55 934.87 490.299 15 67 66 0
56 416.777 536.431 6 91 40 0
57 712.839 324.544 20 385 73 0
58 132.227 877.353 15 364 89 0
59 736.808 315.296 15 334 60 0
60 761.627 240.615 15 141 51 0
61 441.854 935.874 5 180 48 0
62 361.857 359.687 17 214 86 0
63 727.477 98.4363 9 164 68 0
64 64.8868 260.968 5 18 76 0
65 342.698 241.086 15 246 28 0
66 71.3729 568.72 18 367 36 0
67 912.544 546.005 7 157 37 0
68 218.492 944.127 9 256 29 0
69 664.307 366.838 11 399 86 0
70 270.151 190.35 18 303 35 0
71 386.571 774.907 20 55 82 0
72 127.068 646.24 18 218 74 0
73 881.491 349.504 15 132 66 0
74 270.836 536.866 11 209 15 0
75 252.581 986.026 5 86 79 0
76 998.595 618.843 4 19 80 0
77 671.148 765.578 7 272 26 0
78 331.634 117.318 13 156 20 0
79 936.235 559.807 9 212 87 0
80 585.25 347.12 4 161 59 0
81 9.74694 148.172 8 88 36 0
82 259.141 589.059 14 314 33 0
83 467.709 766.697 19 282 36 0
84 378.622 670.688 5 166 78 0
85 253.372 231.847 10 43 76 0
86 768.502 174.672 16 308 17 0
87 755.612 646.01 10 58 30 0
88 313.164 55.7321 6 374 72 0
89 539.652 636.133 8 175 96 0
90 108.169 422.738 10 267 34 0
91 447.432 717.226 19 211 49 0
92 391.941 345.317 14 27 63 0
93 390.473 139.096 15 85 100 0
94 638.964 131.717 12 36 68 0
95 940.02 99.5959 12 298 64 0
96 24.8715 696.736 16 278 30 0
97 116.218 737.432 12 300 85 0
98 248.672 679.015 10 371 48 0
99 15.5638 958.225 18 71 26 0
100 219.936 394.236 16 81 48 0
101 95.1569 439.808 19 96 71 0
102 660.571 521.633 9 384 73 0
103 921.806 897.766 8 40 40 0
104 596.062 463.504 11 175 64 0
105 408.314 789.569 14 207 31 0
106 29.8715 425.151 20 305 27 0
107 108.263 746.817 13 269 74 0
108 966.913 736.188 9 327 40 0
109 323.96 781.323 11 255 27 0
110 695.11 253.094 19 275 23 0
111 845.453 301.039 17 384 74 0
112 938.038 486.423 13 359 72 0
113 436.338 559.599 19 49 68 0
114 490.693 229.177 17 316 89 0
115 881.995 953.228 13 374 68 0
116 955.204 869.042 9 364 18 0
117 414.143 248.056 9 380 57 0
118 860.818 891.311 10 65 70 0
119 974.256 518.208 20 299 20 0
120 296.332 26.8135 11 27 71 0
121 93.5962 782.313 9 198 96 0
122 848.879 41.7643 20 130 26 0
123 439.585 658.146 15 365 41 0
124 608.285 678.993 8 349 23 0
125 531.747 110.728 4 181 37 0
126 579.507 313.199 15 18 40 0
127 547.567 437.702 7 238 82 0
128 857.102 953.162 6 199 37 0
129 692.011 880.334 5 260 46 0
130 261.9 257.145 13 40 19 0
131 359.113 339.581 15 332 16 0
132 351.381 530.011 18 147 49 0
133 393.867 989.207 12 44 28 0
134 924.847 566.573 13 395 81 0
135 857.554 728.371 7 276 79 0
136 225.481 552.543 7 393 83 0
137 330.057 714.002 19 363 49 0
138 78.622 730.655 15 171 52 0
139 173.684 713.569 8 160 93 0
140 426.17 581.276 6 257 84 0
141 538.047 665.718 15 40 89 0
142 680.11 634.343 5 272 51 0
143 977.756 936.338 14 296 34 0
144 391.121 509.844 11 204 18 0
145 297.232 936.287 19 313 93 0
146 559.372 22.0687 10 159 41 0
147 777.544 589.85 7 303 27 0
148 708.911 925.528 12 265 95 0
149 477.795 631.352 10 252 19 0
150 844.286 899.94 16 359 18 0
151 25.2461 156.973 8 68 80 0
152 192.1 296.333 14 175 25 0
153 761.292 626.799 7 293 58 0
154 26.7321 687.307 11 356 32 0
155 82.9035 917.393 13 384 68 0
156 677.083 6.42688 7 91 73 0
157 904.222 377.865 6 343 80 0
158 119.529 490.3 6 388 76 0
159 213.065 628.018 5 116 63 0
160 984.18 412.291 9 85 68 0
161 80.2815 37.3774 5 60 58 0
162 635.408 915.349 17 322 65 0
163 172.181 366.961 15 190 56 0
164 770.957 842.149 16 67 51 0
165 323.743 610.429 14 343 38 0
166 984.093 382.387 5 383 69 0
167 3.12681 652.745 17 324 72 0
168 941.01 102.423 12 79 94 0
169 226.164 654.684 7 135 53 0
170 873.901 873.366 7 126 28 0
171 109.056 75.8705 17 244 61 0
172 54.7003 440.563 8 370 23 0
173 534.094 314.014 19 254 80 0
174 640.86 57.0135 14 42 93 0
175 207.355 342.62 8 109 60 0
176 853.468 497.93 6 137 63 0
177 581.271 717.369 15 118 58 0
178 198.344 233.51 16 272 55 0
179 350.564 76.4133 13 193 52 0
180 868.43 773.292 7 173 95 0
181 367.809 629.868 4 53 22 0
182 480.616 383.41 13 142 89 0
183 911.269 904.422 10 276 58 0
184 391.484 250.119 18 94 15 0
185 434.62 733.219 15 201 62 0
186 165.333 330.876 9 34 39 0
187 432.799 782.746 14 312 96 0
188 917.252 806.373 17 39 74 0
189 34.322 475.882 13 36 90 0
190 73.6653 170.85 6 267 86 0
191 662.449 853.603 16 366 22 0
192 454.268 589.31 9 249 33 0
193 801.418 434.016 17 45 93 0
194 910.559 587.464 15 265 70 0
195 349.844 283.043 11 325 88 0
196 2.09532 149.343 4 173 73 0
197 665.257 944.398 16 356 46 0
198 124.746 702.554 7 209 37 0
199 664.24 730.425 14 308 36 0
200 366.48 309.675 15 314 19 0
201 259.655 586.538 7 173 59 0
202 197.966 514.129 8 392 51 0
203 983.465 650.786 6 228 26 0
204 277.239 496.085 13 281 41 0
205 6.11821 61.6649 18 324 92 0
206 406.381 460.152 18 340 54 0
207 656.995 689.54 14 64 66 0
208 270.415 381.245 18 318 67 0
209 610.612 69.2577 20 361 80 0
210 317.589 564.019 19 254 74 0
211 723.742 589.994 12 346 69 0
212 900.742 338.46 7 69 35 0
213 219.364 626.28 14 389 49 0
214 416.961 651.68 7 386 70 0
215 36.9125 299.064 14 298 31 0
216 181.758 942.641 4 377 42 0
217 931.828 933.545 6 381 79 0
218 993.417 526.025 8 130 52 0
219 638.43 11.9479 13 275 28 0
220 958.546 414.644 20 224 17 0
221 334.446 143.323 11 291 71 0
222 158.829 850.846 11 184 80 0
223 154.817 721.718 6 221 57 0
224 863.39 309.041 6 391 29 0
225 252.876 23.8178 10 92 81 0
226 513.885 303.139 12 189 16 0
227 361.806 399.396 9 211 30 0
228 262.139 211.822 7 18 30 0
229 363.165 783.519 6 260 93 0
230 325.043 629.775 17 388 48 0
231 199.271 640.3 16 70 23 0
232 205.321 472.184 17 86 26 0
233 542.929 766.56 19 398 25 0
234 158.843 213.99 18 334 51 0
235 453.19 357.362 8 57 52 0
236 290.421 558.561 11 109 80 0
237 301.723 375.682 6 22 33 0
238 713.365 874.471 17 137 100 0
239 98.001 885.99 13 17 80 0
240 751.75 57.9636 10 200 62 0
241 664.013 876.36 5 108 23 0
242 779.252 884.382 18 324 80 0
243 305.668 872.666 7 311 39 0
244 282.883 700.443 18 156 15 0
245 487.853 118.019 16 356 65 0
246 420.55 367.944 7 288 38 0
247 888.653 285.842 12 119 25 0
248 978.303 428.847 16 353 39 0
249 58.2268 396.481 9 77 23 0
250 299.332 876.472 9 299 74 0
251 978.325 348.144 11 206 73 0
252 107.855 65.0045 4 206 49 0
253 98.4845 764.049 19 196 20 0
254 325.044 701.899 12 181 49 0
255 373.355 895.763 16 59 22 0
256 214.212 302.165 20 320 44 0
257 696.144 10.4982 8 274 91 0
258 709.618 773.374 12 268 63 0
259 883.239 672.279 19 63 79 0
260 628.88 211.516 5 328 51 0
261 434.26 674.594 18 296 50 0
262 647.47 9.71866 15 196 32 0
263 155.844 143.616 11 83 16 0
264 799.195 44.0011 9 219 72 0
265 27.0376 135.467 19 119 23 0
266 770.707 212.231 18 391 69 0
267 253.452 924.006 4 298 19 0
268 551.85 100.466 14 328 79 0
269 604.99 300.017 11 101 67 0
270 583.631 822.772 16 116 78 0
271 62.7621 757.606 9 159 57 0
272 238.234 400.952 15 278 93 0
273 976.444 670.388 13 75 99 0
274 331.119 387.38 6 108 68 0
275 989.858 738.489 17 29 52 0
276 482.822 386.316 17 331 42 0
277 958.233 995.809 12 87 84 0
278 808.217 862.203 12 237 84 0
279 277.695 270.652 5 318 68 0
280 460.107 167.986 20 57 80 0
281 559.8 746.876 8 305 95 0
282 258.453 411.726 15 119 98 0
283 423.311 69.2827 15 365 30 0
284 642.247 110.281 17 391 42 0
285 426.046 416.193 4 344 25 0
286 749.739 679.627 6 42 22 0
287 250.64 888.519 14 227 78 0
288 308.422 729.09 6 49 21 0
289 683.951 885.12 18 41 88 0
290 265.281 94.6489 14 36 57 0
291 102.157 860.976 6 254 55 0
292 247.321 151.22 9 241 77 0
293 160.281 97.3127 6 232 77 0
294 912.159 16.8387 16 56 58 0
295 287.287 324.319 16 127 50 0
296 418.558 546.642 17 350 20 0
297 29.4137 376.595 14 193 33 0
298 295.62 688.66 20 63 73 0
299 993.554 844.93 8 256 39 0
300 251.594 773.608 8 318 17 0
301 18.4093 423.461 17 207 34 0
302 780.085 373.53 12 264 46 0
303 432.789 131.864 10 395 91 0
304 154.287 738.091 9 246 100 0
305 20.8302 821.229 20 135 37 0
306 111.38 935.104 7 169 97 0
307 848.533 825.313 13 148 34 0
308 549.586 536.327 18 336 21 0
309 305.046 802.296 11 339 24 0
310 464.749 930.743 19 237 82 0
311 881.369 949.566 4 75 21 0
312 730.793 755.526 11 397 92 0
313 406.659 539.374 12 45 33 0
314 333.929 737.592 12 101 28 0
315 597.724 94.2061 19 354 90 0
316 23.9539 419.319 8 93 24 0
317 36.9325 513.596 12 101 57 0
318 162.374 984.273 12 349 92 0
319 425.881 109.45 6 152 28 0
320 876.697 821.444 10 152 49 0
321 399.905 124.002 19 355 85 0
322 258.917 586.78 14 60 46 0
323 516.137 926.335 13 361 51 0
324 48.0531 501.606 17 135 46 0
325 710.84 13.3467 12 231 57 0
326 882.247 644.923 14 196 26 0
327 204.794 662.574 14 214 66 0
328 39.0354 507.869 13 231 17 0
329 345.084 738.802 5 39 32 0
330 532.562 143.052 8 106 60 0
331 710.478 691.43 10 44 72 0
332 401.798 521.99 9 400 27 0
333 740.877 328.6 6 27 44 0
334 301.487 642.928 9 65 39 0
335 444.128 679.283 6 295 42 0
336 976.045 174.802 17 88 30 0
337 991.687 394.835 17 115 66 0
338 126.029 3.94585 16 42 58 0
339 482.563 560.083 13 221 50 0
340 672.388 187.949 19 156 49 0
341 525.606 567.585 20 321 40 0
342 574.522 323.101 8 129 47 0
343 71.4107 508.982 17 347 71 0
344 420.865 387.154 16 241 24 0
345 256.08 422.182 7 259 55 0
346 201.109 849.908 10 121 99 0
347 623.421 433.27 8 385 27 0
348 173.936 460.605 19 159 49 0
349 492.095 864.324 20 376 62 0
350 454.355 363.458 11 342 59 0
351 69.8363 627.999 18 288 60 0
352 603.88 564.32 10 281 99 0
353 101.017 451.278 7 376 68 0
354 581.611 171.327 18 28 46 0
355 946.498 69.7248 4 311 67 0
356 641.143 941.595 20 250 90 0
357 1.97595 874.352 4 245 81 0
358 492.366 33.9201 9 366 71 0
359 865.938 322.639 18 18 29 0
360 434.735 782.744 11 161 48 0
361 874.366 364.587 6 119 97 0
362 696.502 205.836 18 100 29 0
363 43.0891 115.682 8 320 58 0
364 117.83 847.008 6 352 76 0
365 20.0365 197.637 4 243 83 0
366 315.972 331.5 13 205 61 0
367 791.427 187.499 10 161 64 0
368 393.095 824.568 14 191 88 0
369 445.627 990.655 15 21 22 0
370 402.262 346.056 12 208 97 0
371 371.793 423.744 8 350 91 0
372 724.955 215.436 18 197 30 0
373 150.267 313.374 5 342 91 0
374 791.974 356.213 14 115 82 0
375 375.649 758.97 14 399 74 0
376 822.654 930.112 5 363 46 0
377 269.784 794.893 16 57 57 0
378 808.616 250.384 4 279 92 0
379 361.184 727.727 4 104 85 0
380 130.42 509.579 8 125 49 0
381 292.551 339.631 5 350 67 0
382 547.554 968.391 9 330 28 0
383 567.22 813.731 18 333 27 0
384 210.887 439.631 8 29 23 0
385 684.679 245.054 20 134 39 0
386 354.871 745.074 13 129 100 0
387 922.917 244.187 18 366 80 0
388 109.286 389.404 15 77 57 0
389 585.328 835.516 10 280 80 0
390 575.244 641.391 11 262 28 0
391 854.645 320.753 10 172 76 0
392 13.2755 185.141 9 160 25 0
393 601.633 769.142 19 147 90 0
394 300.884 544.711 15 279 59 0
395 864.118 851.636 16 122 71 0
396 895.54 79.282 16 242 63 0
397 354.951 642.6 14 110 41 0
398 896.255 187.438 17 215 39 0
399 231.233 741.84 16 123 48 0
400 283.484 210.138 11 148 52 0
401 150.631 284.576 13 392 54 0
402 779.398 379.222 19 33 91 0
403 787.552 419.54 18 248 23 0
404 675.093 343.387 14 46 35 0
405 634.85 145.994 17 128 76 0
406 501.151 674.623 15 199 45 0
407 906.952 431.677 18 187 64 0
408 842.226 431.724 10 389 15 0
409 661.139 952.247 10 130 53 0
410 35.803 709.526 7 85 58 0
411 797.511 331.121 18 81 34 0
412 507.113 524.084 15 394 76 0
413 526.025 864.342 14 167 34 0
414 335.079 96.5112 6 77 44 0
415 720.182 545.606 18 337 89 0
416 854.631 560.889 5 198 45 0
417 760.49 160.292 12 199 63 0
418 536.162 698.027 12 170 40 0
419 580.685 424.116 11 22 18 0
420 139.66 627.082 19 141 36 0
421 891.66 795.152 4 280 23 0
422 543.981 63.0131 14 162 70 0
423 945.724 70.344 15 258 89 0
424 638.302 39.588 17 212 34 0
425 706.431 311.155 8 70 77 0
426 547.504 328.419 10 206 74 0
427 133.125 933.42 11 305 70 0
428 155.324 553.676 8 98 97 0
429 510.119 431.429 18 225 88 0
430 612.915 763.651 18 242 56 0
431 670.053 930.121 17 198 53 0
432 696.953 372.248 5 91 26 0
433 303.907 0.076321 18 260 76 0
434 316.139 79.0299 19 279 33 0
435 961.424 451.218 4 298 15 0
436 227.848 472.527 9 207 34 0
437 842.236 286.812 9 23 55 0
438 201.282 213.856 19 93 54 0
439 738.976 322.58 14 128 31 0
440 197.832 322.628 16 263 41 0
441 690.369 209.614 16 168 47 0
442 824.839 751.62 4 329 64 0
443 484.976 173.153 8 18 48 0
444 574.197 354.055 11 114 91 0
445 160.649 650.08 10 17 66 0
446 335.681 416.225 16 334 82 0
447 380.032 952.301 20 304 41 0
448 967.163 592.149 5 386 71 0
449 876.149 771.078 10 195 41 0
450 356.172 551.39 6 159 19 0
451 678.507 760.021 5 132 78 0
452 500.088 878.855 9 122 17 0
453 623.931 756.039 7 230 41 0
454 691.068 712.815 7 99 54 0
455 571.584 877.078 13 395 51 0
456 131.701 145.045 16 187 83 0
457 280.164 555.012 17 126 20 0
458 315.883 983.685 8 191 20 0
459 177.206 339.486 18 138 76 0
460 258.722 361.955 14 191 93 0
461 989.62 342.122 16 35 18 0
462 276.825 112.211 13 267 92 0
463 533.196 996.345 6 32 87 0
464 210.217 59.8196 10 323 56 0
465 159.292 434.997 13 253 62 0
466 47.779 166.371 13 189 44 0
467 865.373 6.68753 5 335 58 0
468 937.281 125.391 7 48 89 0
469 692.611 501.196 4 281 36 0
470 379.811 302.92 5 177 88 0
471 401.281 603.779 11 352 22 0
472 368.104 5.81339 15 304 95 0
473 68.6231 716.048 19 224 91 0
474 700.279 563.777 6 56 79 0
475 955.317 738.06 9 16 81 0
476 882.191 84.2328 17 261 78 0
477 501.624 917.752 7 114 21 0
478 968.961 389.865 18 58 33 0
479 788.871 417.027 15 310 96 0
480 641.412 880.7 13 135 91 0
481 16.0631 513.777 18 376 83 0
482 728.235 723.754 14 227 31 0
483 73.2493 645.481 11 58 17 0
484 590.693 178.902 5 141 31 0
485 337.113 87.7165 10 294 30 0
486 374.002 960.056 5 79 48 0
487 664.605 504.412 8 245 97 0
488 96.8217 233.323 11 342 19 0
489 245.7 357.868 5 285 23 0
490 222.888 930.386 8 336 79 0
491 373.52 820.56 6 57 60 0
492 782.957 754.555 19 304 90 0
493 150.014 966.594 20 267 92 0
494 141.716 812.294 14 187 31 0
495 989.211 733.83 18 222 31 0
496 82.5371 745.053 13 350 94 0
497 37.3963 475.871 12 396 71 0
498 41.472 973.458 18 193 55 0
499 908.052 341.73 14 160 100 0
500 623.915 947.687 20 223 36 0
501 39.9909 820.334 16 194 66 0
502 222.882 33.6678 14 233 27 0
503 450.263 513.051 17 84 97 0
504 517.353 695.613 13 90 20 0
505 38.4733 998.218 16 330 50 0
506 940.808 256.657 6 299 100 0
507 688.996 602.052 18 335 32 0
508 604.594 804.239 10 257 38 0
509 177.02 222.023 20 225 18 0
510 381.751 68.8306 11 191 44 0
511 731.017 877.206 17 365 78 0
512 340.936 546.376 18 163 74 0
513 942.802 90.284 6 388 15 0
514 161.617 297.508 16 174 61 0
515 218.045 582.09 20 144 33 0
516 229.792 862.61 20 320 52 0
517 517.988 622.662 20 111 49 0
518 101.137 396.328 12 239 79 0
519 829.662 934.899 12 372 29 0
520 17.8894 613.301 15 371 83 0
521 648.245 949.113 11 349 68 0
522 56.3332 507.357 5 170 71 0
523 381.546 226.478 20 116 87 0
524 421.727 206.708 8 249 73 0
525 94.8028 253.027 13 71 88 0
526 255.857 54.1756 17 155 55 0
527 257.709 328.885 12 355 85 0
528 470.22 361.938 19 177 88 0
529 240.681 64.9775 17 149 95 0
530 181.515 248.265 8 136 82 0
531 400.333 79.1673 12 250 15 0
532 607.419 513.273 11 34 46 0
533 792.561 544.485 13 376 70 0
534 136.254 541.203 14 118 20 0
535 198.247 734.971 14 238 86 0
536 692.41 976.259 20 45 52 0
537 329.666 550.134 19 77 97 0
538 365.913 905.674 20 303 75 0
539 811.39 793.961 11 213 22 0
540 970.109 678.234 16 235 77 0
541 389.319 74.2768 13 225 31 0
542 765.587 956.588 16 311 62 0
543 560.194 305.096 18 200 28 0
544 377.077 107.524 10 283 50 0
545 513.701 441.4 12 205 100 0
546 70.9751 845.607 20 75 41 0
547 930.442 912.42 10 331 65 0
548 163.737 323.516 19 357 92 0
549 587.323 764.118 11 311 79 0
550 289.525 712.688 12 156 25 0
551 547.19 175.076 12 15 16 0
552 890.624 803.547 15 237 76 0
553 75.8487 494.904 16 271 45 0
554 83.5683 216.578 10 75 26 0
555 598.497 90.3337 9 341 74 0
556 417.49 37.4999 18 354 51 0
557 438.579 962.536 13 256 78 0
558 880.315 421.181 18 275 92 0
559 596.493 764.481 15 331 98 0
560 375.092 934.934 16 152 90 0
561 184.161 551.963 12 384 50 0
562 147.018 548.054 5 129 69 0
563 593.433 741.343 7 174 50 0
564 271.395 844.117 15 285 18 0
565 556.2 579.197 17 164 92 0
566 321.831 143.601 14 280 53 0
567 771.863 936.19 5 168 25 0
568 635.642 599.494 9 398 37 0
569 780.486 669.205 13 205 96 0
570 157.537 145.693 18 368 48 0
571 542.159 754.513 5 38 73 0
572 994.635 268.32 6 319 58 0
573 997.187 343.426 20 279 63 0
574 414.66 197.107 13 305 34 0
575 437.407 788.132 7 261 15 0
576 333.198 91.5382 5 168 42 0
577 140.594 199.619 10 345 76 0
578 591.744 384.701 13 315 71 0
579 479.134 217.299 14 390 41 0
580 871.485 69.798 15 105 49 0
581 38.1349 506.502 18 24 59 0
582 240.277 774.933 12 360 98 0
583 620.555 523.556 20 249 61 0
584 924.624 403.073 14 116 18 0
585 226.758 983.734 11 315 46 0
586 345.522 416.471 18 334 34 0
587 576.921 772.339 12 153 43 0
588 701.809 699.518 12 21 64 0
589 825.461 69.8196 8 165 35 0
590 592.539 791 13 98 75 0
591 530.371 780.799 15 312 56 0
592 205.37 81.7265 17 146 85 0
593 232.312 768.416 4 185 75 0
594 512.31 880.528 20 378 64 0
595 168.868 845.078 7 285 51 0
596 233.06 0.380946 14 300 20 0
597 647.661 447.871 7 63 74 0
598 265.867 231.261 14 347 66 0
599 475.355 909.921 4 392 53 0
600 582.028 440.089 17 300 100 0
601 69.3295 5.83745 18 145 54 0
602 972.597 365.873 11 287 88 0
603 351.025 905.454 7 352 24 0
604 9.81463 100.274 17 290 33 0
605 709.785 885.758 16 23 51 0
606 630.072 43.9437 13 168 59 0
607 694.806 403.143 10 309 86 0
608 138.773 412.044 5 143 29 0
609 307.82 707.217 10 23 98 0
610 938.421 120.204 18 189 34 0
611 625.634 782.075 5 75 91 0
612 556.965 564.128 11 104 59 0
613 873.819 765.199 8 181 71 0
614 85.8926 680.831 10 128 42 0
615 447.073 172.22 10 331 86 0
616 421.113 144.145 17 277 52 0
617 46.9358 434.154 10 303 49 0
618 635.744 609.73 11 369 83 0
619 627.782 903.133 10 328 60 0
620 811.246 329.229 19 209 16 0
621 445.181 26.8581 4 254 100 0
622 995.861 466.177 18 283 47 0
623 309.313 608.808 16 128 80 0
624 204.013 637.307 11 24 76 0
625 497.573 130.087 7 139 91 0
626 468.038 909.899 7 199 29 0
627 766.869 555.462 5 71 16 0
628 340.548 253.29 14 80 56 0
629 979.451 876.905 14 140 98 0
630 263.094 639.209 9 378 43 0
631 143.898 949.222 7 245 42 0
632 644.423 988.3 8 180 72 0
633 226.423 206.481 20 371 62 0
634 146.43 346.368 19 72 32 0
635 231.257 310.247 16 130 76 0
636 90.0278 719.386 13 64 100 0
637 971.641 203.071 9 132 35 0
638 320.571 308.524 9 388 45 0
639 55.263 815.829 13 374 97 0
640 814.062 587.868 17 271 26 0
641 737.784 78.4278 8 116 95 0
642 645.643 964.23 19 288 23 0
643 584.39 659.783 20 285 24 0
644 300.939 678.624 19 204 37 0
645 608.287 448.882 13 308 44 0
646 851.802 882.439 12 310 81 0
647 89.0693 81.3233 4 146 74 0
648 175.157 458.867 20 105 27 0
649 750.613 95.923 12 337 96 0
650 462.775 498.148 15 170 62 0
651 256.859 927.542 15 174 80 0
652 513.397 856.218 20 373 21 0
653 512.685 904.955 14 341 17 0
654 833.324 365.208 11 87 26 0
655 485.206 820.812 14 166 96 0
656 445.611 645.889 17 337 50 0
657 956.475 774.754 20 59 36 0
658 599.265 420.736 12 106 97 0
659 891.167 425.894 16 233 81 0
660 923.469 138.43 11 216 54 0
661 441.131 915.798 18 283 15 0
662 782.371 31.1946 4 213 93 0
663 704.12 770.089 17 365 15 0
664 809.106 504.97 9 204 26 0
665 683.718 152.654 5 239 86 0
666 549.418 710.755 18 77 59 0
667 512.74 593.542 4 381 22 0
668 201.674 517.63 12 286 31 0
669 452.308 548.276 11 273 79 0
670 460.113 464.468 13 48 97 0
671 225.844 925.677 14 307 90 0
672 629.069 426.52 10 390 28 0
673 293.129 278.318 8 135 21 0
674 609.5 879.759 12 251 84 0
675 558.249 158.511 7 124 27 0
676 684.67 607.328 16 94 71 0
677 4.96316 62.0652 9 301 35 0
678 169.429 614.466 4 251 32 0
679 504.336 364.353 20 247 16 0
680 91.0478 684.447 5 192 49 0
681 610.125 66.1303 20 305 18 0
682 834.968 728.024 16 133 51 0
683 811.627 293.071 4 155 27 0
684 452.519 895.684 5 231 33 0
685 845.136 525.715 6 88 72 0
686 305.399 291.831 7 246 80 0
687 653.832 683.258 19 340 50 0
688 216.385 390.374 16 166 26 0
689 529.145 915.875 12 330 79 0
690 764.224 917.644 14 131 92 0
691 362.093 526.506 8 395 71 0
692 731.495 900.19 8 157 55 0
693 92.9816 886.845 14 178 47 0
694 603.275 878.698 14 114 85 0
695 937.418 558.499 17 343 26 0
696 232.066 964.172 8 393 98 0
697 607.573 116.184 15 69 68 0
698 487.314 852.451 14 118 21 0
699 889.414 101.497 9 268 55 0
700 547.525 858.14 6 31 77 0
701 282.407 315.57 14 291 67 0
702 608.185 712.749 13 334 20 0
703 486.383 19.3841 14 242 73 0
704 894.866 844.6 15 333 99 0
705 459.973 527.752 7 231 36 0
706 703.239 345.137 6 309 29 0
707 977.667 543.631 19 70 60 0
708 148.5 715.466 7 52 49 0
709 91.1361 661.892 6 84 62 0
710 716.437 622.61 7 324 100 0
711 945.703 578.639 7 142 96 0
712 50.0039 838.843 18 188 52 0
713 772.99 314.381 20 305 31 0
714 812.191 309.757 15 191 98 0
715 300.242 484.448 20 139 62 0
716 613.807 564.309 4 314 53 0
717 989.779 841.954 8 124 47 0
718 374.448 168.442 14 175 86 0
719 43.6282 438.149 16 344 49 0
720 995.664 270.144 20 251 62 0
721 585.016 431.986 17 288 46 0
722 854.535 833.282 17 150 22 0
723 74.8271 834.89 19 18 59 0
724 383.673 523.639 16 271 81 0
725 35.5586 59.8158 15 275 82 0
726 298.334 688.27 14 193 64 0
727 598.502 164.666 13 235 38 0
728 906.924 216.129 5 165 92 0
729 693.319 781.861 18 230 73 0
730 158.382 874.588 8 217 22 0
731 301.728 978.69 8 285 73 0
732 207.309 117.566 11 318 78 0
733 656.33 904.748 5 38 40 0
734 684.053 804.579 17 227 25 0
735 487.579 669.967 16 338 100 0
736 425.856 245.066 16 119 40 0
737 653.426 1.30389 4 188 73 0
738 438.171 199.447 17 124 34 0
739 449.68 496.903 12 237 50 0
740 248.636 690.74 7 273 95 0
741 504.158 312.531 8 68 30 0
742 443.656 604.644 7 86 37 0
743 497.069 805.553 4 323 87 0
744 451.296 931.234 17 253 88 0
745 657.702 179.699 15 215 72 0
746 767.035 849.137 10 102 83 0
747 774.139 465.37 15 381 37 0
748 563.135 726.82 10 140 75 0
749 622.243 777.77 14 33 70 0
750 287.041 786.816 19 349 47 0
751 365.917 465.021 4 200 22 0
752 321.821 361.243 18 20 36 0
753 162.569 598.436 13 239 85 0
754 604.208 106.179 11 312 65 0
755 157.039 717.891 17 97 93 0
756 139.445 201.358 6 165 98 0
757 282.186 184.24 12 386 43 0
758 68.6586 495.208 12 221 54 0
759 723.314 864.647 5 288 18 0
760 676.122 889.107 4 353 71 0
761 760.658 817.981 18 311 57 0
762 234.481 52.852 8 72 46 0
763 155.26 54.4091 12 178 44 0
764 99.5184 687.997 11 260 64 0
765 612.602 505.833 7 281 91 0
766 544.027 131.736 20 370 43 0
767 91.7187 920.801 10 75 64 0
768 569.638 370.592 17 300 56 0
769 107.255 588.243 18 325 16 0
770 143.276 228.317 18 70 42 0
771 842.605 836.194 12 308 81 0
772 94.074 120.228 17 25 23 0
773 784.403 811.048 12 34 18 0
774 800.8 604.831 5 395 100 0
775 480.199 319.541 18 158 85 0
776 203.87 589.18 11 296 93 0
777 562.75 578.981 14 112 40 0
778 937.095 541.17 19 27 34 0
779 541.664 660.465 19 26 57 0
780 673.319 321.238 10 132 96 0
781 834.403 132.78 13 393 15 0
782 975.542 407.234 12 15 75 0
783 453.295 130.938 8 113 37 0
784 521.564 561.337 11 383 69 0
785 556.801 12.1848 5 84 76 0
786 55.104 147.96 11 189 41 0
787 353.804 985.729 7 195 16 0
788 801.963 399.193 13 345 53 0
789 493.76 262.758 10 300 82 0
790 283.832 525.076 13 271 95 0
791 653.967 686.729 12 244 83 0
792 12.2954 258.598 8 124 48 0
793 307.336 759.544 11 231 98 0
794 918.148 186.458 18 32 67 0
795 928.284 320.53 17 64 28 0
796 344.944 68.8423 18 36 32 0
797 880.619 893.471 4 141 84 0
798 689.427 874.095 16 225 57 0
799 431.879 258.562 8 85 24 0
800 558.725 304.808 7 24 46 0
801 412.807 766.893 12 196 52 0
802 738.804 356.945 11 202 41 0
803 791.761 847.421 13 260 51 0
804 305.277 909.267 14 252 64 0
805 867.245 683.365 16 253 21 0
806 700.614 397.282 7 214 27 0
807 613.018 35.4433 16 164 46 0
808 170.212 679.529 15 308 75 0
809 578.864 800.871 8 89 88 0
810 574.777 975.981 5 240 29 0
811 853.77 758.122 12 365 48 0
812 379.768 630.135 13 282 61 0
813 297.26 262.409 16 150 79 0
814 13.9485 3.05336 20 172 42 0
815 854.776 84.1743 6 288 34 0
816 534.482 114.911 18 41 63 0
817 735.649 263.399 19 355 52 0
818 600.382 728.217 9 160 30 0
819 940.394 753.652 13 23 89 0
820 828.28 530.954 6 263 96 0
821 644.276 532.885 10 94 44 0
822 314.02 749.419 10 115 38 0
823 74.6769 76.3151 10 343 98 0
824 199.545 999.792 13 39 28 0
825 35.1477 175.169 15 219 87 0
826 901.691 960.794 15 262 93 0
827 233.904 691.103 5 203 98 0
828 157.39 489.174 20 400 61 0
829 837.827 312.074 14 18 19 0
830 307.396 486.933 11 88 27 0
831 654.118 890.14 4 172 30 0
832 991.568 37.4895 5 314 19 0
833 337.849 762.186 13 34 80 0
834 346.584 243.374 19 363 16 0
835 419.999 674.744 16 381 58 0
836 815.646 57.9672 14 111 86 0
837 341.727 14.6079 16 358 26 0
838 53.208 249.271 11 204 20 0
839 589.97 625.467 10 163 57 0
840 533.703 516.88 10 17 44 0
841 848.33 400.574 5 102 50 0
842 595.978 880.486 9 242 93 0
843 432.22 742.215 13 141 23 0
844 96.7393 544.752 17 360 82 0
845 752.411 763.836 10 364 94 0
846 759.292 142.624 20 74 61 0
847 836.061 558.261 20 192 57 0
848 95.457 414.472 4 74 48 0
849 630.2 293.567 19 257 31 0
850 714.712 139.336 19 180 80 0
851 285.705 123.675 9 229 48 0
852 798.835 674.759 7 248 39 0
853 535.572 90.3097 15 25 23 0
854 286.469 762.689 10 322 66 0
855 81.6594 912.354 12 379 87 0
856 367.424 73.8151 20 150 26 0
857 534.673 597.051 12 194 67 0
858 796.024 595.238 10 385 46 0
859 431.136 482.714 6 181 56 0
860 455.373 8.45121 10 93 50 0
861 334.624 296.703 9 258 58 0
862 314.337 939.403 11 173 22 0
863 974.087 29.7535 7 261 17 0
864 744.649 286.204 10 57 69 0
865 944.306 44.8971 19 289 62 0
866 729.143 396.512 11 53 49 0
867 990.644 371.883 8 252 40 0
868 154.62 774.172 7 109 89 0
869 555.875 681.097 7 256 30 0
870 89.8039 941.972 7 172 24 0
871 335.392 823.893 13 64 58 0
872 557.124 591.358 10 304 39 0
873 867.581 623.706 16 299 26 0
874 932.779 436.247 16 53 97 0
875 769.986 908.226 7 259 30 0
876 161.807 503.371 6 314 56 0
877 80.071 664.415 9 240 93 0
878 994.222 360.109 8 336 26 0
879 85.5014 339.034 12 76 82 0
880 576.967 264.435 18 171 78 0
881 91.125 318.886 10 119 71 0
882 568.118 640.866 19 278 45 0
883 217.114 168.013 13 382 46 0
884 154.489 815.484 12 153 63 0
885 684.641 529.694 8 377 18 0
886 147.002 509.802 8 270 81 0
887 952.546 445.618 10 115 21 0
888 178.551 539.391 4 239 54 0
889 436.267 601.609 15 57 37 0
890 63.0481 903.944 12 291 39 0
891 896.544 721.837 17 38 80 0
892 708.452 62.0812 12 118 69 0
893 730.947 0.766244 5 188 91 0
894 264.035 104.998 12 189 30 0
895 457.444 665.243 16 301 81 0
896 538.982 783.295 4 153 90 0
897 645.773 806.418 15 19 64 0
898 418.695 279.764 14 372 38 0
899 636.124 294.666 8 30 18 0
900 370.61 667.806 16 224 83 0
901 107.68 347.899 11 141 81 0
902 765.004 314.935 8 252 95 0
903 700.389 962.003 16 313 91 0
904 346.182 83.3154 4 86 27 0
905 923.918 889.287 11 124 86 0
906 66.1579 181.106 7 285 24 0
907 423.909 713.069 17 386 29 0
908 321.301 208.163 10 360 58 0
909 236.433 625.47 11 276 29 0
910 324.918 696.306 19 202 32 0
911 109.796 301.876 18 260 53 0
912 942.03 600.162 20 267 26 0
913 595.885 458.736 10 391 72 0
914 681.323 172.093 17 74 82 0
915 12.864 996.148 6 106 46 0
916 695.777 385.66 5 263 80 0
917 615.301 983.312 4 35 92 0
918 941.177 713.59 16 223 99 0
919 51.4279 362.228 15 186 79 0
920 93.4864 965.257 15 175 98 0
921 979.495 880.336 8 124 90 0
922 181.513 380.564 15 168 83 0
923 557.258 147.143 7 212 91 0
924 288.017 160.934 17 118 31 0
925 433.291 224.196 14 365 87 0
926 877.653 963.654 17 88 75 0
927 491.858 458.148 15 212 96 0
928 959.287 833.599 7 152 94 0
929 191.357 158.862 20 239 78 0
930 175.442 278.58 15 140 19 0
931 538.158 367.632 15 50 41 0
932 354.492 435.949 19 354 51 0
933 367.026 214.347 8 43 59 0
934 237.03 865.192 14 208 25 0
935 873.274 888.18 11 20 45 0
936 391.36 927.659 19 192 51 0
937 813.283 199.298 14 309 71 0
938 767.537 862.173 13 317 20 0
939 393.27 554.202 19 338 17 0
940 291.643 295.803 13 229 24 0
941 342.584 142.824 17 287 24 0
942 810.202 697.009 5 331 33 0
943 146.569 150.161 20 350 54 0
944 801.614 848.942 9 165 54 0
945 490.966 772.94 4 130 40 0
946 140.32 490.676 6 42 26 0
947 915.744 499.835 15 252 24 0
948 700.904 749.907 10 128 25 0
949 4.23297 557.882 11 356 30 0
950 312.575 786.152 9 39 57 0
951 644.901 552.704 7 201 34 0
952 646.138 720.715 20 189 52 0
953 474.828 134.779 14 321 35 0
954 696.042 182.714 19 251 84 0
955 584.361 339.058 9 17 22 0
956 20.8962 290.723 15 67 80 0
957 348.104 290.25 13 286 15 0
958 617.38 549.391 4 298 24 0
959 260.894 858.947 4 328 80 0
960 795.162 985.285 7 334 33 0
961 830.46 824.302 19 197 77 0
962 563.431 909.202 7 317 64 0
963 175.75 824.561 7 74 49 0
964 226.048 640.438 15 214 71 0
965 179.106 765.443 10 100 83 0
966 339.4 41.7128 18 339 24 0
967 510.125 711.267 5 48 67 0
968 119.039 589.61 11 385 51 0
969 539.434 723.188 8 382 81 0
970 19.8269 201.39 14 118 40 0
971 547.466 484.784 19 399 20 0
972 654.453 103.238 11 104 47 0
973 337.731 83.867 18 343 86 0
974 368.993 222.342 4 196 69 0
975 757.564 409.23 10 40 72 0
976 530.214 79.3567 9 34 55 0
977 363.681 470.781 10 229 32 0
978 165.911 688.426 17 34 21 0
979 577.732 632.058 13 112 89 0
980 283.147 178.457 20 220 17 0
981 423.689 579.234 8 255 72 0
982 81.0857 281.681 6 303 27 0
983 629.639 300.63 10 321 63 0
984 789.753 353.149 14 367 20 0
985 514.252 796.748 9 289 60 0
986 549.5 558.591 14 390 40 0
987 296.796 130.57 5 28 64 0
988 402.125 582.983 16 340 76 0
989 17.5332 34.5121 5 319 27 0
990 282.741 995.322 16 129 24 0
991 789.521 667.118 18 344 77 0
992 47.0237 556.512 9 188 61 0
993 47.7536 670.617 6 241 47 0
994 824.795 137.65 16 172 49 0
995 555.508 725.927 10 195 79 0
996 50.8164 736.562 11 158 21 0
997 874.234 931.981 20 123 19 0
998 12.9312 275.466 6 323 73 0
999 535.997 557.67 6 121 94 0
2074
314 833
58 239
157 361
415 885
87 153
679 931
353 946
531 544
19 512
567 875
65 628
687 791
101 172
634 901
173 426
14 927
377 750
131 200
1 499
307 771
601 989
148 289
47 960
670 859
538 560
352 958
528 775
396 476
814 989
243 871
120 837
7 780
792 970
268 555
741 775
868 965
793 822
128 926
736 925
429 545
177 818
146 422
258 663
148 760
347 597
153 991
309 750
139 827
32 850
331 588
595 963
273 912
76 218
276 429
43 715
592 894
700 985
202 888
309 871
22 283
120 526
549 559
788 841
152 514
258 761
204 790
219 424
409 521
379 907
181 397
346 730
753 968
397 812
242 938
197 521
522 992
796 966
60 372
135 811
336 572
326 873
117 799
125 245
403 747
343 553
313 939
909 964
487 597
781 815
489 527
136 668
79 134
685 847
69 578
178 256
155 767
50 830
11 344
611 897
737 893
256 440
23 992
147 533
397 910
559 563
472 860
176 947
658 721
33 898
47 567
241 289
404 432
23 66
140 471
36 908
600 721
812 900
19 181
77 451
295 381
472 837
493 631
217 547
329 379
193 747
30 720
767 870
191 674
760 831
433 472
158 353
82 623
476 699
656 895
397 900
497 758
308 971
15 718
475 819
25 619
302 402
96 154
292 883
85 633
439 902
166 478
392 970
82 515
3 371
336 660
839 872
268 754
196 357
29 100
517 857
78 221
42 564
891 918
3 227
222 494
401 911
539 961
647 823
526 762
904 973
155 855
234 770
396 423
277 960
733 831
176 685
336 637
508 749
325 893
232 436
670 927
424 606
308 840
227 586
793 854
315 555
876 888
296 313
83 843
44 357
46 287
103 183
482 588
448 711
595 730
131 366
162 619
248 622
517 667
168 513
48 862
248 887
88 526
405 727
191 389
140 981
132 977
283 621
35 141
119 778
360 575
196 998
278 771
373 514
142 618
469 747
122 294
187 360
286 482
166 337
320 395
202 668
69 404
523 574
166 602
22 966
230 623
110 441
197 409
166 867
568 618
447 557
351 769
731 990
141 779
664 820
354 923
172 617
118 646
694 842
524 925
464 502
303 319
293 763
297 919
35 504
314 822
535 827
556 621
213 776
693 855
222 595
240 649
184 834
266 378
295 701
19 537
568 716
170 935
178 530
416 847
516 934
704 905
25 962
42 377
244 740
740 827
727 745
38 263
945 967
365 392
127 600
308 532
534 844
88 120
156 892
15 544
466 825
306 427
98 169
196 677
76 495
195 861
33 799
228 400
132 512
866 916
380 534
458 862
45 135
170 395
54 629
319 783
141 517
149 192
226 741
447 560
881 901
225 596
981 988
329 833
289 760
137 254
374 984
427 730
505 915
24 462
194 873
110 385
315 754
171 252
220 782
128 519
248 435
105 801
163 922
169 327
608 634
9 949
563 748
341 784
263 456
163 634
406 504
93 718
9 167
68 216
863 865
269 880
443 953
33 789
113 669
274 586
279 701
126 342
286 331
252 338
520 992
301 316
460 489
692 875
939 981
188 704
389 694
111 829
235 370
368 491
64 488
277 632
406 517
524 738
381 460
600 913
874 887
375 386
167 357
23 343
241 831
89 517
932 977
517 735
179 856
562 886
802 984
729 734
677 989
60 266
354 484
485 904
116 921
442 942
54 717
759 798
430 559
196 392
369 463
273 495
303 783
58 427
33 370
339 705
359 391
362 954
155 890
395 722
114 443
245 783
246 370
13 168
390 643
261 907
255 684
143 277
567 690
532 583
779 869
312 845
821 951
49 880
374 411
401 514
371 751
77 453
303 616
442 811
180 811
76 573
288 609
803 938
615 738
949 992
820 847
267 671
165 623
514 548
142 676
241 798
318 493
91 185
561 888
592 732
345 446
343 522
239 693
149 656
323 463
389 674
235 350
54 275
32 665
263 943
614 877
76 707
524 574
520 949
95 168
124 869
319 321
746 803
638 861
530 770
94 697
501 712
68 824
35 418
678 753
3 206
279 635
90 848
553 758
215 879
413 455
76 275
3 62
11 182
155 870
7 706
664 747
162 500
693 890
27 275
438 929
486 560
806 916
169 624
162 356
380 844
139 223
577 943
10 487
310 599
182 679
421 552
141 418
333 439
350 528
342 444
427 631
150 997
498 920
585 696
825 906
6 723
234 438
213 909
267 651
281 549
107 253
551 675
317 328
132 691
34 534
192 742
683 714
198 636
438 883
165 230
90 465
92 246
796 856
151 825
542 567
621 860
250 804
67 194
231 445
59 864
274 752
62 344
162 431
109 950
699 815
351 483
703 785
52 824
404 983
271 639
250 287
66 844
28 997
92 344
154 993
849 880
741 789
62 92
138 496
216 824
671 730
477 599
395 646
31 778
420 968
521 642
317 992
273 540
413 700
485 576
455 962
443 579
568 839
454 588
842 962
132 537
212 795
78 566
183 997
290 894
206 751
582 593
423 865
178 509
58 364
138 473
224 247
637 794
99 890
623 630
93 321
338 763
193 408
546 712
114 789
4 774
145 862
124 839
186 634
703 860
689 962
492 942
646 771
424 807
418 504
382 810
25 689
293 732
380 886
242 278
229 833
577 756
116 547
141 869
543 800
72 769
781 937
121 253
614 680
157 584
21 660
464 592
25 810
175 489
292 894
73 212
387 637
448 912
463 632
145 731
42 346
287 671
13 468
87 991
348 946
484 727
377 564
400 813
320 704
507 710
160 337
242 376
498 890
452 594
251 461
396 699
549 563
18 518
667 784
391 620
281 748
367 937
2 250
387 506
720 795
136 515
83 360
122 580
797 935
228 598
34 769
428 888
174 892
562 888
237 274
172 553
411 984
599 626
52 493
217 826
574 718
53 494
233 281
21 398
355 423
575 655
410 996
309 950
216 493
639 712
90 353
348 648
253 496
327 445
269 849
163 459
188 552
956 998
30 832
267 287
57 706
573 622
158 380
194 711
697 923
310 477
649 846
222 364
656 742
208 237
19 450
446 932
57 333
34 844
90 101
96 410
532 971
238 759
20 945
310 369
106 719
281 571
584 874
417 846
114 579
426 931
352 716
465 922
327 808
269 983
391 829
85 228
590 809
772 786
343 380
828 946
306 870
541 544
432 866
90 608
103 547
18 848
307 722
118 935
172 497
204 715
175 688
649 836
381 527
676 710
7 57
210 236
191 897
426 800
252 647
899 983
222 884
137 288
387 728
314 329
518 919
570 929
238 605
127 768
473 996
214 656
129 289
126 543
365 825
297 956
15 941
10 597
461 878
708 755
130 635
429 931
306 631
160 248
200 470
479 788
523 974
425 817
209 555
321 616
112 622
665 914
934 959
19 165
34 968
618 839
399 535
340 745
709 877
422 555
180 613
412 999
5 495
27 928
437 683
597 672
294 863
117 184
83 945
578 658
444 578
487 885
902 984
186 548
222 730
149 517
464 529
60 817
264 467
481 581
607 806
215 956
967 969
105 187
337 573
78 987
804 862
393 590
666 748
657 928
638 686
34 428
249 316
294 467
353 553
78 434
536 903
213 515
666 869
438 633
385 441
32 94
124 177
407 874
542 690
232 384
199 207
5 76
743 945
84 900
113 140
711 912
411 620
44 305
717 928
503 739
469 597
28 217
172 719
32 745
686 940
225 502
43 345
36 980
580 815
21 937
61 744
415 747
198 978
468 610
159 678
599 684
343 844
95 513
127 545
77 199
183 217
2 959
661 744
64 525
142 710
702 818
26 269
13 336
297 998
77 729
511 692
330 766
494 868
769 844
287 804
695 778
180 449
247 359
266 372
944 961
189 497
154 167
98 644
451 948
766 923
142 687
175 635
200 957
159 776
55 947
112 435
330 923
22 541
924 987
716 958
789 799
969 995
15 93
0 230
252 823
352 532
612 986
327 624
279 813
354 727
31 711
52 505
164 746
379 900
72 483
78 414
71 375
225 433
371 932
507 676
414 485
483 993
212 499
336 794
477 653
65 974
171 763
375 907
274 446
378 683
713 902
196 792
262 737
181 812
474 885
54 299
529 592
212 247
125 853
20 571
60 378
63 649
440 635
55 119
233 571
433 596
50 715
86 372
186 459
579 799
159 213
35 406
430 563
330 625
22 472
174 606
11 350
111 437
39 152
401 770
565 872
258 312
569 991
29 489
817 864
183 547
45 613
28 115
320 552
324 522
691 724
95 699
61 557
437 728
290 529
323 477
669 705
311 997
704 928
673 940
128 997
826 926
30 461
399 593
310 744
332 503
242 875
879 901
144 977
97 636
292 732
357 712
189 719
111 391
272 345
684 698
214 812
18 608
650 705
528 679
746 938
261 335
117 736
423 513
83 185
540 918
123 895
74 136
153 774
240 662
339 784
866 975
347 645
620 654
248 782
609 910
24 894
205 677
431 903
110 817
52 318
101 848
838 998
27 819
850 972
533 627
69 672
781 994
805 942
690 875
355 513
216 318
362 372
342 543
281 563
258 845
485 973
6 364
508 611
416 873
546 723
355 863
657 819
66 351
319 531
162 733
26 543
55 112
278 944
13 610
232 648
430 749
458 731
389 897
271 496
455 842
16 880
211 710
207 331
153 211
119 218
48 603
150 242
37 939
492 845
746 761
578 768
604 677
113 296
343 758
129 798
288 822
725 823
879 881
6 53
294 865
161 601
156 257
358 621
503 859
122 264
9 998
239 291
191 480
792 998
638 940
391 654
3 285
447 936
808 978
171 772
312 482
399 550
718 941
9 481
644 726
62 227
742 889
519 960
177 702
72 420
366 638
109 833
591 985
558 659
409 536
120 433
368 684
433 893
378 728
190 906
346 516
619 674
502 763
467 662
278 646
249 848
194 912
66 992
408 841
388 634
215 297
300 750
572 720
135 682
583 958
498 505
549 587
4 873
300 377
86 417
568 951
503 705
428 562
28 183
40 157
170 797
224 359
884 963
736 799
610 660
476 580
245 976
488 554
199 451
666 969
639 723
802 866
547 905
17 825
779 882
14 670
652 698
2 287
870 920
534 562
49 484
67 947
645 658
294 580
628 834
245 953
445 978
10 821
400 598
393 559
509 770
13 832
53 639
701 940
433 860
568 676
478 782
76 622
219 262
17 838
18 388
117 925
482 492
510 856
263 570
675 923
283 319
334 630
855 890
398 794
308 986
295 638
415 474
194 326
12 206
272 282
161 823
9 317
133 990
378 937
473 680
654 841
192 667
665 850
852 942
20 969
883 929
8 357
466 906
180 320
73 157
51 812
25 382
655 698
393 549
130 813
465 946
645 913
246 350
80 955
265 363
308 999
29 272
207 687
499 795
599 653
207 952
115 311
389 700
76 203
434 851
236 457
133 486
159 624
144 724
835 907
115 926
732 894
18 90
911 982
641 892
101 353
856 966
81 151
10 765
86 266
152 440
425 864
591 896
536 960
217 277
57 59
573 878
124 643
582 963
783 953
254 609
453 818
434 576
500 521
511 759
224 437
652 655
303 321
496 636
365 970
471 988
840 971
106 301
465 648
306 920
402 479
63 641
500 642
411 713
210 394
60 864
589 836
173 741
341 999
476 815
771 961
260 745
163 175
735 895
412 650
91 335
87 710
159 964
790 830
633 883
68 696
56 313
69 432
221 566
495 540
79 711
302 374
774 858
144 691
394 457
223 755
116 629
469 487
767 855
305 501
39 530
284 972
251 795
398 728
126 269
653 689
511 605
298 726
105 368
208 460
240 641
291 723
405 745
237 752
868 884
147 858
647 772
92 370
289 798
112 119
363 604
502 762
229 375
164 803
172 249
165 210
652 743
355 865
136 561
182 528
375 843
214 889
38 929
372 954
69 916
225 526
363 725
179 904
488 756
734 897
399 827
452 653
243 250
400 908
428 561
801 843
508 590
245 625
41 975
57 425
148 692
270 389
663 729
182 276
455 700
51 988
768 931
63 850
390 979
415 627
77 897
587 590
652 985
373 401
160 782
407 659
161 338
299 717
94 284
204 830
51 471
512 537
750 854
464 762
375 833
94 405
382 463
527 701
192 339
161 989
589 649
708 978
834 974
655 743
26 126
383 809
291 546
42 516
26 800
508 809
11 528
59 425
663 948
850 954
355 832
326 805
73 359
207 588
139 304
183 905
632 960
432 706
137 609
2 564
53 121
27 657
430 453
195 470
85 598
91 907
58 730
706 802
766 816
21 699
348 828
388 901
531 541
822 833
532 765
555 754
412 705
745 914
153 710
174 424
81 196
419 600
501 639
152 256
243 603
579 738
806 866
4 852
641 649
199 453
158 946
536 632
419 721
356 521
650 739
358 976
114 880
510 966
442 682
616 718
732 929
617 719
239 767
394 790
234 509
175 459
748 995
628 813
353 465
16 551
805 891
511 938
780 983
773 944
231 624
444 768
624 964
30 76
554 756
192 669
28 826
393 430
625 816
48 804
210 537
143 547
656 889
279 673
408 558
447 486
205 989
403 479
97 107
395 704
219 807
38 732
732 883
102 487
12 859
715 830
329 386
65 834
563 818
190 456
483 709
797 905
201 322
280 615
620 714
632 917
527 635
82 630
472 556
139 755
96 305
550 740
185 907
67 134
679 741
195 957
120 225
339 412
412 927
431 760
113 981
58 291
333 984
632 642
189 481
146 785
435 622
550 609
755 978
83 91
75 990
30 573
738 925
773 803
435 887
497 719
126 955
59 902
249 617
489 635
658 672
851 987
354 675
340 362
42 934
819 891
8 712
31 695
347 672
104 765
221 941
451 729
341 857
349 452
161 252
106 316
131 638
173 226
589 815
34 562
41 866
123 261
408 659
614 993
421 449
673 813
619 842
413 594
680 709
54 921
17 365
535 965
450 512
13 660
454 482
933 974
83 575
255 538
82 201
312 663
384 688
176 659
29 460
118 797
70 757
82 322
574 933
519 997
105 491
241 760
810 917
636 764
713 984
986 999
29 208
414 544
39 401
38 293
16 354
352 568
102 951
67 176
221 908
132 830
368 698
504 967
482 948
349 684
310 463
381 752
853 976
505 824
124 687
43 204
260 727
74 457
518 879
707 778
602 878
461 573
37 691
757 980
22 531
849 983
247 506
861 957
147 153
402 788
218 707
486 787
305 712
429 927
242 692
722 771
674 694
324 581
204 436
769 968
29 175
73 361
139 535
606 681
569 942
255 603
301 719
89 979
466 786
418 666
494 884
48 538
529 762
809 896
640 858
264 836
295 940
203 448
214 835
43 50
362 441
914 954
545 971
193 403
5 203
149 742
302 984
443 551
334 644
110 899
867 878
379 386
751 932
409 903
628 861
69 80
352 777
197 903
201 236
220 478
43 436
259 326
939 988
45 891
690 692
565 777
680 764
148 903
643 882
843 907
282 345
72 764
346 595
39 178
611 749
377 582
436 668
924 980
245 283
320 722
265 786
23 844
130 598
245 319
685 820
249 518
368 655
226 800
881 911
116 928
50 345
356 500
792 838
422 976
230 397
668 888
235 246
102 885
147 627
828 876
116 905
17 554
163 608
52 920
88 434
420 678
284 754
358 703
310 626
140 889
583 821
340 914
837 966
276 670
401 930
110 372
821 958
533 820
123 656
184 523
156 424
279 940
232 828
414 576
488 525
89 779
403 975
122 467
89 141
177 748
402 866
36 400
199 952
456 577
0 334
413 652
272 384
526 529
26 880
16 49
635 701
560 936
28 926
244 550
280 738
65 813
470 898
363 772
129 605
462 894
877 993
31 707
908 980
270 809
892 972
264 649
43 272
566 987
513 832
420 753
619 733
14 739
74 790
244 298
260 880
246 344
61 936
927 971
178 438
342 955
150 376
42 959
390 882
144 332
108 495
661 936
565 999
471 812
264 662
839 979
211 507
234 756
46 934
64 982
266 937
594 653
681 807
601 814
64 838
39 256
191 241
323 689
39 930
392 825
278 803
260 340
291 364
256 635
138 271
40 602
145 804
339 669
261 835
269 955
1 795
209 681
15 321
200 861
683 829
534 886
445 808
147 211
298 609
422 681
292 980
667 857
586 932
104 600
585 824
252 763
490 671
16 114
74 204
908 924
103 905
426 543
751 977
456 943
257 325
198 764
739 859
211 474
293 772
125 816
275 495
9 196
664 685
99 498
288 550
223 304
227 274
197 431
542 960
462 851
697 754
376 519
57 802
566 908
666 995
106 249
420 445
108 475
324 328
59 439
271 996
304 535
195 628
185 843
386 833
412 971
541 856
280 443
336 832
22 556
168 610
388 879
268 697
856 904
151 786
199 454
610 699
571 591
193 788
164 761
901 911
313 332
67 685
366 752
852 991
134 711
109 309
79 695
41 403
259 891
260 441
77 734
626 684
328 581
412 840
640 847
712 723
14 650
184 195
480 831
134 194
167 520
525 982
20 995
584 659
270 383
187 843
22 510
539 773
0 644
127 419
322 515
728 937
198 708
99 357
170 646
483 877
206 977
173 800
171 647
253 271
446 586
254 910
682 942
205 725
180 552
123 835
432 916
621 703
4 326
68 490
286 569
506 572
83 655
8 890
759 938
75 651
591 945
285 344
803 944
112 947
130 178
630 644
6 291
266 367
630 909
172 848
333 802
300 854
472 966
202 876
832 863
454 948
33 775
334 623
219 785
169 964
180 421
629 921
238 511
71 105
74 668
545 927
156 737
76 448
410 473
407 584
251 602
112 407
565 612
92 200
157 558
369 557
82 909
331 710
71 491
604 725
47 542
201 457
33 235
606 807
203 273
283 531
175 440
17 906
594 652
104 645
47 519
15 78
294 396
86 367
249 919
211 627
118 170
759 761
84 214
407 947
561 776
514 930
628 686
414 434
271 305
179 796
51 939
62 131
426 444
87 569
80 444
100 688
156 174
665 954
216 490
188 657
561 753
136 201
81 265
879 919
92 131
8 546
683 864
348 465
406 735
21 781
70 228
130 279
207 791
876 886
136 322
535 593
139 327
651 804
71 229
945 985
46 959
857 872
143 217
98 740
258 729
558 841
713 864
714 829
538 603
300 582
510 541
209 284
109 871
337 878
130 256
346 963
468 660
75 585
139 978
213 964
171 293
239 427
937 994
515 776
104 913
137 910
157 659
19 51
183 797
11 276
743 985
236 394
271 501
20 281
761 773
373 548
37 450
206 371
296 939
307 539
797 997
262 424
884 965
152 930
95 396
378 864
118 150
8 693
490 696
247 795
259 540
577 929
838 970
475 918
317 481
465 608
372 417
233 896
7 404
849 899
89 882
259 805
662 893
102 821
799 898
268 853
56 296
349 698
473 993
98 298
50 932
373 911
138 636
75 696
324 497
637 728
388 518
133 557
164 773
170 704
449 613
131 861
20 20 0.05 0.05 0.05 0.05
2 3 2 3 3 3 3 3 3 3 3 3 3 3 3 3 3 3 3 2 2 3 3 3 3 2 3 3 3 3 3 3 3 3 3 2 3 3 3 3 3 3 2 3 3 3 3 3 2 3 3 2 3 3 3 3 3 3 3 3 3 2 3 3 3 3 3 3 3 3 3 1 3 3 3 3 3 3 3 3 3 3 3 1 2 3 3 3 3 3 3 1 3 3 3 3 3 3 2 3 3 3 3 3 3 1 3 3 3 1 3 3 3 2 3 3 3 3 3 3 3 3 3 1 3 3 3 3 3 3 3 3 3 3 3 3 3 2 3 3 2 3 3 3 3 3 3 3 3 2 3 3 3 3 3 3 3 3 3 3 3 3 3 3 3 2 3 3 3 3 3 3 3 3 3 3 3 3 3 3 3 2 3 3 3 1 3 1 3 3 3 3 2 3 3 3 3 3 3 3 3 3 3 3 3 3 3 3 3 3 3 3 3 3 1 3 3 3 3 3 3 3 3 3 3 3 3 3 3 1 2 3 3 2 3 3 3 3 3 3 3 3 3 2 2 3 3 3 3 3 2 3 3 3 2 1 3 3 3 3 3 1 3 3 3 3 3 3 3 3 3 3 3 3 3 3 3 3 3 3 3 2 3 3 3 3 3 2 1 3 3 3 3 3 3 3 3 3 2 3 2 3 3 3 3 3 3 3 3 1 2 3 3 3 1 3 3 3 3 3 3 3 3 2 3 3 3 3 3 1 3 3 3 3 3 1 3 3 3 3 3 3 3 3 3 3 3 3 3 1 3 3 3 3 3 3 3 3 3 3 1 3 3 3 3 3 3 3 1 2 3 3 3 3 3 1 3 2 3 1 3 3 2 3 3 3 1 3 3 2 3 3 3 3 3 3 3 2 3 2 3 3 3 3 3 3 2 3 3 3 3 3 3 2 3 3 3 3 2 3 3 3 3 3 3 3 3 3 3 3 3 3 3 3 3 3 3 3 3 3 3 3 3 3 3 3 3 2 3 3 3 3 2 3 3 2 3 3 3 3 3 3 3 2 3 3 3 3 3 3 3 2 3 3 3 3 3 2 3 3 3 3 3 3 3 3 2 3 3 3 3 1 3 3 3 3 3 3 3 3 3 3 3 3 2 3 3 3 3 3 3 3 2 3 3 3 3 2 3 3 3 3 3 3 3 3 3 3 3 3 3 3 3 3 3 2 3 2 2 3 3 3 3 3 3 3 3 3 3 2 2 3 3 3 3 3 3 2 3 3 2 3 3 2 2 3 3 3 3 3 3 2 3 3 3 1 3 3 3 3 3 3 2 3 3 3 3 3 3 3 3 2 3 2 2 3 3 3 3 1 3 3 3 2 3 3 3 3 3 2 3 3 3 3 3 3 3 3 3 3 3 3 3 2 3 3 1 3 3 3 3 3 2 3 3 3 3 3 3 3 3 3 3 3 3 3 3 3 3 3 3 3 1 2 3 1 2 3 3 3 3 2 3 3 3 3 2 3 3 3 3 3 3 3 3 3 3 3 3 3 3 3 3 3 1 3 3 3 3 2 3 3 3 3 3 3 3 3 1 3 2 3 3 3 3 3 3 3 3 3 3 3 3 3 3 3 3 3 3 3 3 3 3 3 3 3 2 3 3 3 3 3 3 3 3 2 3 3 3 3 2 3 2 1 2 3 3 3 2 3 2 3 3 3 3 3 3 3 3 3 3 3 3 3 3 3 3 3 3 3 3 3 3 3 3 3 3 3 3 3 3 3 3 3 3 3 3 3 3 3 3 3 3 1 3 3 3 3 3 3 3 1 3 3 2 3 3 3 3 2 3 3 1 3 3 3 3 3 3 3 3 3 1 3 3 3 3 2 3 3 3 3 3 1 3 1 3 3 3 3 3 3 2 1 3 3 3 3 3 3 3 3 3 3 2 3 3 3 3 3 3 3 2 3 3 3 3 3 3 3 3 1 3 3 3 3 3 3 3 3 3 3 3 3 3 3 3 3 3 2 3 3 3 3 3 2 2 3 3 3 1 3 3 3 3 3 3 1 3 3 2 3 3 3 3 3 3 3 3 3 3 3 3 3 3 3 3 3 3 3 3 3 3 3 3 3 2 3 3 2 3 3 3 3 3 1 3 3 3 3 1 3 3 3 3 3 3 3 3 3 3 3 2 3 3 3 3 2 3 2 3 3 3 3 3 3 3 3 3 3 3 2 3 3 3 2 3 3 2 3 3 3 3 3 3 2 3 3 3 3 
3 3 3 1 3 3 3 3 3 3 3 1 2 3 1 3 1 3 3 3 3 3 3 3 3 3 2 3 3 3 3 3 3 1 3 3 3 3 3 3 3 3 3 3 3 3 3 3 3 2 2 3 3 3 3 3 3 3 3 3 3 3 1 3 3 2 3 3 3 2 3 3 3 3 3 3 3 3 3 3 2 3 3 3 3 3 3 3 3 3 3 3 1 3 3 3 3 3 3 3 3 3 3 3 2 3 3 3 3 3 3 3 3 3 1 3 3 1 3 3 3 3 3 3 3 3 2 2 3 3 2 1 2 3 3 3 3 3 3 3 3 3 3 3 2 3 3 3 3 3 3 3 3 3 3 3 3 3 3 3 3 3 3 3 3 3 3 3 3 3 3 3 3 1 3 3 3 3 3 3 3 3 1 3 1 3 3 3 3 3 3 3 2 3 3 1 3 3 3 3 1 3 3 3 3 3 2 3 2 3 3 3 3 3 3 3 3 3 3 3 3 3 3 3 3 3 1 1 3 3 3 3 3 3 3 1 3 2 3 3 3 3 3 3 3 2 1 3 3 3 3 3 3 3 3 3 3 3 3 3 2 3 3 3 3 3 3 3 3 2 3 3 3 3 2 3 1 3 3 2 2 3 3 3 3 1 3 3 3 3 3 3 3 3 3 2 3 3 3 3 3 3 3 3 3 3 3 3 2 3 3 3 3 2 3 3 3 3 3 3 3 3 3 3 3 3 3 3 3 3 3 3 2 3 3 3 3 3 3 2 2 2 2 3 1 2 3 3 3 3 1 3 2 3 2 3 3 3 3 3 3 3 3 3 3 3 1 3 3 3 1 2 3 3 3 3 3 3 3 3 3 2 3 3 3 3 3 3 3 3 3 3 3 3 3 3 3 3 3 3 2 3 3 3 2 3 3 3 3 3 3 3 2 3 3 3 3 3 3 2 3 3 3 3 3 3 1 3 3 1 3 3 2 3 3 3 3 3 3 3 3 2 3 1 2 3 2 3 3 3 3 3 3 3 3 3 3 3 3 3 2 3 3 3 3 3 3 3 3 3 1 3 3 3 3 3 3 3 3 3 3 3 3 3 2 3 3 3 3 3 3 3 3 3 3 3 3 3 3 3 3 3 3 2 3 3 3 3 3 3 3 3 3 3 3 3 3 3 3 3 3 3 3 2 2 3 3 2 1 3 3 3 2 3 3 3 3 3 3 3 3 3 3 2 3 1 3 3 3 3 3 2 3 3 3 3 3 3 3 3 3 3 3 3 3 2 3 3 3 3 3 3 3 3 2 3 3 3 2 1 3 3 3 2 3 3 2 3 3 3 3 3 3 3 3 3 3 3 3 3 2 3 3 3 3 3 3 3 3 3 3 3 3 3 3 2 3 3 3 3 3 3 3 3 3 3 3 3 2 3 3 3 3 3 3 2 3 3 1 3 3 3 3 3 3 2 3 3 3 3 2 3 3 3 3 3 3 3 2 3 3 3 3 3 3 3 3 3 3 2 1 3 2 2 3 2 3 3 3 1 3 3 3 3 3 3 2 3 3 3 3 3 3 3 3 3 3 3 3 3 3 2 3 3 3 2 3 3 3 3 3 3 3 3 3 3 3 3 3 3 3 2 3 3 3 3 3 2 3 3 3 3 3 3 3 3 1 3 1 2 3 1 3 3 3 2 3 3 3 3 3 2 2 3 3 3 3 3 3 3 3 3 3 3 3 2 3 3 1 3 3 3 3 3 3 1 3 3 3 3 3 3 3 2 2 3 3 3 3 1 3 3 3 3 3 3 3 3 3 1 2 3 3 3 3 3 3 3 3 3 3 3 3 2 3 3 3 3 3 3 3 3 3 3 3 3 3 3 3 3 3 3 3 3 2 3 3 3 3 3 2 3 3 3 3 3 3 3 3 2 3 3 3 3 3 3 3 3 3 1 3 1 3 3 3 3 3 3 3 3 3 3 3 3 3 3 3 3 3 3 1 3 3 3 3 3 3 3 3 3 3 3 3 3 3 3 3 3 1 2 3 3 3 3 3 3 3 3 3 3 3 3 3 2 3 3 2 3 3 3 3 3 3 2 3 1 3 1 3 3 3 1 2 3 3 3 3 3 3 3 2 3 3 3 3 3 3 3 3 3 3 3 3 2 3 2 3 1 3 3 3 3 3 3 3 3 3 3 3 3 3 2 3 3 2 3 3 2 3 3 3 3 3 2 3 3 2 3 3 3 3 3 3 3 3 3 3 3 3 2 
3 3 3 3 3 3 3 3 2 2 3 3 3 3 3 3 3 1 3 3 3 3 2 3 2 3 3 3 3 3 3 3 3 3 3 3 2 3 1 2 3 3 3 3 2 3 3 3 3 3 3 3 3 3 3 3 3 3 3 3 3 3 3 3 2 3 3 3 3 3 2 3 3 3 3 3 3 3 2 3 3 1 3 3 3 2 3 3 2 3 3 3 3 3 3 3 2 3 3 2 3 3 3 3 3 3 3 3 3 3 3 3 3 3 3 3 3 3 3 3 2 3 3 3 3 3 3 3 3 3 2 3 3 3 3 3 3 3 3 3 3 3 3 3 3 3 3 3 3 3 3 1 2 3 2 3 3 3 3 3 3 1 3 3 3 3 3 2 3 3 3 1 3 3 3 3 3 3 2 3 3 3 3 3 3 3 3 3 3 2 1 3 3 3 3 3 1 3 3 3 3 3 3 3 3 1 3 3 3 3 3 3 3 3 3 2 3 3 3 3 3 2 3 3 3 1 3 3 2 3 3 3 3 3 2 3 3 3 3 3 3 3 3 3 3 3 3 3 3 3 3 3 1 3 3 3 2 3 3 3 3 3 3 1 3 1 3 3 3 3 3 2 3 3 3 3 3 3 3 2 3 3 3 3 3 3 3 3 3 3 1 3 1 1 3 3 3 2 3 3 3 3 3 3 3 2 3 3 3 3 3 3 3 3 3 3 3 2 3 3 3 3 3 3 3 2 3 3 2 3 3 3 3 3 3 3 3 3 1 3 3 3 3 3 3 3 3 3 3 3 3 3 3 3 3 3 3 2 3 3 3 3 3 1 3 1 3 3 3 3 3 3 3 3 3 3 3 3 3 3 3 3 3 3 3 3 3 3 3 3 3 3 1 3 3 3 3 3 3 3 2 2 3 3 3 3 3 3 3 3 3 3 3 3 2 3 3 3 3 3 3 3 3 3 3 3 3 3 3 3 3 3 3 2 2 3 3 3 2 3 2 3 3 3 3 3 3 3 3 3 3 3 3 3 3 3 2 3 3 3 3 3 2 3 1 3 1 3 3 3 3 3 2 3 3 3 3 3 3 3 3 2 3 3 3 3 3 3 2 3 3 3 3 3 3 3 3 3 2 3 3 2 1 3 3 3 3 3 3 2 3 3 3 3 3 3 3 3 3 3 2 3 3 3 3 2 2 3 3 1 2 3 3 3 3 3 3 3 3 3 3 3 3 3 3 3 2 3 3 3 3 3 3 3 2 3 2 3 3 3 3 3 3 3 3 3 2 3 3 3 2 3 3 3 3 3 2 2 3 3 3 2 3 3 3 3 3 3 3 3 3 3 1 3 3 3 2 3 2 3 3 1 3 3 1 3 3 3 3 3 3 3 3 3 3 3 3 3 3 3 3 2 3 3 3 3 3 3 3 3 3 3 3 2 3 2 3 3 3 2 3 3 3 3 3 3 3 1 3 3 3 3 3 3 3 3 3 3 3 3 3 3 2 3 3 3 3 3 3 3 3 3 3 3 3 3 3 1 3 3 3 3 3 3 3 3 3 3 3 3 3 3 3 2 3 3 3 3 3 3 3 3 3 2 3 3 3 3 3 3 3 3 2 3 3 3 3 3 3 3 3 3 3 2 3 1 3 3 3 3 3 3 1 3 3 3 3 2 3 3 3 3 3 3 3 3 3 3 3 3 3 3 3 3 3 3 2 2 3 3 3 3 1 1 3 3 3 3 3 3 2 3 1 3 3 3 3 3 3 3 3 3 3 3 3 3 1 3 3 3 3 3 2 3 3 3 3 3 3 3 3 3 3 3 3 3 3 3 3 3 3 3 3 2 2 3 3 3 3 3 3 3 3 1 3 1 3 3 3 3 3 3 3 3 3 3 3 2 2 3 3 3 3 3 3 3 3 3 3 3 3 2 3 3 3 3 3 3 3 3 2 3 3 3 3 3 3 3 3 3 3 3 3 3 3 3 3 3 3 3 3 3 3 1 3 3 3 3 3 3 2 3 3 2 1 3 3 3 3 3 3 3 3 3 3 3 1 3 2 3 3 2 3 3 3 3 3 3 3 2 3 3 3 3 2 3 3 3 3 1 2 3 3 3 3 3 3 3 3 3 3 2 3 2 3 3 3 3 3 2 3 3 3 3 3 3 2 3 3 3 3 3 3 3 3 3 2 3 3 3 2 3 3 3 3 3 3 3 3 3 1 3 2 3 3 3 3 2 3 1 3 3 2 3 3 3 3 3 2 3 
3 3 3 1 3 3 3 3 3 3 3 2 2 3 3 3 3 3 2 3 3 3 3 3 3 3 3 3 3 1 3 3 3 2 3 3 2 3 2 1 3 3 3 2 3 3 3 3 3 3 2 3 3 3 3 3 3 3 3 3 3 3 1 3 3 1 3 3 3 3 2 3 3 3 2 3 3 3 2 3 3 3 3 3 3 2 3 3 3 3 2 3 1 3 3 3 3 3 3 3 1 2 3 3 3 3 3 3 3 3 3 3 3 3 3 3 3 2 3 3 3 3 3 3 3 3 3 3 3 3 1 1 2 3 3 3 3 3 3 3 3 3 3 3 2 3 3 3 3 3 3 3 1 3 3 3 3 3 3 3 3 3 3 1 3 3 3 3 3 3 3 3 3 3 3 1 3 3 1 3 3 3 2 3 1 3 2 3 3 3 3 3 3 3 3 1 3 3 3 3 1 3 3 3 2 3 2 3 1 3 3 3 3 3 3 3 3 3 3 3 3 2 3 3 3 3 3 1 2 3 3 3 2 3 2 2 3 1 3 3 3 3 3 3 3 3 2 3 3 3 3 3 3 3 3 3 1 3 3 3 3 3 3 3 3 3 3 3 3 3 3 3 1 3 1 3 2 3 3 1 3 3 2 3 3 2 3 3 3 3 3 3 2 3 3 1 3 3 3 3 3 3 3 3 3 3 3 3 3 3 3 3 3 3 3 3 3 3 3 3 3 3 3 3 3 3 3 3 3 3 3 3 3 3 3 3 3 3 3 3 3 3 3 3 1 2 3 3 2 3 2 3 3 2 3 3 3 3 3 3 3 3 3 3 3 3 1 3 3 3 2 2 3 2 3 3 3 3 3 3 3 1 3 3 2 3 3 3 2 3 3 3 3 3 3 3 3 3 3 3 1 2 3 3 3 3 3 3 3 3 3 3 3 3 3 3 3 3 3 3 3 3 3 3 3 3 3 3 3 3 3 3 3 3 3 3 2 3 2 3 1 3 3 3 3 3 1 3 3 3 3 3 3 3 3 3 3 3 3 1 1 3 3 3 3 2 3 3 3 3 1 3 3 3 3 3 3 3 3 3 3 3 3 3 3 3 3 3 3 1 3 3 3 3 3 3 3 3 3 3 3 3 3 3 3 3 3 3 3 2 3 3 3 3 2 3 3 3 2 3 3 3 3 2 2 3 3 1 2 3 2 3 3 3 3 3 3 3 3 3 3 3 3 3 3 3 3 3 2 3 3 3 3 3 3 3 3 3 3 3 3 3 3 3 3 3 2 3 3 3 2 3 3 3 2 3 3 2 3 2 3 3 3 3 3 3 1 3 3 3 3 3 3 3 3 3 3 3 1 3 3 3 3 3 3 3 3 3 2 3 3 3 3 3 3 3 3 3 3 3 3 3 3 3 3 3 3 3 1 3 3 3 3 2 2 1 3 3 1 3 3 3 3 3 3 3 3 3 2 3 3 3 3 3 3 3 3 3 3 3 3 3 3 3 3 3 3 3 2 3 3 3 3 1 3 3 3 3 3 3 3 3 3 3 3 3 1 3 1 3 3 3 3 3 3 3 3 3 3 3 3 1 3 3 3 3 3 3 3 3 3 3 3 3 3 2 3 3 2 3 3 3 3 3 3 3 3 3 3 3 3 3 2 3 3 3 2 3 2 3 3 3 3 3 3 3 3 3 3 3 3 2 1 3 3 3 2 2 3 3 3 3 3 3 3 3 3 3 3 3 2 3 3 3 3 2 3 3 3 3 3 3 3 3 3 3 3 3 3 2 2 3 3 3 3 3 3 3 3 2 3 3 3 3 3 3 3 3 3 3 3 3 3 1 3 3 3 3 3 3 3 3 3 3 3 3 3 3 2 3 2 3 3 3 1 3 3 3 3 3 3 3 3 3 3 3 3 3 2 3 3 3 3 3 3 3 3 3 3 2 3 1 3 3 3 3 3 3 3 3 3 3 3 3 3 3 3 3 3 2 3 2 3 2 3 3 3 3 3 3 3 3 3 3 3 3 3 3 2 3 3 2 3 3 3 3 3 3 2 3 3 2 3 3 3 3 3 3 3 3 3 3 2 3 2 2 3 3 3 2 2 3 2 2 3 3 3 3 3 3 1 2 3 3 3 3 2 3 3 3 3 3 3 3 3 3 3 1 3 3 3 3 3 3 3 3 3 3 3 3 3 3 3 3 2 3 3 2 3 3 2 3 2 3 3 3 3 2 3 3 3 3 3 3 3 3 3 3 3 3 
3 3 2 3 3 3 1 3 1 2 3 3 3 3 3 3 3 2 3 3 3 3 3 2 3 3 3 3 3 3 3 3 3 3 3 3 3 3 3 3 3 3 1 3 1 3 2 3 2 3 3 3 1 1 3 3 3 3 1 3 3 3 3 3 2 3 2 3 1 3 3 3 3 3 3 2 3 3 3 3 3 2 3 3 3 3 3 3 3 3 3 3 3 3 3 3 2 2 3 1 3 3 3 3 3 3 3 2 3 3 3 3 3 3 3 3 3 3 3 3 3 2 3 3 3 3 3 3 3 3 3 3 3 2 3 3 3 3 2 2 3 3 3 3 3 2 3 3 3 3 3 2 3 3 2 1 3 3 3 3 3 2 3 3 3 3 3 1 3 3 3 3 3 3 3 3 3 3 3 3 3 3 3 3 3 3 3 3 3 2 3 3 3 3 3 3 1 3 2 3 3 3 3 3 3 2 3 3 3 3 3 3 3 3 3 2 1 3 3 3 3 3 1 3 3 3 3 3 3 3 3 3 3 3 3 3 3 3 3 1 3 3 3 2 3 3 3 3 3 3 2 3 3 2 3 3 3 3 3 3 3 3 3 3 3 2 3 1 3 3 3 2 3 3 3 3 3 3 3 3 3 3 3 3 3 3 3 1 3 3 3 1 3 3 3 3 3 2 3 3 2 3 3 3 2 1 1 3 3 2 3 3 3 3 3 3 3 2 1 3 3 3 3 3 3 3 3 3 2 3 3 3 3 3 3 3 3 3 3 3 3 3 3 3 3 3 1 3 3 3 3 3 3 3 3 3 3 1 3 3 3 3 3 2 1 2 3 3 3 3 3 3 3 3 3 3 3 2 3 3 3 3 3 3 3 3 3 3 3 3 3 3 2 3 3 3 3 3 3 2 3 3 3 3 3 3 3 3 3 3 2 3 3 3 3 3 3 3 3 3 3 3 3 3 3 3 3 1 3 3 3 3 3 3 3 3 3 3 3 3 3 3 3 3 3 3 3 3 3 3 3 3 3 3 3 3 3 3 2 3 3 3 3 3 3 3 2 3 3 3 3 3 3 2 3 3 3 3 3 3 3 2 3 2 3 3 2 3 3 3 1 3 3 1 1 3 2 3 1 3 3 1 3 3 3 1 3 3 3 3 3 3 3 3 3 3 1 3 2 3 2 3 2 3 3 3 3 3 3 3 3 3 3 3 3 2 3 3 2 3 3 3 3 3 3 3 1 3 3 3 3 3 3 3 3 3 3 2 3 3 3 3 3 3 2 3 3 3 3 3 3 3 3 3 3 3 3 3 3 3 3 2 2 3 3 1 3 3 3 3 3 3 3 2 3 1 3 3 3 3 3 2 3 2 2 3 3 3 3 3 3 3 3 3 2 3 3 3 3 3 3 3 3 3 3 3 3 3 3 3 3 1 3 3 3 3 2 3 3 1 3 3 3 3 3 3 3 3 3 3 3 2 3 3 3 3 3 3 3 3 3 3 3 3 3 3 3 3 3 3 3 1 3 3 3 3 3 2 3 3 2 3 3 3 3 3 3 3 3 3 3 3 3 1 3 3 2 3 3 3 3 3 3 3 3 3 3 3 3 3 3 3 1 3 3 3 3 3 3 3 3 3 3 1 3 2 3 3 3 3 1 2 3 3 3 3 3 3 3 3 3 3 3 3 3 3 3 3 3 3 2 3 3 3 3 3 3 3 3 3 3 3 3 3 2 3 3 1 3 3 3 3 3 3 3 3 3 3 3 3 3 3 3 3 3 3 2 3 3 3 3 3 2 3 3 3 3 3 3 3 3 3 3 3 2 3 3 3 3 3 3 3 3 3 2 3 3 3 3 3 3 3 3 3 1 2 3 2 3 3 3 3 3 3 3 3 3 3 2 3 3 3 3 3 3 3 3 3 3 3 3 3 3 3 2 1 3 3 3 3 3 3 2 3 3 3 3 3 2 3 1 2 3 3 3 3 3 2 3 2 3 3 3 3 2 3 3 3 3 3 1 3 3 3 3 3 3 3 3 3 3 3 3 3 3 3 2 3 3 3 3 3 3 3 3 1 3 3 3 2 1 3 3 3 3 3 3 3 3 3 3 3 3 3 2 3 3 3 3 3 3 3 3 3 3 3 3 3 3 2 3 3 3 3 3 3 2 3 3 2 3 3 3 1 3 2 3 3 3 3 2 3 3 3 3 3 3 3 3 3 3 3 3 3 3 3 3 3 3 2 2 3 2 2 3 3 2 3 2 3 
3 3 3 2 3 3 3 3 3 3 3 2 3 3 3 2 1 3 3 3 3 3 2 3 3 3 2 3 3 3 3 3 2 1 3 3 2 3 3 3 3 3 3 3 3 3 3 3 3 2 3 3 3 3 3 3 3 3 3 3 3 3 2 3 3 1 3 3 3 3 3 3 3 3 3 3 3 3 2 3 2 3 3 3 3 3 3 3 3 3 3 3 1 2 3 3 3 3 3 3 3 3 3 3 3 3 3 3 3 3 2 3 3 3 1 3 3 1 3 3 3 3 3 3 3 2 2 2 3 3 2 2 3 3 3 3 3 3 3 3 3 3 3 3 3 3 3 3 3 3 3 3 3 3 3 3 3 3 3 3 3 3 3 3 3 3 3 3 3 3 3 3 3 1 3 3 3 3 2 3 3 3 2 3 1 3 3 3 3 3 3 3 3 3 3 1 3 3 3 3 2 3 3 3 3 3 2 3 3 3 3 3 3 3 3 3 3 3 3 3 3 2 3 3 3 3 1 2 2 3 3 3 3 3 3 1 3 3 3 3 3 3 3 3 3 2 1 3 3 3 3 3 3 3 3 3 2 3 3 3 2 3 3 3 3 3 3 3 3 2 3 3 3 3 2 3 2 3 3 2 1 3 3 2 3 2 3 3 3 3 3 3 3 3 3 2 3 3 3 3 3 3 3 2 3 3 3 3 3 3 3 3 3 3 3 3 3 3 3 2 3 2 3 3 3 3 3 3 3 3 2 3 3 3 3 3 3 3 3 3 2 3 2 3 2 3 3 3 3 3 1 3 3 3 2 3 3 3 2 3 3 3 2 3 3 3 2 3 3 3 1 2 3 3 3 3 3 3 3 3 3 2 3 3 3 2 3 3 3 3 3 3 3 3 3 3 3 3 3 3 2 3 3 3 2 2 3 3 3 3 3 3 3 3 3 3 3 3 3 3 3 3 2 3 3 3 2 3 3 2 3 3 3 3 3 3 3 3 3 3 3 2 3 1 2 3 3 3 3 3 3 3 3 3 3 3 3 3 3 3 3 3 3 3 3 3 3 3 3 3 1 3 3 3 3 3 3 3 3 3 3 3 3 3 2 3 3 3 3 3 3 3 3 3 3 3 3 3 3 3 3 3 3 3 3 3 3 3 3 3 3 3 3 3 3 3 3 3 3 3 3 3 3 1 1 3 3 3 1 3 3 3 3 3 3 3 3 3 3 3 3 3 3 2 2 2 3 3 3 3 3 1 3 3 3 3 3 3 3 3 3 3 3 3 3 3 3 3 3 3 3 3 3 3 1 3 3 3 2 1 3 3 3 3 3 3 2 3 3 3 3 3 3 3 3 3 3 3 2 3 3 3 3 3 3 3 3 3 3 3 3 3 3 3 3 1 2 3 3 3 3 2 3 3 3 2 3 3 1 3 3 3 3 3 3 2 3 3 2 3 3 3 3 3 3 3 3 3 3 3 3 3 3 3 3 3 3 3 3 3 3 3 3 3 3 3 3 3 3 3 2 3 3 2 3 2 3 3 3 1 3 3 3 3 3 3 2 3 3 3 3 3 3 3 3 3 3 2 3 3 3 2 3 3 3 3 3 3 3 3 3 3 3 3 3 3 3 3 2 3 3 3 3 3 3 3 3 2 3 3 3 3 3 3 3 3 1 3 1 3 3 1 3 3 3 2 3 3 3 3 3 3 2 3 3 3 3 3 3 3 3 3 3 3 3 3 2 3 2 3 3 3 3 3 3 1 3 3 3 3 2 3 3 2 3 3 3 3 3 1 3 3 3 3 3 3 3 3 3 1 2 3 3 3 3 3 3 3 3 3 3 3 3 2 3 3 2 3 3 3 3 3 3 3 3 3 3 3 3 3 3 3 3 3 1 3 3 3 3 3 3 3 3 3 3 3 3 3 3 2 3 3 3 2 3 3 3 3 3 3 3 1 3 3 3 3 3 3 3 3 3 3 3 3 3 3 3 3 3 3 1 3 3 3 3 3 3 3 3 3 3 3 3 3 3 3 3 3 1 2 3 3 3 3 3 3 3 3 2 3 3 3 3 3 2 3 3 3 3 3 3 3 3 2 3 1 3 2 3 3 3 2 3 2 3 3 3 3 3 3 2 2 3 3 3 3 3 3 3 3 3 3 3 1 3 2 3 1 3 3 3 3 3 3 3 3 3 3 3 3 3 3 3 3 1 3 2 3 3 3 3 3 3 2 3 3 3 3 3 3 3 3 3 3 3 3 3 3 3 3 
1 3 2 3 3 3 2 3 3 3 3 3 3 3 3 3 3 3 3 2 3 3 3 2 3 3 3 3 3 3 3 3 3 3 1 3 3 3 3 3 3 3 2 3 2 3 3 3 3 3 3 3 3 2 3 3 3 3 2 3 3 3 3 3 3 3 2 3 3 3 3 3 1 3 2 3 3 3 3 3 3 3 2 3 3 3 3 3 3 3 3 3 3 3 3 3 2 1 1 3 3 3 3 3 3 3 3 2 3 3 3 3 3 3 3 3 3 3 3 3 3 2 3 3 3 3 3 3 3 3 3 3 3 3 3 3 2 2 1 1 3 3 3 3 3 3 3 3 3 3 3 3 3 3 2 3 3 3 2 1 3 3 3 3 3 2 3 2 3 1 3 3 3 3 3 3 3 3 3 3 3 2 3 3 3 3 3 3 3 3 3 3 3 3 3 3 3 3 1 3 3 2 2 3 2 3 3 3 3 3 2 3 3 1 3 3 3 3 3 3 3 3 2 1 3 3 3 3 3 3 2 1 3 3 3 3 2 3 3 3 3 3 3 3 1 3 3 3 3 3 3 3 3 2 2 3 3 3 3 3 3 3 3 3 3 3 3 3 3 3 3 2 3 3 3 3 3 3 3 3 3 3 3 3 3 3 3 3 2 3 3 2 3 3 3 3 3 3 1 3 2 3 3 3 1 2 3 3 3 2 3 3 3 3 2 3 3 3 3 3 3 3 2 3 3 3 3 1 3 3 3 3 3 3 1 3 3 3 3 3 3 3 3 2 3 3 2 3 3 3 3 2 3 3 3 3 3 2 3 3 3 3 3 3 2 3 3 3 3 3 3 3 3 3 3 3 3 2 3 3 2 3 3 3 3 3 3 3 3 3 3 3 3 3 2 3 3 2 3 1 3 3 3 3 3 3 3 3 3 3 2 3 3 3 3 3 3 3 3 3 1 3 3 3 3 3 3 2 2 3 3 3 3 3 3 3 2 3 3 3 3 3 3 3 3 1 3 3 3 3 3 3 3 3 3 3 3 2 3 3 3 3 3 3 3 3 3 3 3 3 3 3 3 2 3 3 3 3 3 3 3 3 3 1 3 3 3 3 3 3 3 3 3 3 2 3 1 3 3 3 3 2 3 3 3 3 3 3 3 3 3 3 3 3 3 2 2 3 3 3 3 3 2 3 3 3 3 3 3 3 3 3 3 3 2 1 3 3 3 3 3 3 3 3 3 3 2 3 3 3 2 3 3 2 3 3 3 3 3 3 3 1 2 3 2 3 3 3 3 3 3 3 3 3 3 3 3 3 3 3 3 3 2 3 3 3 3 3 3 3 3 3 3 1 3 2 3 3 3 3 3 3 3 3 3 3 3 3 3 2 3 3 3 3 2 3 3 3 3 3 3 3 3 2 1 3 3 3 3 3 1 3 3 3 3 3 1 3 3 2 3 3 3 3 1 3 3 3 3 3 3 3 3 3 3 3 3 3 3 3 3 3 3 3 3 3 3 3 2 3 3 2 3 3 3 3 3 3 1 3 1 3 3 3 3 3 3 3 3 3 3 3 3 3 3 3 3 3 3 3 3 3 3 3 3 3 3 3 1 2 3 3 2 3 3 3 3 3 3 3 3 3 3 2 3 3 1 3 3 3 2 3 3 3 3 3 3 3 3 3 1 3 3 3 3 3 3 3 3 3 2 3 3 1 3 1 3 3 2 3 3 3 3 3 1 3 3 3 3 1 3 3 3 3 3 3 1 3 3 3 3 3 3 3 3 3 3 3 3 3 2 3 3 2 3 3 3 3 3 3 3 3 3 3 3 3 3 3 1 3 3 3 2 3 3 3 3 3 3 3 3 3 2 3 3 3 3 1 2 3 3 3 3 2 3 3 3 3 3 3 3 3 3 3 2 3 3 3 3 3 3 3 3 3 2 3 3 3 3 3 3 3 3 3 3 3 3 3 2 3 3 3 3 3 3 3 2 2 3 3 3 3 3 3 2 3 2 3 2 3 3 3 3 3 3 3 3 3 3 3 2 3 3 3 3 3 3 3 3 1 2 3 3 3 3 3 3 3 3 3 3 3 3 3 3 3 3 3 3 3 3 3 3 3 2 3 3 3 3 3 3 3 3 3 3 3 3 3 3 3 3 3 3 3 3 3 3 3 3 2 3 3 3 2 1 1 3 3 1 3 3 3 3 3 3 3 3 3 1 3 3 3 3 3 3 3 3 3 3 3 3 3 2 2 3 3 2 3 3 3 
3 3 3 3 3 3 2 3 1 1 3 3 3 3 3 3 3 2 2 3 3 3 3 1 3 3 3 3 3 3 3 3 3 3 2 3 3 3 3 3 3 3 3 3 1 3 3 3 3 3 3 3 2 2 3 3 3 3 2 3 3 3 3 3 2 3 2 3 2 3 3 3 2 3 3 3 3 3 3 3 3 1 3 3 3 3 3 3 3 3 3 3 3 3 3 3 1 3 3 1 3 2 3 3 3 3 2 2 3 3 3 3 3 3 3 3 3 3 3 3 3 2 3 3 3 3 3 3 3 3 3 3 3 3 3 3 3 3 2 3 3 3 3 3 3 3 3 3 3 3 3 2 3 3 1 2 3 3 3 3 3 2 3 3 3 3 3 1 3 3 3 3 2 3 3 3 3 3 3 3 3 3 3 3 3 3 3 3 3 1 2 3 3 3 3 3 1 3 3 3 3 3 3 3 3 2 3 3 3 3 3 3 3 3 3 2 2 3 3 3 3 3 2 3 3 3 3 3 3 3 3 3 3 3 3 3 3 3 3 2 3 3 3 3 3 3 3 3 3 2 3 3 2 2 3 3 3 3 3 3 3 3 3 3 3 2 3 3 3 3 3 2 3 3 3 3 3 3 3 3 3 3 3 3 3 3 3 3 3 3 3 2 3 3 3 3 3 1 3 3 3 2 3 3 3 1 2 3 3 3 3 3 3 3 3 3 2 1 2 3 3 3 3 3 2 3 3 3 1 3 3 3 3 3 3 3 3 3 2 3 3 3 3 2 3 3 3 3 3 3 3 2 3 3 3 3 3 1 3 3 3 3 3 2 2 2 3 3 3 3 3 3 3 3 3 3 3 3 3 3 2 3 3 3 3 3 3 3 2 3 3 3 1 3 3 3 3 3 3 3 3 3 3 3 3 3 3 3 3 3 1 3 3 3 3 3 3 3 3 3 2 3 3 3 3 3 3 2 3 3 3 3 3 3 3 3 3 3 3 3 3 3 3 3 3 3 3 3 3 3 3 3 3 3 3 3 3 3 3 3 3 3 3 3 3 3 2 3 3 3 3 3 3 1 3 3 3 3 3 3 3 1 3 1 3 3 3 3 2 3 3 3 3 2 2 3 2 2 1 3 3 1 3 3 3 2 3 3 3 3 3 3 3 3 3 3 3 3 2 3 1 3 1 3 3 2 3 3 3 3 3 3 3 3 2 3 3 3 3 3 3 3 3 3 3 3 1 3 3 3 3 3 3 2 2 3 3 3 3 3 3 3 3 3 3 3 3 3 3 3 3 3 3 3 3 3 3 3 3 3 3 1 3 3 3 2 3 3 3 3 3 3 3 3 3 3 3 3 3 3 3 2 3 3 2 3 3 3 3 3 3 3 3 3 1 3 3 2 3 3 3 3 3 3 3 3 3 3 3 3 3 2 3 3 3 3 2 3 3 1 3 3 3 3 3 3 3 3 3 3 3 3 3 3 3 3 3 3 3 3 3 3 3 3 3 3 3 3 3 3 3 3 3 3 3 3 3 1 3 3 2 3 3 3 3 3 3 3 3 3 3 3 3 1 3 3 3 3 3 3 3 3 3 3 3 3 3 3 3 2 3 3 1 3 3 3 3 3 3 2 3 3 3 1 3 2 3 3 3 3 2 3 3 3 3 3 3 3 3 3 3 3 3 3 3 3 3 3 3 3 3 3 3 3 3 3 2 3 2 3 3 3 3 3 2 3 3 2 3 2 3 3 2 3 3 3 3 3 3 3 3 3 3 3 3 3 2 3 3 3 3 3 1 3 3 3 3 3 3 3 3 3 3 3 3 3 3 3 3 3 3 3 3 3 2 3 3 3 3 3 3 3 3 2 2 2 3 3 3 3 3 3 3 3 3 3 3 3 1 3 3 3 3 3 2 3 3 3 2 3 3 3 3 3 3 2 3 3 3 3 3 3 3 3 3 3 3 3 2 3 2 3 3 3 3 3 3 1 3 2 3 2 3 3 2 3 3 3 3 3 1 3 3 3 3 3 3 3 3 3 3 2 3 3 3 3 2 3 3 3 3 2 3 3 3 2 3 3 3 2 2 3 3 3 3 3 3 3 3 3 3 3 3 3 3 3 3 3 3 3 3 3 3 3 3 3 3 3 3 1 3 3 3 3 3 3 1 3 3 3 3 3 3 3 3 3 3 3 2 3 2 3 3 3 3 3 3 3 3 3 3 3 2 3 3 3 3 3 3 2 3 3 1 1 3 3 2 3 1 3 
3 3 3 3 1 3 3 3 3 3 1 3 3 3 3 3 3 3 3 3 3 3 3 3 3 3 3 3 3 3 3 2 3 3 3 3 3 3 3 3 2 1 3 3 3 3 3 3 3 3 3 3 3 3 3 2 3 2 3 3 3 3 3 3 3 3 3 1 3 2 3 3 3 2 3 3 3 2 3 2 2 3 3 3 3 3 3 1 3 3 3 3 3 3 3 3 3 3 3 3 3 3 1 3 2 3 3 3 3 3 3 3 2 3 3 3 3 3 3 2 3 3 3 3 2 3 3 3 3 3 3 3 3 3 2 2 3 3 3 3 3 3 1 3 3 3 3 1 3 3 3 3 3 1 3 3 3 2 3 3 3 3 3 3 3 3 3 3 3 3 3 3 3 3 3 3 1 2 3 3 3 3 3 3 3 3 3 3 3 3 3 3 3 1 2 3 3 3 3 2 3 3 3 3 3 3 3 2 3 3 3 1 3 3 3 3 3 3 3 3 3 3 3 3 3 3 3 3 3 3 3 3 3 3 3 3 3 3 3 3 3 3 3 3 3 3 3 3 3 3 3 3 3 3 3 3 3 3 3 2 3 3 3 3 3 3 3 3 3 3 3 3 3 2 3 3 3 3 3 3 3 3 3 3 3 3 2 3 3 3 3 3 3 3 3 3 3 3 3 3 3 3 2 3 3 3 3 3 2 3 3 3 2 3 3 3 3 3 3 3 3 3 3 3 3 3 2 3 3 3 3 1 3 2 3 3 3 3 3 3 3 3 3 3 3 3 3 2 3 3 3 3 2 3 3 3 3 3 3 3 3 2 3 3 3 3 3 3 3 3 3 3 3 3 2 3 3 3 3 3 3 3 3 3 3 3 3 3 3 3 2 2 3 3 3 3 3 3 3 3 3 3 2 1 2 3 3 2 1 3 3 3 3 3 3 1 1 3 3 3 3 3 3 3 3 3 3 3 3 3 3 3 2 3 3 2 3 3 3 3 3 3 2 3 3 3 3 3 2 3 3 2 3 2 2 3 3 3 3 3 3 3 3 3 3 3 3 3 3 1 3 3 3 3 1 3 3 3 3 1 3 3 2 3 3 3 3 1 3 3 3 3 2 3 3 3 3 3 3 3 3 3 3 3 3 3 3 1 3 3 3 3 3 3 3 3 3 3 3 3 3 3 3 3 3 3 3 3 3 3 3 3 2 1 3 3 3 3 3 3 2 3 3 3 3 3 3 3 3 3 3 3 3 3 3 3 3 3 2 3 3 3 3 3 3 2 3 3 1 1 3 3 3 3 3 3 3 3 2 3 3 3 3 2 2 3 3 3 2 3 3 3 3 3 3 3 3 1 3 3 2 3 3 3 3 3 3 2 3 3 3 3 3 3 3 3 3 3 2 3 2 3 2 3 3 3 3 1 3 3 3 3 3 3 3 3 3 3 3 3 1 3 3 2 3 2 3 3 3 3 3 3 3 3 2 3 3 3 2 2 3 3 3 3 1 3 3 3 3 3 3 3 2 3 3 3 1 3 3 3 3 3 2 3 3 1 3 2 3 3 3 3 3 3 3 2 3 3 3 3 3 3 3 3 3 3 2 3 3 3 1 2 3 3 3 3 2 3 3 3 3 2 3 3 3 3 3 3 3 3 3 3 3 3 3 3 3 3 3 3 3 3 3 3 3 3 3 1 3 3 3 3 3 3 3 3 3 3 3 3 3 3 3 3 3 2 3 3 3 3 3 3 3 3 1 3 3 2 3 3 3 3 3 3 3 3 3 3 1 3 3 2 3 3 3 3 3 3 3 3 3 3 2 3 3 2 2 3 3 3 3 2 3 3 3 3 3 3 3 3 1 1 3 3 3 3 3 3 3 3 3 3 3 3 3 3 3 3 3 2 3 2 3 3 3 2 3 1 3 3 3 3 1 3 3 3 3 2 1 3 3 3 3 3 3 3 2 3 3 2 3 3 2 2 2 3 3 3 3 3 3 3 3 3 3 1 3 3 3 3 3 2 3 3 3 3 3 3 3 3 3 3 3 3 3 3 3 3 3 3 3 3 2 2 3 3 2 3 3 3 3 3 3 3 3 3 3 3 3 3 3 3 3 3 3 3 3 3 3 3 3 3 2 3 3 3 3 2 2 3 3 1 2 3 3 3 3 3 2 3 3 3 3 3 3 3 3 3 3 3 3 2 3 3 3 1 3 3 3 2 3 3 3 3 2 3 3 3 3 3 3 1 3 3 3 3 3 3 3 3 
3 3 3 3 1 3 3 3 3 3 1 3 3 3 3 3 3 3 3 3 3 3 3 3 3 3 3 3 3 3 3 2 3 3 3 2 3 3 3 3 3 2 3 3 3 2 3 3 3 3 3 3 3 3 3 3 3 3 3 3 3 3 3 3 3 3 3 2 3 2 3 3 3 3 3 3 3 2 3 3 3 3 3 3 3 3 3 1 3 2 3 3 3 3 3 3 3 3 3 3 3 3 1 3 2 3 3 3 3 3 3 3 3 3 3 3 3 3 3 3 3 3 3 3 1 3 3 3 3 3 3 3 3 3 2 2 3 3 3 3 3 2 1 3 3 3 3 1 3 3 3 3 3 1 3 3 3 3 3 3 3 3 3 3 3 3 3 3 3 3 3 3 3 3 3 3 2 2 3 3 2 3 3 3 3 3 3 3 3 3 3 2 3 2 2 3 3 3 3 1 3 3 3 3 3 3 3 1 3 3 3 1 3 3 3 3 3 3 3 3 3 3 3 3 3 3 3 3 3 3 3 3 3 3 3 3 3 3 3 3 3 3 3 3 3 3 3 3 3 3 3 3 3 3 3 3 3 3 2 2 3 3 3 3 3 3 3 3 3 3 3 3 3 3 3 3 3 3 3 3 3 2 3 3 3 3 1 3 3 3 3 3 3 3 3 3 3 3 3 3 3 3 3 3 3 3 3 3 2 3 3 3 2 3 3 3 3 3 3 3 3 3 3 3 3 3 1 3 3 3 3 1 3 3 3 3 3 3 3 3 3 2 3 3 3 3 3 2 3 3 3 3 1 3 3 3 3 3 3 3 3 3 3 3 3 3 3 3 3 3 3 3 3 3 3 3 3 3 3 3 3 3 3 3 3 3 3 3 3 2 2 3 3 2 3 3 3 3 3 3 3 3 2 2 3 3 3 3 2 3 3 3 2 3 3 1 2 3 2 3 3 3 3 3 3 3 3 3 3 3 2 3 3 3 3 3 3 3 3 3 3 3 2 3 3 3 3 3 2 3 3 2 3 2 1 3 3 3 3 3 3 3 3 3 3 3 3 3 3 1 3 3 3 3 1 3 3 3 3 2 3 3 1 3 3 3 3 1 3 3 3 3 2 3 3 3 3 3 3 3 3 3 3 3 3 3 3 1 3 3 3 3 3 3 3 3 3 2 3 3 3 3 3 3 3 3 3 3 3 3 3 3 2 1 3 3 3 3 3 3 2 3 3 3 3 2 3 3 3 3 3 3 3 3 3 3 3 3 2 2 3 3 3 2 3 2 3 3 1 1 3 3 3 3 3 3 3 3 3 3 3 3 3 2 3 3 3 3 1 3 3 3 3 3 3 3 3 1 3 3 3 3 3 3 3 3 3 3 3 3 3 2 2 3 3 3 3 3 1 3 3 3 3 3 3 3 3 1 3 3 3 3 3 3 3 3 3 3 3 3 1 3 3 2 3 2 3 3 3 3 3 3 3 3 3 3 3 3 2 2 3 3 3 2 1 3 2 2 3 3 3 3 2 3 3 3 1 3 3 3 3 3 2 3 3 1 3 1 3 3 3 3 3 3 3 3 3 3 3 3 3 3 2 3 3 3 3 3 3 3 1 2 3 3 3 3 1 3 3 3 3 3 3 3 3 3 3 3 3 2 3 3 3 3 2 3 3 3 3 3 3 3 3 3 3 3 3 1 2 2 3 3 3 3 3 3 3 3 3 3 3 2 3 3 3 2 3 3 3 3 3 3 3 3 1 3 3 2 3 2 3 3 3 3 3 3 3 3 2 3 3 1 3 3 3 3 3 3 3 3 3 3 3 3 3 2 3 3 3 3 3 2 3 3 3 3 3 3 2 2 1 2 3 3 3 3 3 3 3 3 3 3 3 3 3 3 3 3 3 1 2 2 3 3 3 2 3 1 3 3 3 3 1 3 3 3 3 2 1 3 3 3 3 3 3 3 2 3 3 2 3 3 2 1 3 3 3 3 3 3 3 3 2 3 3 1 3 3 3 3 3 2 3 3 3 3 3 2 3 3 3 3 3 3 3 3 3 3 3 3 3 3 2 3 3 3 3 3 2 3 3 3 3 3 3 3 3 2 3 3 3 3 3 3 3 3 3 3 3 3 3 3 1 3 3 3 3 2 2 3 3 1 1 3 3 3 3 3 2 3 3 3 3 3 3 3 3 3 3 2 3 2 3 3 3 2 3 3 3 2 3 3 3 3 3 3 2 3 3 3 3 1 3 3 3 2 3 3 3 2 
3 3 3 3 3 3 3 3 3 3 3 3 3 3 3 3 3 3 3 3 3 3 3 3 3 1 3 2 2 3 3 3 3 3 3 3 3 3 3 3 3 3 3 3 3 3 3 1 3 3 3 3 3 3 2 3 3 3 3 3 3 2 3 3 3 3 3 3 3 3 3 3 3 3 3 2 3 2 3 3 3 3 3 3 3 3 3 3 3 3 3 3 3 3 3 3 3 3 3 3 3 3 3 2 3 3 3 3 3 3 3 3 3 3 3 2 2 3 2 3 3 3 3 3 3 3 3 3 1 2 3 3 3 2 3 3 3 3 3 3 3 3 3 1 3 3 3 3 1 3 2 3 3 3 3 3 3 3 3 3 3 3 1 3 2 3 3 3 3 3 2 3 3 3 3 3 3 3 3 3 3 3 3 2 3 3 3 3 2 3 3 2 3 3 3 3 3 1 3 2 3 3 3 3 3 3 3 3 3 3 3 3 3 3 3 3 3 1 3 3 3 3 3 3 3 3 3 3 3 3 3 3 3 3 3 3 3 3 2 3 3 1 2 3 3 3 3 3 3 3 3 3 3 3 3 2 3 3 2 3 3 3 3 3 3 3 3 3 3 3 2 3 3 3 3 3 3 1 2 3 3 3 3 3 3 3 3 3 3 1 3 3 3 3 3 3 3 3 3 3 3 3 3 3 3 3 3 2 3 3 1 2 3 3 3 3 3 3 3 3 2 3 3 1 3 3 3 3 3 3 3 3 3 3 3 3 3 3 3 3 3 3 3 3 3 3 3 3 3 2 3 3 3 3 3 3 1 3 3 3 3 3 3 3 3 3 3 3 2 1 3 3 3 3 3 3 1 3 3 3 3 3 1 2 3 3 3 3 3 2 3 3 3 3 3 2 3 3 3 3 3 3 3 3 3 3 3 3 3 1 3 3 3 2 3 3 3 3 3 3 3 3 3 3 3 3 3 3 3 3 3 1 3 3 3 3 3 3 3 3 3 3 3 3 3 3 3 2 3 3 3 2 2 2 3 2 3 3 3 3 3 3 3 1 3 3 3 3 3 3 3 3 3 3 3 3 3 2 3 3 2 3 3 3 3 3 2 3 3 3 3 2 3 3 3 3 3 3 3 3 1 3 3 3 3 3 3 3 2 3 3 2 3 3 3 3 3 3 3 1 3 1 3 3 3 3 3 3 3 3 3 3 3 3 3 3 1 3 2 3 3 3 1 3 3 3 3 2 3 3 3 3 3 3 3 3 3 2 3 3 2 3 3 3 3 3 3 1 3 3 3 3 3 3 3 3 3 3 3 3 3 3 3 3 3 3 3 3 3 3 3 3 3 3 2 3 3 3 3 2 3 3 3 2 3 2 3 3 3 3 3 2 3 3 3 3 3 3 3 1 3 3 3 3 3 3 2 3 3 2 3 3 1 3 3 3 3 3 3 3 3 3 1 3 3 3 2 3 3 3 3 3 2 2 3 2 3 2 3 3 3 2 3 3 3 3 3 3 3 3 3 3 3 3 1 3 3 3 3 3 3 3 3 3 2 3 3 3 3 2 1 3 1 3 2 3 3 3 2 3 2 3 3 3 2 3 3 3 3 3 3 3 3 3 3 3 3 2 3 3 3 3 2 3 3 3 3 3 3 2 3 2 3 1 2 3 3 3 3 3 3 3 3 3 2 3 2 3 3 2 3 3 3 3 3 3 3 3 3 2 1 2 3 3 3 3 3 3 3 3 3 2 3 2 3 3 3 3 3 3 3 3 3 3 3 3 3 2 3 3 3 3 3 3 3 3 3 2 2 3 3 3 3 2 3 3 3 3 3 2 1 3 3 3 3 3 3 3 3 3 3 3 3 3 3 3 2 3 3 3 3 1 3 3 3 3 3 3 3 3 3 3 1 3 3 3 3 3 3 3 3 3 3 3 3 3 3 3 3 3 3 3 3 3 3 3 3 3 3 3 3 3 3 3 3 2 3 3 3 3 3 3 3 3 3 3 3 3 3 3 3 3 3 3 3 3 3 2 3 3 3 3 3 1 3 2 3 3 3 3 3 3 3 3 3 3 3 1 3 3 3 2 3 3 3 3 2 3 2 3 3 3 3 3 3 2 2 3 2 3 3 3 3 3 2 3 3 3 3 3 3 3 3 3 3 3 3 3 3 3 1 2 2 3 3 3 3 3 3 3 3 3 3 3 3 3 3 3 3 3 3 3 3 3 3 2 3 3 3 3 2 3 3 3 3 3 3 1 3 3 
3 3 3 2 3 3 3 3 3 3 3 2 2 3 3 3 3 3 2 3 3 3 3 3 3 3 3 3 3 1 3 3 3 2 3 3 2 3 3 2 3 3 3 1 3 3 3 3 3 3 2 3 3 3 3 3 3 3 3 3 3 3 1 3 3 2 3 3 3 3 2 3 3 3 2 3 3 3 3 3 3 3 3 3 3 2 3 3 3 3 2 3 1 3 3 3 3 3 3 3 1 2 3 3 3 3 3 3 3 3 3 3 3 3 3 3 3 2 3 3 3 3 3 3 3 3 3 3 3 3 1 1 2 3 3 3 2 3 3 3 3 3 3 3 2 3 3 3 3 3 3 3 2 3 3 3 3 3 3 3 3 3 3 1 3 3 3 3 3 3 3 3 3 3 3 1 3 3 2 3 3 3 2 3 2 3 2 3 3 3 3 3 3 3 3 1 3 3 3 3 1 3 2 3 2 3 2 3 1 3 3 3 3 3 3 3 3 3 3 3 3 2 3 3 3 3 3 1 2 3 3 3 2 3 2 2 3 1 3 3 3 3 3 3 3 3 2 3 3 3 3 3 3 3 3 3 1 3 3 3 3 3 3 3 3 3 3 3 3 3 3 3 1 3 1 3 2 3 3 1 3 3 1 3 3 2 3 3 3 3 3 3 3 3 3 1 3 3 3 3 3 3 3 3 3 3 3 3 3 3 3 3 3 3 3 3 3 3 3 3 3 3 3 3 3 3 3 3 3 3 3 3 3 3 3 3 3 3 3 3 3 3 3 3 2 1 3 3 2 3 2 3 3 2 3 3 3 3 3 3 3 3 3 3 3 3 1 3 3 3 2 2 3 2 3 3 3 3 3 3 3 1 3 3 1 3 3 3 2 3 3 3 3 3 2 3 3 3 3 3 2 2 3 3 3 3 3 3 3 3 3 3 3 3 3 3 3 3 3 3 3 3 3 3 3 3 3 3 3 3 3 3 3 3 3 3 2 3 2 3 1 3 3 3 3 3 1 3 3 3 3 3 3 3 3 3 3 2 3 1 1 3 3 3 3 2 3 3 3 3 2 3 3 3 3 3 3 3 3 3 3 3 3 3 3 3 3 3 3 1 3 3 3 3 3 3 3 3 3 3 3 3 3 3 3 3 3 3 3 2 3 3 3 3 2 3 3 3 2 3 3 3 3 2 3 3 3 1 2 3 2 3 3 3 3 3 3 3 3 3 3 3 3 3 3 3 3 3 2 3 3 3 3 3 3 3 3 3 3 3 3 3 3 3 3 3 2 3 3 3 2 3 3 3 2 3 3 3 3 3 3 3 3 3 3 3 1 3 3 3 3 3 3 3 3 3 3 3 2 3 3 3 3 3 3 3 3 3 2 3 3 3 3 3 3 3 3 3 3 3 3 3 3 3 3 3 3 3 1 3 3 3 3 2 2 1 3 3 1 3 3 3 3 3 3 3 3 3 2 3 3 3 3 3 3 3 3 3 3 3 3 3 3 3 3 3 3 3 2 3 3 3 3 1 3 3 3 3 3 3 3 3 3 3 3 3 1 3 1 3 3 3 3 3 3 3 3 3 3 3 3 1 3 3 3 3 3 3 3 3 3 3 3 3 3 2 3 3 3 3 3 3 3 3 3 3 3 3 3 3 3 3 3 3 3 3 2 3 3 3 3 3 3 3 3 3 3 3 3 3 3 2 1 3 3 3 2 2 3 3 3 3 3 3 3 3 3 3 3 3 2 3 3 3 3 2 3 3 3 3 3 3 3 3 3 3 3 3 3 2 2 3 3 3 3 3 3 3 3 2 3 3 3 3 3 3 3 3 3 3 3 3 3 1 3 3 3 3 3 3 3 3 3 3 3 3 3 3 2 3 2 3 3 3 2 3 3 3 3 3 3 3 3 3 3 3 3 3 2 3 3 3 3 3 3 3 3 3 3 3 3 1 3 3 3 3 3 3 3 3 3 3 3 3 3 3 2 3 3 2 3 2 3 2 3 3 3 3 2 3 3 3 3 3 3 3 3 3 2 3 3 2 3 3 3 3 3 3 2 3 3 2 3 3 3 3 3 3 3 3 3 3 2 3 2 2 3 3 3 2 2 3 2 2 3 3 3 3 3 3 1 3 3 3 3 3 2 3 3 3 3 3 3 3 3 3 3 1 3 3 3 3 3 3 3 3 3 3 3 3 3 3 3 3 2 3 3 2 3 3 2 3 3 3 3 3 3 3 3 3 3 3 3 3 3 3 3 3 3 3 
3 2 3 3 3 2 3 3 3 3 3 3 3 1 3 3 3 3 3 3 3 1 2 3 3 3 3 2 3 3 1 2 2 3 3 3 3 3 3 3 2 3 3 3 3 3 3 3 3 3 3 3 3 3 2 2 3 3 3 3 2 3 3 2 3 3 3 3 3 3 3 3 3 2 3 3 1 3 3 2 3 3 3 3 3 3 2 3 3 3 3 3 3 3 3 1 3 3 3 3 3 3 3 3 3 3 3 3 2 3 3 2 2 3 3 3 3 3 3 2 2 3 1 3 3 3 3 3 3 3 3 3 3 3 2 3 3 3 3 3 3 3 3 3 3 3 3 3 3 3 3 3 3 3 3 3 2 3 3 3 2 3 3 3 3 3 2 3 1 3 3 3 3 3 2 3 3 3 3 3 3 3 3 3 3 3 3 3 3 3 3 3 3 3 2 3 3 3 3 3 3 3 3 2 3 3 3 3 3 3 3 3 2 3 3 3 3 3 2 2 3 3 3 3 2 2 3 3 3 3 3 3 3 3 3 3 3 3 3 3 1 3 3 3 3 3 3 2 2 3 3 1 3 3 3 3 3 2 3 2 3 3 2 3 1 3 2 3 3 3 3 3 3 2 3 2 3 3 3 3 3 3 3 3 3 3 3 3 3 3 3 3 3 3 1 3 3 3 3 2 3 3 3 3 3 3 3 3 3 3 3 3 3 3 3 3 3 3 3 3 3 3 3 3 3 2 3 3 3 3 3 3 3 3 3 3 1 2 3 3 3 3 3 3 3 3 3 3 3 3 3 3 3 3 3 1 3 3 3 2 3 3 3 3 3 3 3 2 3 3 3 3 2 3 3 3 3 3 2 3 3 3 3 3 3 3 3 2 3 3 3 3 3 3 3 3 1 3 2 3 3 3 3 3 3 3 3 2 3 3 3 3 3 3 3 3 3 2 3 3 3 3 3 1 2 3 3 3 3 3 3 3 3 2 3 2 3 2 3 3 3 3 3 3 3 3 3 3 2 3 3 3 3 3 3 3 3 3 3 3 3 1 3 3 3 3 3 1 1 3 3 3 2 3 3 2 1 3 2 3 3 3 3 3 3 3 3 3 3 3 3 3 3 3 3 2 3 3 3 2 3 3 2 3 3 3 2 3 3 3 3 3 3 1 3 3 3 3 3 3 3 3 3 3 3 3 2 3 3 3 3 3 3 3 3 3 3 3 3 3 2 3 3 3 3 3 3 3 3 3 3 3 3 3 3 3 2 3 3 3 3 3 3 3 3 3 3 3 3 3 3 3 1 1 3 3 3 3 3 3 1 3 3 3 3 3 3 3 3 1 3 3 3 3 3 3 2 3 3 3 3 3 2 3 3 3 3 3 3 3 1 3 3 3 3 3 3 3 3 3 3 3 2 3 3 3 3 3 3 2 3 3 3 3 3 3 3 1 3 3 3 2 3 3 3 3 3 3 3 1 3 3 3 3 3 3 3 2 3 3 1 3 1 3 3 2 3 3 3 3 3 3 3 3 3 3 3 3 3 3 3 3 3 2 3 3 3 3 3 3 3 3 3 3 3 2 3 3 3 1 3 3 3 3 3 3 3 2 3 3 3 2 3 3 3 3 3 2 3 3 1 3 3 3 3 3 3 3 2 3 3 3 3 3 3 3 3 2 3 3 3 3 3 3 3 3 3 3 3 3 3 3 3 3 3 3 3 3 3 3 3 3 3 3 3 3 3 3 3 3 3 3 3 3 3 3 3 3 2 3 3 1 2 3 3 3 3 3 3 3 3 3 3 3 1 1 3 3 3 3 3 3 3 3 3 3 3 3 3 3 3 3 3 3 3 1 3 3 3 2 3 3 3 3 3 3 3 3 3 3 3 3 1 3 3 3 1 2 3 3 3 3 3 3 3 3 2 3 3 3 2 3 3 3 3 3 3 3 3 3 2 3 3 1 2 1 3 2 3 3 3 3 3 3 3 3 3 3 1 3 3 3 3 3 3 3 3 2 3 3 3 3 2 1 3 3 3 3 3 3 3 3 3 3 3 3 3 3 3 3 3 3 2 3 3 3 3 3 2 3 3 2 3 3 3 3 3 3 2 3 3 3 3 3 3 3 3 2 3 3 3 3 3 3 3 3 3 2 3 3 3 3 3 3 2 3 3 3 3 3 3 3 3 3 3 3 2 3 3 3 3 3 2 3 3 3 3 3 3 3 3 3 3 3 3 3 3 3 3 3 3 3 3 3 2 3 3 3 3 3 
3 3 3 3 3 3 3 1 3 3 2 2 3 3 2 3 2 3 3 3 3 3 3 3 3 3 2 3 3 3 3 3 3 3 3 3 3 3 3 3 2 1 3 3 3 3 3 3 3 2 3 3 3 3 3 3 3 1 3 1 2 3 3 3 3 3 3 2 3 1 3 3 3 2 3 3 3 3 3 3 1 3 3 3 3 3 3 3 3 3 3 3 3 3 3 3 3 3 3 3 3 3 2 3 2 3 3 3 3 3 2 2 3 3 2 3 3 3 3 3 3 3 3 3 3 3 2 2 3 3 3 3 3 3 3 3 3 3 3 3 3 3 3 3 3 3 3 2 3 3 3 3 3 3 3 3 3 2 3 3 3 3 3 3 3 3 3 3 3 3 3 3 3 2 3 3 2 3 3 3 3 3 2 3 3 3 3 3 3 3 3 3 3 1 3 3 3 3 3 3 3 3 3 3 3 3 3 3 3 3 3 2 3 3 3 3 3 3 3 3 3 3 3 3 3 3 2 3 3 3 3 3 3 3 3 3 3 3 3 3 3 3 3 3 3 3 3 3 3 3 3 3 3 3 3 3 3 3 3 3 2 3 3 3 3 3 2 3 3 2 3 3 3 3 3 3 2 3 3 3 3 3 3 3 3 3 3 3 3 3 3 3 3 3 3 3 3 3 3 3 3 3 1 3 3 3 3 3 2 3 3 3 3 3 3 3 3 3 3 3 3 3 3 3 3 3 3 3 3 3 3 3 3 1 3 3 3 3 3 3 3 3 2 3 3 3 3 1 3 3 2 3 3 3 2 3 3 3 3 2 3 2 3 3 3 3 3 3 3 3 3 3 2 3 1 3 3 3 2 3 3 3 3 3 3 2 3 3 3 3 3 2 3 3 3 3 3 3 3 3 3 3 1 1 1 3 3 2 2 3 3 1 2 3 3 2 3 3 3 2 3 3 3 3 3 1 2 3 3 2 3 3 1 3 3 3 3 2 3 1 3 2 3 2 1 3 3 3 3 3 3 3 3 3 3 3 3 3 3 3 3 3 3 3 3 3 3 3 3 2 3 3 3 3 2 3 3 3 3 1 3 3 3 3 2 3 3 2 3 3 3 3 3 3 3 3 3 3 3 3 3 3 3 3 3 3 3 3 3 3 3 3 3 3 3 3 3 3 3 3 3 3 3 3 3 3 3 3 2 3 3 3 2 2 3 3 3 3 3 3 3 3 3 2 3 2 3 3 3 3 3 2 3 3 3 3 3 3 2 3 3 3 3 3 3 3 3 3 3 3 3 3 3 3 3 3 3 3 1 2 3 3 3 2 2 3 3 3 3 3 3 3 3 3 3 3 3 1 3 3 2 3 3 3 3 3 3 1 3 3 3 3 3 3 3 3 3 3 3 3 2 3 3 3 3 3 3 2 3 3 3 3 3 3 3 3 3 3 3 3 3 3 3 3 3 2 3 3 3 3 3 3 3 3 2 3 3 3 1 2 3 3 3 3 2 3 3 3 3 3 2 3 1 3 3 3 3 3 3 2 3 3 3 2 3 2 3 3 3 3 3 3 3 3 3 3 3 3 3 3 3 3 3 3 3 3 1 3 3 3 3 3 3 1 2 3 3 3 3 3 3 1 3 3 3 3 3 3 2 3 3 3 3 3 3 3 3 3 3 3 3 2 3 3 3 2 3 1 3 3 3 3 3 3 3 3 3 3 3 3 3 3 3 3 3 2 3 3 1 3 3 3 3 3 3 2 3 3 3 3 2 3 3 3 3 3 3 3 1 2 3 3 3 3 3 3 3 3 3 3 2 3 1 3 3 3 1 3 3 3 3 3 3 3 3 3 3 2 3 3 2 2 3 3 3 3 3 3 3 2 3 3 3 3 3 3 3 3 3 3 2 1 3 3 3 3 3 2 3 2 3 3 3 3 3 3 3 3 3 3 3 3 3 3 2 3 1 3 3 3 3 3 3 3 3 3 3 3 3 3 2 3 3 3 3 2 3 3 3 3 3 3 3 3 3 3 3 3 3 2 3 3 1 3 3 3 3 3 3 3 3 3 3 2 3 3 1 3 3 3 3 3 3 3 3 3 3 2 3 3 3 2 3 3 3 3 3 2 3 3 3 3 3 3 3 3 3 3 3 3 3 2 3 3 3 1 3 3 2 3 3 3 3 3 3 3 3 3 3 3 3 2 3 3 3 1 3 3 3 3 3 3 3 1 1 3 3 3 3 3 3 3 3 3 3 3 3 3 3 3 
3 3 2 3 3 3 3 3 3 3 3 3 3 3 3 3 3 3 3 3 2 3 3 3 3 2 3 3 2 3 3 3 3 3 3 3 3 3 3 3 3 3 2 3 3 3 2 2 1 3 3 3 3 3 3 3 3 3 2 3 3 1 3 3 3 3 3 3 2 3 3 1 3 3 3 2 3 3 3 3 3 3 3 1 3 3 3 3 3 3 3 2 3 3 3 3 3 3 3 3 3 3 3 3 3 1 3 3 3 2 3 3 3 3 3 3 3 3 3 3 3 3 3 3 3 3 3 3 3 3 3 3 3 1 3 3 3 3 3 3 3 3 3 2 3 2 3 3 3 3 3 3 3 3 3 3 3 3 3 3 3 3 2 3 3 3 3 3 3 3 3 3 3 3 3 3 3 3 3 3 3 3 3 2 3 2 3 1 3 3 3 2 3 3 3 3 3 3 3 3 3 3 3 3 3 3 3 3 3 3 3 3 3 3 3 3 2 2 3 3 3 3 2 3 3 3 3 3 3 2 3 3 3 2 3 3 3 3 3 3 3 3 3 1 3 3 3 3 3 3 1 3 3 3 3 1 3 3 3 3 3 2 3 3 3 3 3 2 3 3 2 3 3 3 3 3 3 2 3 3 3 2 3 3 3 3 3 2 2 3 3 3 3 3 3 3 3 3 3 3 2 3 3 3 3 3 3 3 3 2 1 3 3 3 2 3 3 3 3 3 3 3 3 1 3 3 3 3 3 2 3 3 3 3 3 2 3 3 3 3 3 3 3 3 3 3 2 3 3 1 3 3 3 3 3 3 3 3 3 3 2 3 3 3 3 3 3 3 1 1 3 3 3 3 3 2 3 2 3 2 3 3 2 3 3 3 2 3 3 2 3 3 3 3 3 3 3 3 3 3 3 3 3 3 3 3 3 3 3 2 3 3 3 1 3 3 3 3 3 3 3 3 3 3 3 3 3 2 3 3 3 3 3 3 3 3 3 3 3 3 3 3 3 3 3 3 3 1 3 3 3 3 1 3 3 2 3 3 1 3 3 3 3 1 3 3 3 3 3 3 3 3 3 3 3 3 3 1 3 3 3 3 3 3 3 3 1 3 3 3 2 1 3 3 3 3 3 3 3 3 2 3 3 3 2 3 3 3 3 3 3 3 3 3 3 3 2 3 3 2 3 2 3 3 3 3 3 3 3 3 3 3 3 3 3 3 2 3 1 3 3 3 2 3 3 3 3 2 3 3 3 3 3 3 3 3 3 1 3 3 1 3 3 3 2 3 3 3 3 3 3 2 3 3 3 1 3 3 3 3 3 3 2 3 3 2 3 3 3 3 3 2 3 3 1 2 3 3 3 1 3 3 3 1 3 3 3 3 3 3 3 3 3 3 3 3 3 3 3 2 3 3 3 3 3 3 1 3 3 3 3 3 2 3 3 3 3 3 3 3 3 3 2 3 3 3 3 3 3 3 3 2 1 1 3 1 3 3 3 3 3 1 3 3 3 3 3 3 3 3 3 2 3 3 2 3 3 3 3 3 3 3 3 3 1 3 3 3 3 1 3 3 3 3 2 3 2 3 1 3 2 3 3 3 3 3 3 3 3 3 3 3 3 3 3 3 3 3 3 3 3 3 3 3 3 3 3 3 3 3 2 2 3 2 3 3 3 3 3 3 3 3 3 1 1 3 3 3 3 3 2 3 3 3 3 3 3 3 3 3 3 3 3 3 3 3 3 3 3 3 3 3 3 3 3 3 3 3 3 3 3 3 3 3 3 3 3 1 3 3 3 3 3 2 3 3 3 3 3 3 3 1 3 3 1 3 3 3 3 2 2 3 3 3 3 3 3 3 3 3 3 3 2 3 2 3 2 3 3 3 3 3 3 2 3 2 3 3 3 3 3 3 2 2 3 3 3 3 3 3 3 3 3 3 2 3 3 3 3 3 3 3 1 3 3 3 3 3 3 3 3 1 3 3 3 3 3 3 3 3 3 3 3 3 3 3 3 3 3 3 3 3 3 3 3 3 2 2 3 3 3 3 3 2 3 3 3 2 3 3 3 3 3 3 3 3 3 2 3 3 3 3 3 3 3 3 3 3 3 3 3 3 3 3 2 3 1 3 3 3 3 3 3 3 3 2 3 3 3 3 2 3 3 3 3 3 3 3 3 2 2 3 2 3 3 3 3 2 3 2 3 3 3 3 3 3 3 3 3 3 3 3 3 3 3 1 3 3 3 3 2 3 3 3 3 2 3 3 3 3 
3 2 3 3 3 3 3 1 3 3 3 3 3 2 3 3 2 3 3 3 3 2 3 3 3 3 2 3 3 3 2 3 2 3 3 3 3 3 3 3 3 2 3 3 3 3 3 3 3 2 3 3 3 3 3 3 3 1 3 1 1 3 3 2 3 3 3 3 3 2 3 3 3 2 3 3 3 3 3 3 2 3 3 3 3 3 1 3 3 3 3 3 3 3 2 2 3 3 3 3 3 3 3 3 3 3 3 3 3 3 1 2 3 3 2 3 3 3 3 3 3 3 2 3 3 3 2 3 3 3 3 3 3 3 3 3 3 3 3 3 3 3 3 3 3 3 3 3 3 3 3 3 3 3 3 3 3 2 3 3 3 3 3 3 3 3 3 3 2 3 3 3 3 3 3 3 3 3 3 3 3 3 3 3 3 3 3 3 3 3 3 3 3 2 3 3 3 3 3 3 3 3 3 3 3 3 3 3 3 3 3 3 2 3 3 3 3 3 3 3 3 3 3 3 2 3 3 3 3 3 3 3 3 3 3 3 3 3 3 3 2 3 3 3 3 3 3 2 3 3 3 2 3 3 3 3 3 3 3 3 2 3 3 3 2 3 1 3 3 2 3 3 3 3 3 3 3 3 3 3 3 3 3 3 2 3 3 3 3 3 3 3 3 3 2 3 3 3 3 3 3 3 1 3 3 3 3 3 3 3 3 3 3 3 3 3 3 3 3 3 3 3 3 3 3 3 3 3 3 3 3 3 3 1 3 3 2 3 3 3 2 3 3 3 3 3 3 2 3 3 3 3 3 3 2 2 3 3 3 2 3 2 1 3 3 3 3 1 3 3 3 3 1 3 1 3 3 3 1 3 3 3 3 3 3 1 3 2 3 3 3 2 3 3 3 3 2 3 2 3 3 3 2 2 1 2 3 3 2 3 3 1 3 3 3 3 3 1 3 3 3 3 3 2 3 1 3 3 3 3 3 3 1 3 3 3 3 1 3 1 3 1 3 3 2 3 3 3 3 3 3 3 3 3 3 3 3 3 3 3 3 3 3 3 3 3 3 3 2 3 3 3 3 3 3 3 2 3 3 2 3 3 3 3 2 3 3 3 3 3 3 3 3 3 3 3 3 3 3 2 3 3 3 3 3 3 2 3 3 3 3 3 3 2 3 3 3 3 3 3 3 3 3 3 3 3 3 3 3 3 3 3 3 3 3 3 3 3 3 3 3 3 3 3 3 3 3 3 3 3 3 3 3 3 3 3 3 3 2 3 3 3 3 3 3 3 3 3 3 3 3 3 2 3 3 3 3 3 2 3 2 3 3 3 3 3 3 3 3 2 3 3 3 3 3 3 3 2 3 3 3 3 3 3 3 3 3 2 3 3 2 3 3 3 3 3 3 3 3 3 1 3 3 3 3 3 3 3 3 3 3 3 3 3 3 3 3 2 3 3 3 2 3 3 3 3 3 3 3 2 3 3 3 3 2 3 3 3 2 3 2 3 3 3 3 2 3 3 3 3 3 3 2 3 3 3 3 3 3 3 3 3 3 1 3 3 3 3 3 3 3 3 3 3 3 3 3 3 3 2 3 3 3 3 3 3 1 3 3 3 3 3 3 1 1 3 3 3 3 3 2 3 3 3 3 3 3 2 1 3 3 3 3 3 3 3 3 3 3 3 3 3 3 3 3 2 3 2 3 3 3 3 3 3 3 3 3 3 3 3 3 3 3 3 3 3 3 3 2 3 3 3 3 3 3 3 3 3 3 3 1 2 3 3 3 3 3 3 2 3 3 3 3 3 2 2 3 3 3 3 3 3 1 3 3 3 2 3 3 3 3 3 3 3 3 2 3 1 3 3 3 3 3 3 3 3 3 3 3 1 3 3 2 3 3 3 2 3 3 3 3 2 3 3 3 3 2 3 3 2 2 3 3 3 3 3 3 3 3 3 3 3 3 2 1 3 1 3 3 3 3 3 3 3 3 3 3 3 3 3 2 3 3 3 3 3 3 3 3 3 3 3 2 3 3 3 3 3 3 1 3 3 1 3 3 3 3 3 3 3 3 3 3 3 2 3 2 3 3 3 3 3 3 3 3 3 3 3 3 3 3 3 3 3 3 3 3 1 3 3 3 3 3 3 3 3 3 3 3 3 3 3 3 3 1 2 3 3 3 3 3 3 3 3 3 3 3 3 3 3 3 3 2 3 3 2 3 3 3 3 3 3 3 2 1 3 3 3 3 3 3 3 3 3 2 3 3 3 3 3 
3 3 3 1 3 3 3 3 3 3 3 1 2 3 2 3 1 3 3 3 3 3 3 3 3 3 2 3 3 3 3 3 2 1 3 3 3 3 3 3 3 3 3 2 3 3 3 3 3 2 2 3 3 3 3 3 3 3 3 3 3 3 1 3 3 2 3 3 3 3 3 3 3 3 3 3 3 3 3 3 2 3 3 3 3 3 3 3 3 3 3 3 1 3 3 3 3 3 3 3 3 3 3 3 3 3 3 3 3 3 2 3 3 3 1 3 3 1 3 3 3 3 3 3 3 2 2 2 3 3 2 1 2 3 3 3 3 3 3 3 3 3 3 3 2 3 3 3 3 3 3 3 3 3 3 3 3 3 3 3 3 3 3 3 3 3 3 3 3 3 3 3 3 1 3 3 3 3 3 3 3 3 1 3 1 3 3 3 3 3 3 3 3 3 3 1 3 3 3 3 1 3 3 3 3 3 1 3 2 3 3 3 3 3 3 3 3 3 3 3 3 3 3 3 3 3 1 1 3 3 3 3 3 3 3 1 3 2 3 3 3 3 3 3 3 2 1 3 3 3 3 3 3 3 3 3 3 3 3 3 2 3 3 3 3 3 3 3 3 2 3 3 3 3 1 3 1 3 3 2 2 3 3 2 3 1 3 3 3 3 3 3 3 3 3 2 3 3 3 3 3 3 3 2 3 3 3 3 3 3 3 3 3 3 3 3 3 3 3 2 3 3 3 3 3 3 3 3 3 3 2 3 3 3 3 3 3 3 3 3 2 3 2 3 1 2 3 3 3 3 1 3 3 3 2 3 3 3 3 3 3 3 2 3 3 3 1 3 3 3 1 1 3 3 3 3 3 3 3 3 3 2 3 3 3 2 3 3 3 3 3 3 3 3 3 3 3 3 3 3 2 3 3 3 2 2 3 3 3 3 3 3 2 3 3 3 3 3 3 3 3 3 3 3 3 3 2 3 3 2 3 3 3 3 3 3 3 3 3 3 3 2 3 1 2 3 2 3 3 3 3 3 3 3 3 3 3 3 3 3 2 3 3 3 3 3 3 3 3 3 1 3 3 3 3 3 3 3 3 3 3 3 3 3 2 3 3 3 3 3 3 3 3 3 3 3 3 3 3 3 3 3 3 2 3 3 3 3 3 3 3 3 2 3 3 3 3 3 3 3 3 3 3 2 2 3 3 2 1 3 3 3 3 3 3 3 3 2 3 3 3 3 3 2 3 2 3 3 3 3 3 2 3 3 3 3 3 3 3 3 3 3 3 3 3 3 3 3 3 3 3 3 3 3 2 3 3 3 2 1 3 3 3 3 3 3 1 3 3 3 3 3 3 3 3 3 3 3 3 3 3 3 3 3 3 3 3 3 3 3 3 3 3 3 3 2 3 3 3 3 3 3 3 3 3 2 3 3 1 3 3 3 3 3 3 2 3 3 1 3 3 3 3 3 3 3 3 3 3 3 2 3 3 3 3 3 3 3 3 3 3 3 3 3 3 3 3 3 3 3 2 3 3 2 3 2 3 3 3 1 3 3 3 3 3 3 2 3 3 3 3 2 3 3 3 3 3 2 3 3 3 2 3 3 3 3 3 3 3 3 3 3 3 3 3 2 3 3 2 3 3 3 3 3 2 3 3 2 3 3 3 3 3 3 3 3 1 3 1 2 3 1 3 3 3 2 3 3 3 3 3 2 1 3 3 3 3 3 3 3 3 3 3 3 3 3 2 3 2 3 3 3 3 3 3 1 3 3 3 3 2 3 3 2 3 3 3 3 3 1 3 3 3 3 3 3 3 3 3 1 2 3 3 3 3 3 3 3 3 3 3 3 3 2 3 3 3 3 3 3 3 3 3 3 3 3 3 3 3 3 2 3 3 3 2 3 3 3 3 3 3 3 3 3 3 3 3 3 3 2 3 3 3 3 3 3 3 3 3 2 3 1 3 3 3 3 3 3 3 3 3 3 3 3 3 3 3 3 3 3 1 3 3 3 3 3 3 3 3 3 3 3 3 3 3 3 3 3 1 2 3 3 3 3 3 3 3 3 3 3 3 3 3 3 2 3 3 3 3 3 3 3 3 2 3 1 3 2 3 3 3 2 2 2 3 3 3 3 3 3 2 3 3 3 3 3 3 3 3 3 3 3 3 2 3 2 3 1 3 3 3 3 3 3 3 3 3 3 3 3 3 2 3 3 2 3 2 2 3 3 3 3 3 2 3 3 3 3 3 3 3 3 3 3 3 3 3 3 3 3 
3 3 3 3 3 3 2 3 1 1 3 3 3 3 3 3 3 1 2 3 3 3 3 2 2 3 3 3 3 3 3 3 3 3 3 3 3 3 2 3 3 3 3 3 1 3 3 3 3 3 3 3 2 2 3 3 3 3 2 3 3 3 3 3 1 3 2 3 3 3 3 3 3 3 3 3 3 3 3 3 3 1 3 3 3 3 3 3 3 3 3 3 3 3 3 3 2 3 3 1 3 3 3 3 3 3 3 3 3 3 3 3 3 3 3 3 3 3 3 3 3 2 3 3 3 3 3 3 3 3 3 3 3 3 3 3 3 3 2 3 3 3 3 3 3 3 3 3 3 3 3 1 3 3 2 2 3 3 3 3 3 2 3 3 3 3 3 1 3 3 3 1 2 3 3 3 3 3 2 3 3 3 3 3 3 3 3 3 3 2 1 3 3 3 3 3 1 3 3 3 3 3 3 3 3 1 3 3 3 3 3 3 3 3 3 2 3 3 3 3 3 3 3 3 3 2 3 3 3 3 3 3 3 3 2 3 3 3 3 2 3 3 3 3 3 3 3 3 3 2 3 3 1 2 3 3 3 3 3 3 3 3 3 2 3 1 3 3 3 3 3 2 3 3 3 3 3 3 3 3 3 3 3 3 3 3 3 3 3 3 2 2 2 1 3 3 3 1 3 3 3 3 3 3 3 2 2 3 3 3 3 3 3 3 3 3 2 1 3 3 3 3 3 3 2 3 3 3 2 3 3 3 3 3 3 3 3 3 2 3 3 3 3 3 3 3 3 3 3 3 3 3 3 3 3 3 3 1 3 3 3 3 3 1 2 1 3 3 3 3 3 3 3 2 3 3 3 3 3 3 3 3 3 3 3 3 3 3 2 3 3 3 1 3 3 3 3 3 3 3 3 2 3 3 3 3 3 3 3 3 2 3 3 3 3 3 3 3 3 3 3 3 3 3 3 3 3 2 3 3 3 3 3 3 3 3 3 3 2 3 3 3 3 3 3 3 3 3 3 3 3 3 3 3 3 3 1 3 3 3 3 3 2 3 2 3 1 3 3 3 3 3 3 2 3 3 3 3 3 3 3 1 3 2 3 3 3 3 1 3 3 3 3 3 2 3 2 2 2 3 3 2 2 3 3 2 3 3 3 2 3 3 3 3 3 3 3 3 2 3 2 3 2 3 3 2 3 3 3 2 2 3 3 3 3 3 3 3 3 3 3 3 3 3 3 3 2 3 3 3 3 3 3 3 1 3 3 3 3 3 3 3 3 3 3 3 3 3 3 3 2 3 3 3 3 3 3 2 3 3 3 2 3 3 3 3 3 3 3 3 3 3 2 3 3 3 3 3 3 3 3 2 3 3 1 3 3 3 3 3 3 3 3 3 2 3 3 2 3 3 3 3 3 3 3 3 3 3 3 3 3 3 3 2 3 3 3 3 3 2 3 3 3 3 3 3 3 1 3 3 3 3 3 3 3 3 3 3 3 3 3 3 3 3 3 3 3 3 3 3 3 3 3 3 3 3 3 1 3 3 3 3 3 3 3 3 3 3 3 3 3 3 3 2 3 3 3 3 3 3 3 3 3 3 3 3 3 3 3 3 3 3 1 3 3 3 3 3 3 2 3 3 3 2 3 1 3 3 3 3 3 3 2 3 3 3 3 3 3 3 3 3 3 3 3 3 3 3 3 3 3 3 3 3 3 3 1 3 3 3 3 3 2 1 3 3 3 2 3 3 2 3 1 3 3 3 3 3 3 3 3 3 3 3 3 3 1 3 3 3 3 3 1 3 3 3 3 3 3 3 3 3 3 3 3 3 3 3 3 3 3 3 3 3 2 3 3 3 3 3 3 3 3 1 2 1 3 3 3 3 3 3 3 3 3 3 3 3 1 3 3 3 3 3 3 3 3 3 2 3 3 3 3 3 3 2 3 3 3 3 3 3 3 3 3 3 3 3 3 3 2 3 3 3 3 3 3 2 3 2 3 2 3 2 3 3 3 3 3 3 2 3 3 3 2 3 3 3 3 3 3 2 3 3 3 3 1 3 3 3 3 2 3 3 3 2 3 3 3 2 2 3 3 3 3 3 3 3 3 2 3 3 3 3 3 3 3 3 3 3 3 3 3 2 3 3 3 3 3 1 3 3 3 3 3 3 1 3 3 3 3 3 3 3 3 3 3 3 3 3 1 3 3 3 3 3 3 3 3 3 2 3 2 3 3 3 3 3 3 1 3 3 2 2 3 3 2 3 1 3 
3 3 3 2 3 3 3 3 3 3 3 3 3 3 3 3 3 3 2 3 3 3 3 3 3 3 3 3 3 1 3 3 3 3 3 3 2 3 2 1 3 3 3 1 3 3 3 3 3 3 1 3 3 3 3 3 3 3 3 3 3 3 2 3 3 2 3 3 3 3 2 3 3 3 1 3 3 3 3 3 3 3 3 3 3 2 3 3 3 3 2 3 2 3 3 3 3 3 3 3 1 2 3 3 3 3 3 3 3 3 3 3 3 3 3 3 3 3 3 3 3 3 3 3 3 3 3 3 3 3 1 2 2 3 3 3 2 3 3 3 3 3 3 3 2 3 3 3 3 3 3 3 1 3 3 3 3 3 2 3 3 3 3 1 3 3 3 3 3 3 3 3 2 3 3 1 3 3 1 3 3 3 3 3 2 3 1 3 3 3 3 3 3 3 3 2 3 3 3 3 2 2 2 3 1 3 2 3 1 3 2 3 3 3 3 2 3 3 3 3 3 2 3 3 3 3 3 2 2 3 3 3 1 3 2 3 2 1 3 3 3 3 3 3 3 3 3 3 3 2 3 3 3 3 3 3 1 3 3 3 3 3 3 3 3 3 3 3 3 3 3 3 1 3 1 3 3 3 3 1 3 3 1 3 3 2 3 3 3 3 3 3 2 3 3 1 3 3 3 3 3 3 3 3 3 3 3 3 3 3 3 3 3 3 3 3 3 3 3 3 3 3 2 3 3 3 3 3 3 3 3 3 2 3 3 3 3 3 3 3 3 3 3 3 2 1 3 3 2 3 3 3 3 2 3 3 3 3 3 3 3 3 3 3 3 3 2 3 3 3 3 2 3 2 3 3 3 3 3 3 3 1 3 3 1 3 3 3 2 3 3 3 3 3 2 3 3 3 3 3 2 2 3 3 3 3 3 3 3 3 3 3 3 3 3 3 3 3 3 3 3 3 3 3 3 3 3 3 2 3 3 3 3 3 3 3 1 3 2 3 1 3 3 3 3 3 1 3 3 3 3 3 3 3 3 3 3 2 3 1 1 3 3 3 3 2 3 3 3 3 2 3 3 3 3 3 3 3 3 3 3 3 3 3 3 3 3 3 3 1 3 3 3 3 3 3 3 3 3 3 3 3 3 3 3 3 3 3 3 2 3 3 2 3 2 2 3 3 2 3 3 3 3 2 3 3 3 1 3 3 2 3 3 3 3 3 3 2 3 3 3 3 3 3 3 3 3 3 2 3 3 3 3 2 3 3 3 3 3 3 3 2 2 3 3 3 2 3 3 3 2 3 3 3 3 3 3 2 3 3 3 3 3 3 3 3 1 3 3 3 3 3 3 3 3 3 3 3 1 3 3 3 3 3 3 3 3 3 1 3 3 3 3 3 3 3 3 3 3 3 3 3 3 3 3 3 3 3 2 3 3 3 3 2 1 1 3 3 2 3 3 3 3 3 3 3 3 3 1 3 3 3 3 3 3 3 3 3 3 3 3 3 3 3 3 3 3 3 2 3 3 3 3 1 3 3 3 3 3 3 3 3 3 3 3 3 2 3 1 3 3 2 3 3 3 3 3 3 3 3 3 1 3 3 3 3 3 3 3 3 3 3 3 3 3 1 3 3 3 3 3 3 3 3 2 3 3 3 3 3 3 3 2 3 3 3 3 3 3 3 3 3 3 3 3 3 3 3 3 3 3 2 1 3 3 3 2 2 3 3 3 3 3 3 3 3 3 3 3 3 2 3 3 3 3 3 3 3 3 3 3 3 3 3 3 3 3 3 3 3 1 3 3 3 3 3 3 3 3 3 3 3 3 3 3 3 3 3 3 3 3 3 3 1 3 3 3 3 3 3 3 3 3 3 3 3 3 3 1 3 1 3 3 3 2 3 3 3 3 3 3 3 3 3 3 3 3 3 2 3 3 3 3 3 3 3 3 3 3 3 3 2 3 3 3 3 3 3 3 3 3 3 3 3 3 3 2 3 3 2 3 2 3 2 3 3 2 3 2 3 3 3 3 3 3 3 3 3 3 3 3 2 3 3 3 3 3 3 2 3 3 2 3 3 3 3 3 3 3 2 3 3 1 3 2 3 3 3 3 2 2 3 1 2 3 3 3 3 3 3 1 3 3 3 3 3 2 3 3 3 3 3 3 3 3 3 3 2 3 3 3 3 3 3 3 3 3 3 3 3 3 3 3 3 2 3 3 2 3 3 2 3 2 3 3 3 3 3 3 3 3 3 3 3 3 3 3 3 3 3 
3 3 3 3 3 3 3 3 3 3 3 3 3 3 3 1 2 3 3 3 3 3 1 3 2 3 2 3 3 3 3 3 3 2 3 3 2 3 3 3 3 3 3 3 3 3 3 3 3 2 3 3 3 3 3 3 3 3 3 3 3 3 2 3 3 1 3 3 3 3 2 3 3 3 3 3 3 3 1 3 3 3 3 3 3 2 3 3 1 3 3 3 2 1 3 3 3 3 3 3 3 3 3 3 3 3 3 3 3 3 3 3 3 3 2 3 3 1 3 3 2 3 3 3 3 1 3 3 3 3 2 2 3 3 3 3 3 3 3 3 3 3 3 3 3 3 2 3 3 3 3 3 3 3 3 3 3 3 3 3 3 3 3 3 3 3 3 3 3 3 3 3 3 3 3 3 3 3 2 2 3 3 3 3 1 3 3 3 3 3 3 3 3 3 3 1 3 3 3 3 2 3 3 3 3 3 3 3 3 2 3 3 3 3 3 3 3 3 3 2 3 1 3 3 3 2 3 3 2 3 3 3 3 3 3 2 3 3 3 3 3 3 3 3 3 1 3 3 3 3 3 3 3 3 3 3 2 3 3 3 2 3 3 3 3 3 3 3 2 2 3 3 3 3 3 3 3 3 3 2 2 3 3 1 3 3 3 3 3 3 2 3 2 3 3 2 3 3 3 3 3 3 3 1 3 3 3 3 3 3 3 3 3 3 3 2 3 3 3 1 3 1 3 3 3 3 3 3 3 3 2 3 3 3 3 3 3 3 3 3 3 3 3 3 3 3 3 3 3 3 3 3 3 3 2 3 3 3 2 3 3 3 3 3 3 3 2 3 3 3 2 3 3 3 3 3 3 3 3 3 3 3 3 3 3 3 3 3 3 3 3 3 3 3 3 3 3 3 3 3 2 3 3 3 3 3 3 3 3 3 3 3 3 3 1 3 3 3 3 3 3 3 2 3 3 3 3 3 3 3 3 3 3 2 1 3 3 3 2 3 3 3 3 2 3 3 3 3 3 3 3 3 3 3 3 3 3 3 3 3 3 3 2 3 2 3 3 3 3 3 2 3 2 3 3 3 3 3 3 3 3 3 3 3 3 1 3 3 3 3 3 3 3 3 3 3 3 3 3 3 3 3 2 3 3 3 3 3 3 3 1 3 3 3 3 3 3 3 3 3 3 3 3 1 1 3 2 3 3 2 3 1 3 3 3 3 3 3 3 3 3 1 3 3 1 3 3 3 3 3 3 2 3 3 3 2 2 3 3 3 3 3 3 3 3 3 1 3 3 3 3 3 3 3 1 3 1 3 3 2 3 3 3 3 3 3 3 3 3 3 3 3 2 3 3 3 2 3 2 3 3 3 3 3 3 3 2 3 3 3 3 3 3 3 3 1 1 3 3 3 3 1 3 3 3 1 3 3 2 3 3 3 3 2 3 2 3 3 2 3 3 3 3 3 3 3 3 3 3 3 3 3 3 3 3 3 3 3 3 3 3 3 3 3 3 3 3 3 3 3 3 3 3 2 3 2 3 3 3 3 3 2 3 3 3 3 2 3 3 3 3 3 3 3 3 3 3 2 3 3 3 2 3 2 3 3 3 3 3 3 3 3 3 3 3 3 3 3 1 3 3 3 3 3 3 3 3 3 3 3 3 3 2 3 3 3 1 3 1 3 3 2 3 3 3 3 3 3 3 3 3 3 3 3 2 3 3 2 3 3 3 3 2 3 3 3 2 3 3 3 3 3 3 3 3 2 3 3 3 3 3 3 3 1 3 2 3 3 3 2 3 3 3 3 3 3 2 3 3 2 3 3 3 3 3 3 3 2 3 3 3 3 3 2 3 3 2 3 3 3 3 3 3 3 3 3 3 3 3 3 3 3 3 3 1 3 3 2 3 3 3 3 3 3 3 3 3 3 3 2 3 1 3 2 3 3 1 3 3 3 2 2 3 3 3 3 3 3 3 3 3 3 3 3 3 3 3 3 3 3 2 3 3 2 3 3 3 3 3 3 3 3 3 2 2 3 3 3 2 3 3 3 3 3 2 3 3 3 1 3 3 3 3 3 3 3 3 3 3 3 3 3 3 2 1 1 3 3 3 3 3 3 3 1 3 3 3 3 3 3 2 1 3 3 3 3 3 3 3 3 3 3 3 1 3 3 3 2 3 3 3 3 3 3 3 3 2 3 3 3 3 3 3 2 1 3 1 3 3 3 2 3 3 3 3 3 3 1 3 3 3 3 3 3 3 3 3 3 3 3 
