1000
0 403.096 982.053 4 77 47 0
1 31.8348 275.196 10 184 17 0
2 9.48879 605.173 9 262 75 0
3 483.253 551.228 17 183 78 0
4 558.188 661.273 18 146 54 0
5 22.2155 261.747 5 387 33 0
6 537.339 113.396 11 63 63 0
7 999.097 148.499 12 104 94 0
8 377.205 395.988 12 355 67 0
9 35.6114 425.916 14 309 57 0
10 432.351 697.407 8 322 82 0
11 485.633 427.805 17 50 90 0
12 442.316 383.499 4 138 89 0
13 869.485 939.329 20 132 84 0
14 534.853 867.614 10 255 32 0
15 47.728 331.503 9 309 79 0
16 222.292 73.0081 11 234 60 0
17 745.901 107.242 11 298 51 0
18 608.878 312.377 7 239 71 0
19 397.906 961.197 13 385 53 0
20 178.812 958.445 12 141 41 0
21 997.111 298.103 8 235 92 0
22 477.065 635.78 6 111 63 0
23 257.29 944.508 6 331 40 0
24 473.647 599.143 20 360 85 0
25 265.892 394.926 13 328 17 0
26 102.462 452.255 6 253 17 0
27 961.877 671.718 7 282 75 0
28 530.953 278.765 13 47 26 0
29 105.355 118.846 5 124 29 0
30 449.978 668.896 4 284 78 0
31 599.625 284.829 6 217 19 0
32 745.487 900.525 4 49 78 0
33 501.106 867.616 18 79 85 0
34 624.737 642.03 12 315 71 0
35 34.5969 187.637 4 22 77 0
36 713.881 16.2265 8 389 29 0
37 657.573 1.43231 16 288 27 0
38 975.105 428.109 14 174 80 0
39 787.114 593.617 12 379 35 0
40 173.528 17.8665 18 348 71 0
41 497.785 791.16 14 198 94 0
42 618.173 122.485 9 248 91 0
43 815.637 319.235 20 255 81 0
44 8.31724 618.616 12 233 25 0
45 693.903 165.556 11 320 96 0
46 805.162 747.892 17 209 67 0
47 23.666 865.287 9 210 97 0
48 678.69 478.413 13 378 24 0
49 14.5969 121.389 20 18 93 0
50 728.796 277.189 13 106 22 0
51 306.809 771.305 9 365 34 0
52 810.889 400.937 18 268 38 0
53 262.603 914.024 6 179 87 0
54 674.2 478.29 10 195 55 0
55 279.162 556.358 13 76 85 0
56 795.983 893.376 12 202 94 0
57 312.499 857.837 13 246 54 0
58 922.874 145.08 16 128 54 0
59 504.629 962.841 5 367 52 0
60 613.717 818.333 4 257 84 0
61 977.749 106.698 7 255 88 0
62 211.187 648.282 12 205 37 0
63 922.92 44.2439 20 114 30 0
64 392.787 663.528 6 191 56 0
65 671.715 987.981 18 197 22 0
66 572.509 313.32 19 18 83 0
67 939.085 880.333 5 201 71 0
68 104.425 235.859 8 148 99 0
69 969.294 833.102 17 380 81 0
70 0.526022 771.162 17 157 24 0
71 675.426 300.149 18 298 96 0
72 525.733 842.341 17 64 89 0
73 102.918 783.13 18 99 20 0
74 14.0854 187.407 8 82 93 0
75 896.784 883.716 15 86 69 0
76 107.165 857.873 9 155 76 0
77 93.7521 127.819 6 28 76 0
78 85.8318 161.495 4 208 63 0
79 544.293 219.31 11 370 46 0
80 909.372 621.701 20 247 95 0
81 252.681 888.801 8 342 93 0
82 524.026 760.446 8 166 63 0
83 144.436 233.176 5 306 64 0
84 225.947 417.019 4 79 91 0
85 283.665 109.987 9 43 48 0
86 367.809 242.209 6 281 80 0
87 656.815 851.679 16 317 17 0
88 494.121 683.067 20 333 62 0
89 267.418 54.1367 6 111 72 0
90 221.401 774.614 4 391 29 0
91 275.519 814.656 14 232 38 0
92 233.501 817.743 16 387 93 0
93 421.379 274.666 9 388 51 0
94 587.607 264.347 4 192 26 0
95 847.264 273.241 16 103 58 0
96 786.457 454.762 18 372 15 0
97 464.121 801.337 13 50 80 0
98 44.9504 11.633 16 169 34 0
99 81.5537 583.406 7 86 18 0
100 411.602 613.509 15 217 65 0
101 226.038 759.623 16 378 100 0
102 643.623 524.341 5 357 29 0
103 680.127 821.083 17 88 44 0
104 215.936 621.908 11 328 20 0
105 956.775 444.133 18 270 49 0
106 990.574 787.455 16 69 21 0
107 288.479 510.197 9 263 98 0
108 499.172 334.964 20 203 25 0
109 71.0156 350.893 18 30 77 0
110 240.777 276.588 5 97 92 0
111 310.666 247.135 12 356 15 0
112 885.41 809.056 14 181 15 0
113 541.515 352.033 5 283 100 0
114 308.74 507.008 18 115 75 0
115 977.236 983.813 13 301 71 0
116 956.036 443.257 6 249 92 0
117 888.609 697.518 11 115 29 0
118 439.884 542.627 19 242 65 0
119 917.886 491.702 18 361 42 0
120 322.117 163.36 9 380 45 0
121 439.468 150.941 16 186 31 0
122 560.104 549.152 17 230 18 0
123 7.14925 548.739 15 105 65 0
124 20.3001 937.554 7 385 61 0
125 735.747 306.689 10 95 92 0
126 722.198 81.1199 7 202 55 0
127 347.92 964.143 10 68 38 0
128 707.314 124.367 10 59 97 0
129 548.248 552.726 16 42 60 0
130 510.514 401.056 9 312 83 0
131 560.549 261.352 5 326 35 0
132 718.937 41.2837 15 64 64 0
133 964.972 184.271 18 364 21 0
134 936.273 294.317 19 280 43 0
135 349.785 132.453 13 27 21 0
136 269.024 985.381 6 129 31 0
137 289.134 309.337 5 278 95 0
138 424.172 614.125 14 25 60 0
139 393.227 978.001 8 245 19 0
140 794.063 488.923 10 79 80 0
141 995.9 145.046 20 171 35 0
142 894.998 774.532 14 167 74 0
143 877.072 803.195 17 205 63 0
144 281.589 921.543 9 44 63 0
145 472.947 637.648 4 386 78 0
146 166.556 62.7856 4 179 70 0
147 295.449 188.131 12 385 82 0
148 986.467 356.482 8 120 57 0
149 441.974 783.937 20 28 82 0
150 614.744 247.214 16 290 81 0
151 472.48 641.341 18 359 50 0
152 428.867 599.548 15 175 85 0
153 287.211 937.457 10 94 77 0
154 897.115 221.569 20 196 57 0
155 162.371 981.643 18 247 84 0
156 203.843 120.726 11 215 27 0
157 493.646 440.641 15 94 90 0
158 307.592 35.2973 9 387 70 0
159 57.0587 765.722 10 295 46 0
160 126.789 597.15 5 365 26 0
161 587.269 161.342 9 138 27 0
162 851.775 732.736 14 298 40 0
163 905.786 657.549 19 216 27 0
164 948.901 850.64 19 48 45 0
165 500.501 765.705 7 337 38 0
166 152.944 321.287 4 270 67 0
167 994.938 255.216 16 240 69 0
168 680.564 678.197 13 236 94 0
169 431.025 405.694 5 86 51 0
170 661.356 265.636 9 171 62 0
171 792.474 931.45 14 83 75 0
172 417.863 822.131 19 381 26 0
173 143.291 816.344 16 246 40 0
174 330.034 801.573 19 99 95 0
175 974.327 169.785 17 285 64 0
176 100.723 75.1452 11 122 89 0
177 160.183 282.81 6 178 71 0
178 101.818 768.96 19 332 67 0
179 171.236 86.7027 5 302 27 0
180 830.49 116.165 7 98 21 0
181 657.3 151.127 8 360 57 0
182 334.874 829.178 10 128 87 0
183 390.614 123.483 9 266 38 0
184 83.8149 252.682 12 321 79 0
185 373.168 978.435 10 307 95 0
186 440.516 676.588 5 372 42 0
187 176.995 865.648 13 26 43 0
188 625.414 455.213 5 145 58 0
189 978.72 804.023 10 115 68 0
190 49.926 182.653 5 115 18 0
191 812.415 48.9988 20 274 33 0
192 378.039 49.9905 15 139 97 0
193 66.2178 142.406 15 287 27 0
194 978.605 928.948 5 214 68 0
195 870.46 715.74 5 85 44 0
196 898.967 245.269 15 18 21 0
197 801.969 930.523 16 36 71 0
198 902.736 797.212 19 149 54 0
199 732.457 176.164 12 379 28 0
200 788.957 958.242 12 194 48 0
201 236.636 993.293 6 196 24 0
202 911.028 289.414 8 201 30 0
203 5.78894 190.403 9 279 39 0
204 608.424 390.151 7 289 81 0
205 324.941 315.811 19 16 91 0
206 640.052 964.792 8 359 23 0
207 481.437 247.905 11 251 96 0
208 435.701 368.928 12 36 43 0
209 731.565 141.263 13 102 100 0
210 751.184 449.83 5 364 76 0
211 322.974 438.561 15 68 71 0
212 18.3235 842.753 8 305 100 0
213 228.053 405.09 13 69 78 0
214 57.863 462.055 15 258 90 0
215 483.251 765.541 17 219 45 0
216 309.88 211.486 10 188 22 0
217 704.689 589.573 18 26 96 0
218 473.288 739.366 6 228 83 0
219 942.568 848.973 14 180 50 0
220 190.948 929.929 14 22 50 0
221 482.463 896.374 11 208 95 0
222 632.371 3.36459 8 269 42 0
223 684.915 658.13 14 329 82 0
224 145.439 55.9797 10 87 70 0
225 665.254 462.025 13 160 85 0
226 181.601 225.767 10 382 15 0
227 818.623 101.509 4 121 82 0
228 406.058 842.413 10 292 61 0
229 287.818 256.773 20 21 73 0
230 451.167 623.599 11 257 40 0
231 119.44 150.881 18 120 99 0
232 756.591 916.603 9 248 76 0
233 577.854 920.182 17 226 99 0
234 472.66 661.273 14 323 19 0
235 601.678 144.745 16 300 85 0
236 792.458 104.119 5 130 21 0
237 3.74803 659.846 11 33 46 0
238 25.3687 352.6 8 171 18 0
239 761.192 606.144 7 22 69 0
240 390.018 421.975 4 102 61 0
241 107.528 227.998 20 106 79 0
242 436.152 136.903 8 227 23 0
243 828.558 797.577 14 21 60 0
244 385.046 777.308 8 196 97 0
245 227.588 456.092 7 212 62 0
246 801.152 724.775 16 116 20 0
247 353.185 577.536 13 245 86 0
248 917.412 566.088 20 165 97 0
249 7.23232 103.092 5 314 45 0
250 522.572 845.244 7 31 89 0
251 4.96775 981.943 20 231 17 0
252 624.26 204.728 11 41 61 0
253 405.65 424.686 19 338 83 0
254 156.62 403.587 8 390 32 0
255 280.835 432.514 14 366 18 0
256 685.247 2.41209 14 378 33 0
257 549.073 638.888 12 255 43 0
258 278.633 169.279 14 52 17 0
259 701.066 817.116 13 236 39 0
260 874.584 477.866 19 368 40 0
261 506.157 897.67 6 380 48 0
262 572.706 40.3567 7 190 82 0
263 858.844 624.437 20 333 45 0
264 308.422 454.615 14 75 70 0
265 460.312 401.09 13 140 52 0
266 520.274 717.542 17 233 20 0
267 823.2 674.066 15 384 65 0
268 86.2687 377.241 6 157 95 0
269 657.569 274.643 20 160 91 0
270 513.197 424.929 18 150 77 0
271 593.953 518.371 8 319 99 0
272 38.9314 523.177 14 18 37 0
273 193.575 955.519 16 230 74 0
274 868.833 77.0209 4 122 45 0
275 513.904 953.897 14 357 47 0
276 115.098 39.2914 7 301 56 0
277 44.1758 359.046 11 338 99 0
278 114.05 696.44 14 389 53 0
279 690.959 746.578 18 229 71 0
280 797.069 146.839 17 92 68 0
281 849.144 369.62 20 180 80 0
282 143.185 422.856 17 310 62 0
283 668.186 691.607 16 277 33 0
284 978.524 53.2918 8 60 94 0
285 605.959 404.364 8 323 64 0
286 72.5802 999.389 16 273 74 0
287 416.485 236.021 14 187 54 0
288 559.889 745.978 7 55 22 0
289 642.704 121.333 8 217 77 0
290 283.262 205.452 6 138 44 0
291 77.092 958.042 12 60 39 0
292 134.48 809.954 11 99 64 0
293 189.91 802.552 14 254 25 0
294 744.031 851.792 19 315 31 0
295 862.391 959.446 19 56 92 0
296 405.537 34.5501 14 309 20 0
297 117.103 620.587 15 230 53 0
298 27.1362 993.586 8 255 41 0
299 101.523 987.857 12 199 31 0
300 837.329 522.707 17 214 61 0
301 352.29 955.202 8 223 55 0
302 702.683 488.22 5 358 95 0
303 86.9856 874.274 20 392 27 0
304 71.5982 414.327 10 233 35 0
305 297.176 995.493 18 47 72 0
306 140.421 69.5043 8 357 57 0
307 563.664 646.557 18 346 42 0
308 110.516 990.762 4 79 84 0
309 821.179 211.01 12 388 25 0
310 94.1099 1.76904 17 82 20 0
311 383.531 563.689 17 119 22 0
312 410.844 990.315 15 254 74 0
313 475.397 76.3605 17 18 97 0
314 467.508 977.78 20 284 41 0
315 677.871 547.695 13 134 61 0
316 737.522 377.321 20 325 63 0
317 646.758 916.049 5 222 35 0
318 477.497 166.567 17 276 56 0
319 729.315 863.099 9 352 48 0
320 234.207 76.3476 14 393 81 0
321 321.142 914.014 12 385 18 0
322 296.449 107.207 17 52 58 0
323 641.049 825.056 17 375 39 0
324 955.961 379.468 8 154 86 0
325 714.642 982.523 14 382 53 0
326 597.181 197.526 10 204 31 0
327 980.626 124.047 4 90 20 0
328 501.161 617.285 14 125 22 0
329 433.26 603.282 14 284 92 0
330 772.696 327.512 18 179 73 0
331 571.182 820.429 5 311 93 0
332 508.411 153.697 7 53 46 0
333 662.099 148.701 20 243 22 0
334 135.927 530.223 8 174 96 0
335 88.9573 453.423 10 140 78 0
336 392.529 513.372 20 325 83 0
337 386.652 370.787 13 178 76 0
338 650.725 573.406 19 84 59 0
339 57.8141 554.511 19 18 52 0
340 353.2 365.373 16 137 90 0
341 868.647 108.735 10 52 30 0
342 771.842 601.712 15 43 21 0
343 695.249 503.072 15 114 54 0
344 619.138 877.062 18 143 53 0
345 714.956 890.18 17 334 15 0
346 770.028 67.4562 5 168 87 0
347 717.735 683.091 16 267 80 0
348 268.38 93.4161 20 305 85 0
349 145.125 869.341 15 64 62 0
350 82.5902 588.177 15 183 78 0
351 486.436 271.485 15 104 64 0
352 912.774 728.818 17 129 18 0
353 768.408 239.747 7 250 76 0
354 439.851 17.3876 17 111 40 0
355 704.787 861.421 12 23 25 0
356 789.861 746.527 20 147 90 0
357 82.0502 33.7616 6 101 63 0
358 689.499 780.059 14 315 89 0
359 314.651 846.716 20 283 58 0
360 770.539 193.777 8 300 55 0
361 616.826 659.352 6 348 100 0
362 685.986 460.822 8 161 33 0
363 279.103 945.324 16 132 82 0
364 373.942 786.123 20 66 35 0
365 324.413 707.258 12 284 53 0
366 898.897 317.179 9 334 33 0
367 424.728 484.209 20 306 55 0
368 530.403 57.4325 18 106 48 0
369 206.677 506.451 11 176 25 0
370 127.67 351.87 15 256 41 0
371 191.745 52.3725 8 76 36 0
372 664.797 800.54 19 168 90 0
373 621.459 645.702 20 93 88 0
374 712.756 301.633 11 254 84 0
375 759.427 864.578 10 127 81 0
376 161.661 465.11 10 80 55 0
377 763.025 29.0047 9 239 20 0
378 379.148 287.862 7 240 22 0
379 576.928 413.748 9 386 92 0
380 485.213 675.135 14 41 61 0
381 416.517 776.152 6 212 18 0
382 509.221 172.033 15 367 92 0
383 519.633 584.198 20 316 48 0
384 499.057 581 17 386 76 0
385 752.254 902.471 6 29 16 0
386 911.229 321.283 17 24 38 0
387 484.35 327.45 4 88 49 0
388 630.317 91.4358 18 171 30 0
389 225.499 103.974 7 142 60 0
390 272.628 734.873 5 55 36 0
391 212.506 936.225 16 330 81 0
392 745.862 907.571 13 287 49 0
393 299.34 609.125 11 57 67 0
394 887.944 655.873 15 330 99 0
395 507.123 201.441 8 100 74 0
396 945.996 452.539 7 260 83 0
397 333.137 260.544 20 313 80 0
398 427.667 225.01 14 229 97 0
399 648.462 197.479 11 86 25 0
400 267.836 229.958 5 232 82 0
401 537.307 37.202 8 193 38 0
402 423.273 240.076 8 360 78 0
403 995.347 570.362 12 336 74 0
404 473.221 820.017 17 17 97 0
405 999.36 539.489 6 274 77 0
406 47.6468 656.452 11 184 15 0
407 654.897 354.35 6 168 87 0
408 66.4316 807.526 6 278 35 0
409 379.2 173.381 17 267 88 0
410 540.018 253.114 9 174 51 0
411 523.976 395.063 11 202 81 0
412 460.07 207.417 10 128 100 0
413 910.801 462.572 9 359 77 0
414 656.942 130.982 5 301 75 0
415 832.656 607.081 17 284 30 0
416 163.921 600.637 16 229 93 0
417 98.1662 276.376 4 384 96 0
418 237.651 222.546 15 333 16 0
419 45.7109 630.918 6 399 68 0
420 305.063 481.734 17 137 54 0
421 805.065 508.316 10 365 75 0
422 989.457 629.798 15 290 42 0
423 260.207 984.984 4 235 26 0
424 19.786 776.948 18 33 59 0
425 237.758 184.685 17 158 87 0
426 639.072 853.033 12 75 41 0
427 376.37 352.645 20 69 50 0
428 463.077 615.995 7 319 21 0
429 756.107 553.107 6 334 55 0
430 278.189 315.59 15 301 55 0
431 328.168 984.152 7 142 87 0
432 533.51 945.206 20 137 57 0
433 341.627 824.834 18 217 52 0
434 388.398 710.439 4 198 23 0
435 775.46 152.164 17 254 36 0
436 831.793 850.99 11 232 47 0
437 479.578 547.142 7 265 54 0
438 208.608 479.499 16 399 64 0
439 203.289 543.288 18 368 42 0
440 17.4856 617.694 6 101 22 0
441 806.297 137.432 4 366 86 0
442 858.156 873.085 7 375 58 0
443 204.612 147.279 11 215 95 0
444 57.7812 729.256 15 263 50 0
445 463.757 689.786 6 86 64 0
446 483.587 320.409 9 89 29 0
447 100.93 705.59 14 395 20 0
448 531.704 626.003 15 49 56 0
449 805.382 875.553 6 36 34 0
450 214.564 145.569 9 30 71 0
451 422.774 880.765 12 38 20 0
452 146.829 288.917 18 222 73 0
453 710.214 991.197 12 107 62 0
454 502.706 435.643 5 305 46 0
455 728.781 285.221 18 170 24 0
456 440.596 975.399 13 43 85 0
457 441.288 398.422 5 357 20 0
458 435.006 662.394 14 313 78 0
459 11.0468 170.131 14 377 55 0
460 708.537 488.664 11 161 69 0
461 776.585 670.904 5 27 32 0
462 849.647 908.303 7 296 89 0
463 352.949 875.909 5 306 31 0
464 582.972 124.258 10 84 40 0
465 852.19 326.777 5 248 38 0
466 897.387 757.327 9 101 16 0
467 251.593 215.99 5 399 60 0
468 25.3902 954.414 13 201 99 0
469 993.477 611.721 7 198 36 0
470 192.556 313.98 15 121 62 0
471 231.47 795.506 11 306 33 0
472 939.294 981.442 18 365 78 0
473 689.493 948.84 19 300 42 0
474 32.6886 52.2441 11 79 59 0
475 133.892 996.289 15 240 75 0
476 809.211 763.566 17 58 32 0
477 331.573 736.963 12 216 38 0
478 470.459 824.583 15 300 66 0
479 323.789 341.89 7 297 70 0
480 815.172 644.862 18 350 77 0
481 874.059 547.054 20 100 45 0
482 279.446 661.6 12 279 30 0
483 298.021 842.637 5 167 21 0
484 794.344 51.6409 15 184 74 0
485 278.689 954.269 7 179 44 0
486 635.003 805.261 15 314 58 0
487 333.772 65.8567 19 187 28 0
488 280.959 189.424 12 160 55 0
489 103.883 718.172 17 184 53 0
490 18.4373 909.153 18 344 33 0
491 446.396 374.268 6 48 30 0
492 759.378 107.186 19 317 75 0
493 385.855 614.624 19 319 67 0
494 554.971 594.625 9 172 69 0
495 376.881 718.863 6 174 58 0
496 517.496 699.453 14 70 80 0
497 836.284 380.952 20 148 40 0
498 896.554 924.603 4 229 48 0
499 847.039 868.898 6 385 99 0
500 63.176 713.198 18 232 25 0
501 152.755 388.506 8 279 89 0
502 395.002 375.07 19 104 18 0
503 945.934 348.858 15 297 48 0
504 481.544 742.09 11 207 86 0
505 233.877 545.008 17 340 67 0
506 506.213 63.8286 14 160 91 0
507 694.48 708.217 8 89 68 0
508 694.243 767.573 6 124 44 0
509 600.963 931.824 16 206 48 0
510 937.205 266.464 7 146 85 0
511 524.631 239.255 18 255 42 0
512 702.405 586.239 18 125 99 0
513 584.938 632.393 4 127 59 0
514 347.928 99.6819 18 187 17 0
515 545.337 599.404 17 334 96 0
516 622.78 940.335 10 274 52 0
517 382.933 155.974 12 245 65 0
518 278.206 610.357 5 36 100 0
519 592.759 200.109 18 267 68 0
520 916.115 358.941 10 144 85 0
521 607.059 63.6002 18 138 77 0
522 603.539 630.826 17 99 93 0
523 642.719 922.356 19 186 43 0
524 325.389 115.448 4 31 28 0
525 496.101 416.827 6 330 40 0
526 26.4936 752.134 9 280 46 0
527 198.444 142.909 10 252 97 0
528 142.496 16.0453 19 108 48 0
529 227.624 614.878 6 222 96 0
530 860.162 894.616 17 266 33 0
531 762.897 696.239 11 392 84 0
532 949.033 826.624 4 35 59 0
533 614.352 656.387 10 140 31 0
534 541.392 206.472 9 334 67 0
535 612.456 328.778 10 382 43 0
536 521.867 673.768 9 112 49 0
537 418.904 67.0426 15 25 19 0
538 908.725 180.647 8 117 77 0
539 668.124 307.609 17 334 97 0
540 375.772 122.559 16 15 92 0
541 870.803 149.309 9 174 51 0
542 947.907 468.129 13 274 44 0
543 21.4782 926.772 16 236 39 0
544 588.225 83.0782 19 64 38 0
545 869.221 608.149 13 201 76 0
546 829.805 252.809 12 222 75 0
547 96.3049 808.487 5 301 37 0
548 11.509 140.165 13 135 87 0
549 721.047 146.822 9 142 95 0
550 220.639 701.66 4 83 97 0
551 674.217 770.294 19 90 88 0
552 686.778 318.106 16 15 92 0
553 516.559 930.172 9 84 96 0
554 881.953 534.732 13 377 95 0
555 530.819 875.828 20 89 52 0
556 882.617 749.029 10 118 75 0
557 650.553 797.552 9 92 67 0
558 701.159 773.429 17 253 79 0
559 698.541 615.511 8 383 45 0
560 838.046 34.9731 4 60 20 0
561 411.88 259.436 16 165 44 0
562 946.314 362.809 14 356 73 0
563 101.77 497.353 16 99 82 0
564 613.337 241.369 19 359 66 0
565 42.8078 552.661 17 344 28 0
566 570.73 293.202 6 357 46 0
567 450.477 842.461 17 382 28 0
568 512.066 698.378 18 288 94 0
569 151.974 106.242 9 363 85 0
570 290.684 17.5899 11 214 39 0
571 232.453 80.2259 8 171 100 0
572 2.25213 836.263 14 111 53 0
573 756.405 402.361 11 332 97 0
574 122.913 24.0239 4 153 37 0
575 232.913 439.219 15 206 24 0
576 592.521 731.987 18 348 31 0
577 366.655 878.694 15 222 71 0
578 227.829 577.553 7 115 49 0
579 421.898 433.75 7 87 22 0
580 176.879 230.991 15 324 77 0
581 348.452 488.851 7 185 54 0
582 6.8541 837.124 5 176 95 0
583 205.266 935.431 15 48 76 0
584 460.057 983.394 16 282 78 0
585 863.579 304.769 19 294 49 0
586 797.263 3.00527 4 288 79 0
587 267.832 456.113 9 133 71 0
588 401.097 17.2647 16 337 86 0
589 302.275 215.191 11 209 98 0
590 818.519 719.383 19 153 36 0
591 407.182 144.144 18 134 49 0
592 291.004 735.831 14 199 95 0
593 511.939 305.695 13 146 84 0
594 586.467 502.625 11 100 68 0
595 613.28 77.0332 9 129 30 0
596 263.234 42.0464 11 372 67 0
597 135.973 215.379 17 380 77 0
598 924.841 719.031 17 163 57 0
599 109.557 267.682 14 383 91 0
600 846.054 785.598 14 217 55 0
601 60.1553 898.131 18 233 56 0
602 396.549 687.636 9 243 88 0
603 253.436 873.003 18 243 66 0
604 570.805 382.147 17 398 96 0
605 993.439 365.426 10 349 56 0
606 379.395 563.606 11 286 54 0
607 36.2884 524.892 8 187 39 0
608 579.613 189.328 5 280 84 0
609 806.759 841.307 8 357 58 0
610 306.283 756.269 11 218 21 0
611 676.81 164.001 12 318 63 0
612 166.827 769.724 8 258 93 0
613 847.661 723.685 6 121 54 0
614 973.96 113.287 19 158 75 0
615 816.198 428.951 5 114 86 0
616 468.042 892.655 6 81 53 0
617 921.669 850.043 7 224 44 0
618 932.556 4.96886 11 335 17 0
619 15.6818 223.353 7 130 94 0
620 684.853 416.855 7 244 37 0
621 681.172 427.42 9 314 73 0
622 936.205 605.124 7 16 70 0
623 879.196 600.52 16 188 57 0
624 971.001 245.829 9 27 55 0
625 61.4601 84.0043 12 294 70 0
626 646.591 2.63361 15 195 61 0
627 388.787 680.698 14 66 85 0
628 271.581 960.729 6 64 93 0
629 570.257 955.713 14 136 21 0
630 48.7662 177.368 9 396 95 0
631 191.448 171.3 16 148 97 0
632 580.016 241.911 20 238 94 0
633 395.254 76.507 10 188 87 0
634 727.754 472.037 7 243 67 0
635 161.872 404.526 5 310 94 0
636 588.938 302.482 7 16 67 0
637 129.159 994.456 12 324 60 0
638 424.264 555.619 12 250 70 0
639 118.088 318.467 18 361 37 0
640 349.117 359.45 15 203 91 0
641 724.776 281.752 17 183 30 0
642 1.29982 430.792 8 253 61 0
643 995.835 796.274 5 167 91 0
644 146.276 314.23 15 106 22 0
645 749.95 876.694 7 348 65 0
646 484.091 306.872 14 319 30 0
647 912.588 384.18 18 371 86 0
648 813.778 879.037 10 60 24 0
649 34.015 464.059 8 68 16 0
650 899.551 94.0927 5 85 58 0
651 908.529 118.801 16 98 32 0
652 580.663 498.081 15 387 36 0
653 94.5162 974.357 11 60 87 0
654 64.86 399.146 18 231 16 0
655 714.142 488.069 10 38 93 0
656 670.695 756.465 4 180 27 0
657 771.043 18.5187 6 390 68 0
658 187.377 982.293 7 307 16 0
659 641.18 720.499 4 28 83 0
660 49.3588 496.368 20 291 24 0
661 626.023 173.469 17 181 94 0
662 347.922 536.675 8 295 30 0
663 725.305 429.394 7 134 49 0
664 721.437 776.469 13 178 91 0
665 754.98 586.791 15 171 93 0
666 537.482 988.724 8 391 88 0
667 98.3977 32.5445 18 127 93 0
668 695.067 467.775 14 27 49 0
669 700.663 111.221 18 241 71 0
670 889.052 758.42 5 338 72 0
671 989.93 626.925 12 345 97 0
672 663.039 743.345 15 85 46 0
673 694.286 355.171 12 241 84 0
674 212.649 730.348 13 327 50 0
675 409.203 240.651 13 40 34 0
676 960.794 942.182 11 25 73 0
677 265.536 38.3534 9 103 37 0
678 837.17 761.57 17 55 50 0
679 247.606 99.747 12 257 69 0
680 486.995 386.773 10 102 52 0
681 461.594 813.13 15 100 40 0
682 183.933 250.423 15 185 83 0
683 669.302 347.054 14 230 34 0
684 510.875 135.635 8 248 96 0
685 6.59316 109.15 10 157 34 0
686 738.869 367.984 5 320 35 0
687 887.698 654.616 14 141 69 0
688 147.707 435.715 17 317 49 0
689 559.256 320.205 17 199 69 0
690 939.263 753.006 14 365 70 0
691 63.1352 479.232 11 306 28 0
692 899.435 538.368 17 128 37 0
693 61.1207 430.811 18 305 37 0
694 806.051 502.452 11 19 16 0
695 223.806 936.234 6 357 69 0
696 292.379 942.044 14 39 33 0
697 812.865 80.3467 12 126 68 0
698 96.9754 741.702 11 318 22 0
699 49.3909 32.957 20 345 46 0
700 705.228 498.989 5 361 67 0
701 136.869 697.904 6 301 57 0
702 573.162 590.946 5 230 40 0
703 266.302 213.744 13 182 80 0
704 954.343 986.09 17 330 72 0
705 900.119 921.571 12 66 57 0
706 63.2491 885.873 9 181 100 0
707 41.8379 440.386 16 379 76 0
708 323.506 772.586 9 220 81 0
709 970.288 50.9787 14 253 31 0
710 532.112 223.374 20 234 85 0
711 312.8 53.7198 19 22 38 0
712 971.315 731.025 18 92 89 0
713 44.3241 532.237 16 33 82 0
714 291.548 434.525 9 380 70 0
715 978.896 157.906 11 17 22 0
716 309.035 412.208 15 73 96 0
717 920.739 179.159 4 112 25 0
718 885.416 532.344 10 269 36 0
719 525.291 127.513 16 319 93 0
720 2.6174 569.474 14 239 93 0
721 304.158 837.963 6 245 40 0
722 157.3 503.716 5 215 73 0
723 782.529 885.855 18 208 85 0
724 217.428 911.383 4 212 88 0
725 208.354 375.815 11 298 85 0
726 853.683 503.18 11 261 94 0
727 225.76 205.878 14 282 63 0
728 271.856 544.167 14 118 21 0
729 184.111 669.354 18 380 48 0
730 24.3499 465.46 6 33 77 0
731 580.988 950.741 5 264 99 0
732 8.71753 923.698 5 104 75 0
733 849.143 399.837 4 304 70 0
734 936.226 775.267 19 376 39 0
735 204.175 904.747 9 171 83 0
736 75.193 861.311 6 289 50 0
737 278.294 269.493 5 60 91 0
738 746.103 350.14 6 237 84 0
739 395.638 15.9386 7 383 79 0
740 642.808 962.557 11 43 98 0
741 222.234 39.4834 16 255 84 0
742 161.842 100.213 20 375 53 0
743 38.7977 218.998 12 171 17 0
744 132.492 109.342 19 48 96 0
745 631.495 239.057 10 139 21 0
746 775.04 38.9493 9 348 15 0
747 765.146 557.854 12 188 37 0
748 902.521 765.571 11 225 47 0
749 522.559 334.367 8 397 27 0
750 420.272 268.622 14 91 32 0
751 481.358 3.11238 16 89 69 0
752 572.431 104.798 9 187 53 0
753 15.0252 441.982 6 399 36 0
754 70.131 175.706 13 46 55 0
755 813.523 666.667 4 279 93 0
756 678.635 998.786 4 139 95 0
757 173.409 420.842 16 400 60 0
758 34.8259 6.44668 7 160 30 0
759 581.931 897.811 18 251 18 0
760 408.178 359.28 12 351 63 0
761 357.822 652.073 19 340 48 0
762 186.724 734.118 18 354 58 0
763 234.603 591.654 15 224 40 0
764 170.325 463.784 18 365 22 0
765 555.003 971.925 18 245 67 0
766 176.113 294.978 6 316 44 0
767 213.673 494.572 16 253 60 0
768 505.706 409.088 4 286 80 0
769 283.244 482.426 10 304 76 0
770 695.752 2.15171 14 372 29 0
771 688.571 198.129 7 247 15 0
772 763.109 453.283 16 27 93 0
773 521.95 335.298 18 296 20 0
774 344.288 26.6094 14 178 66 0
775 557.521 439.595 4 290 32 0
776 649.797 181.685 11 19 26 0
777 766.398 580.495 12 134 36 0
778 260.747 365.189 9 75 69 0
779 978.874 487.723 9 335 15 0
780 85.2099 150.869 9 215 91 0
781 437.567 661.64 12 338 92 0
782 59.0809 992.161 20 275 77 0
783 191.538 205.302 15 237 71 0
784 891.078 883.487 18 277 35 0
785 576.682 155.449 10 179 29 0
786 898.235 214.893 18 296 89 0
787 808.004 410.16 10 43 78 0
788 437.72 768.342 6 318 81 0
789 547.037 743.538 11 118 47 0
790 627.329 923.05 20 26 47 0
791 856.31 128.788 4 22 30 0
792 979.002 40.1202 5 125 98 0
793 334.457 430.684 11 235 28 0
794 269.446 610.789 8 103 16 0
795 270.134 940.081 18 184 63 0
796 741.344 408.607 4 235 95 0
797 123.546 902.771 14 111 92 0
798 234.417 922.432 8 136 81 0
799 238.768 103.037 16 390 86 0
800 401.766 361.234 13 328 83 0
801 615.004 535.802 14 127 21 0
802 606.699 415.444 16 132 43 0
803 95.7935 530.116 4 60 94 0
804 475.873 740.9 8 38 96 0
805 178.93 660.617 18 171 55 0
806 334.971 696.929 18 248 65 0
807 910.134 244.542 4 240 49 0
808 56.729 169.997 19 74 29 0
809 445.328 53.8241 6 332 37 0
810 530.649 78.5359 8 297 71 0
811 136.121 673.279 15 258 20 0
812 848.589 491.487 11 326 41 0
813 145.173 596.39 19 19 48 0
814 850.748 567.742 14 72 72 0
815 488.065 592.024 12 219 26 0
816 734.127 950.125 13 336 74 0
817 299.348 842.496 5 212 78 0
818 647.535 889.564 10 165 17 0
819 642.111 362.129 6 258 97 0
820 37.4467 496.847 14 360 32 0
821 202.282 471.091 10 325 30 0
822 98.5943 979.696 7 372 18 0
823 436.818 44.1159 10 185 32 0
824 245.142 439.305 11 242 39 0
825 310.92 242.238 12 169 92 0
826 571.091 980.365 15 225 48 0
827 739.797 508.083 15 277 87 0
828 178.766 796.956 9 399 84 0
829 964.089 726.998 13 396 69 0
830 900.342 430.063 10 373 47 0
831 726.646 360.089 11 140 50 0
832 134.142 774.236 19 293 48 0
833 492.057 935.86 6 32 88 0
834 860.476 760.653 15 276 69 0
835 177.813 871.694 14 204 52 0
836 366.866 487.91 16 92 70 0
837 549.395 456.651 5 308 63 0
838 403.528 978.333 5 121 98 0
839 496.403 239.509 16 362 44 0
840 230.028 592.913 4 22 57 0
841 837.664 470.347 8 65 60 0
842 21.5815 510.164 13 156 54 0
843 878.417 388.766 18 84 72 0
844 23.0577 295.107 16 279 64 0
845 87.7288 336.677 4 310 54 0
846 667.197 92.1316 20 184 76 0
847 599.772 730.966 14 332 55 0
848 457.742 320.714 10 347 42 0
849 632.195 92.8282 19 361 83 0
850 524.675 259.996 13 305 43 0
851 241.93 183.903 8 289 21 0
852 705.426 494.581 13 399 46 0
853 29.5191 198.996 14 179 21 0
854 401.738 227.255 4 325 49 0
855 422.893 334.763 13 359 68 0
856 273.844 165.771 18 191 80 0
857 225.556 231.875 7 292 75 0
858 975.456 818.098 6 158 31 0
859 945.01 920.732 12 354 21 0
860 433.707 662.735 12 340 63 0
861 380.546 400.32 16 390 22 0
862 120.884 687.922 7 61 22 0
863 53.3965 26.7725 4 134 97 0
864 328.264 542.927 13 135 75 0
865 675.788 641.067 9 17 50 0
866 464.486 53.7202 10 134 16 0
867 716.691 452.782 19 363 43 0
868 977.073 794.631 9 250 40 0
869 281.888 207.827 15 323 86 0
870 897.692 509.985 8 194 90 0
871 918.239 150.173 9 66 68 0
872 316.411 978.47 7 141 88 0
873 41.0695 149.836 11 160 43 0
874 439.626 413.923 12 151 79 0
875 245.65 75.036 6 272 20 0
876 188.977 562.127 15 220 97 0
877 426.875 39.4276 12 141 45 0
878 264.158 253.34 7 162 88 0
879 286.072 247.81 19 194 97 0
880 617.076 271.004 9 371 35 0
881 674.778 617.758 19 28 77 0
882 353.774 740.704 10 186 70 0
883 619.834 512.043 20 152 73 0
884 233.308 675.118 18 58 49 0
885 832.088 305.888 4 183 39 0
886 617.554 803.153 6 251 41 0
887 133.842 912.621 12 54 59 0
888 852.086 190.541 18 147 66 0
889 210.327 203.787 10 387 57 0
890 368.243 474.379 18 269 82 0
891 454.329 477.634 14 209 19 0
892 423.962 933.914 13 287 16 0
893 665.6 859.015 18 189 85 0
894 288.672 409.82 7 88 75 0
895 539.84 65.7875 14 86 87 0
896 807.731 540.034 14 135 36 0
897 75.2291 48.4943 15 277 16 0
898 79.1508 277.073 16 400 94 0
899 174.499 223.92 4 292 75 0
900 485.348 11.4156 16 141 68 0
901 578.772 835.572 9 22 27 0
902 795.843 447.802 4 367 80 0
903 536.355 582.29 15 288 80 0
904 104.275 56.5507 20 48 25 0
905 906.27 717.887 9 80 99 0
906 834.324 264.618 6 61 90 0
907 239.388 373.671 6 232 54 0
908 373.98 448.15 20 204 22 0
909 306.287 410.459 20 320 55 0
910 821.672 773.23 19 67 33 0
911 836.811 240.796 10 254 90 0
912 316.817 511.918 19 163 31 0
913 168.94 102.947 11 120 61 0
914 810.682 705.649 20 43 87 0
915 432.365 454.289 9 76 93 0
916 535.719 469.693 19 349 95 0
917 499.606 258.076 19 108 16 0
918 382.693 921.095 13 257 55 0
919 872.985 995.949 19 316 38 0
920 994.852 513.228 4 39 15 0
921 516.156 573.713 11 340 62 0
922 736.946 155.555 18 352 77 0
923 129.11 983.172 9 399 99 0
924 926.41 162.823 11 138 54 0
925 518.941 209.47 14 154 70 0
926 302.586 150.498 14 212 33 0
927 36.9743 486.621 19 362 51 0
928 556.032 828.089 17 47 69 0
929 86.5381 214.397 10 28 50 0
930 159.392 879.216 8 321 86 0
931 283.859 553.942 7 136 93 0
932 926.689 783.252 18 288 91 0
933 142.04 664.169 7 160 49 0
934 713.603 113.442 4 52 29 0
935 284.065 55.7865 5 329 74 0
936 369.935 805.578 6 282 61 0
937 58.7524 975.421 17 256 86 0
938 776.352 966.19 8 221 16 0
939 529.922 608.461 11 48 67 0
940 532.775 427.268 18 96 99 0
941 311.324 424.832 12 232 41 0
942 620.868 902.77 11 284 21 0
943 298.571 957.43 14 65 79 0
944 464.768 504.142 15 178 42 0
945 347.884 868.94 13 327 66 0
946 670.809 198.538 14 188 27 0
947 353.641 100.28 13 346 63 0
948 250.879 177.697 7 224 16 0
949 298.113 567.408 19 130 77 0
950 614.347 486.329 4 372 37 0
951 785.453 890.644 17 90 50 0
952 558.391 359.538 18 37 28 0
953 159.528 0.95968 6 257 95 0
954 102.285 140.802 8 363 35 0
955 179.428 107.461 17 355 30 0
956 665.624 360.153 9 313 22 0
957 796.002 220.415 4 154 65 0
958 459.434 487.12 14 185 54 0
959 420.862 908.349 8 114 23 0
960 901.564 525.774 18 202 15 0
961 73.4751 539.277 15 202 33 0
962 588.199 394.61 5 31 86 0
963 474.979 124.168 10 94 70 0
964 850.777 957.864 14 78 81 0
965 547.419 55.2187 10 141 79 0
966 169.023 233.019 4 109 39 0
967 13.7174 452.845 18 145 55 0
968 337.876 900.322 10 114 40 0
969 752.729 514.168 7 168 28 0
970 156.618 554.362 14 189 95 0
971 867.706 350.464 16 79 86 0
972 257.162 327.032 14 227 51 0
973 393.439 970.81 20 378 50 0
974 771.952 538.795 10 367 34 0
975 590.433 147.823 5 383 94 0
976 237.353 239.493 5 320 40 0
977 989.45 836.942 17 349 49 0
978 980.141 791.126 8 290 47 0
979 220.298 879.365 9 50 47 0
980 747.341 662.513 6 99 93 0
981 920.828 731.431 4 172 25 0
982 728.253 0.194657 4 129 27 0
983 354.286 811.273 13 262 31 0
984 770.331 726.164 16 57 34 0
985 187.76 256.207 4 363 18 0
986 455.832 871.937 11 288 66 0
987 221.472 981.179 15 114 100 0
988 937.088 24.871 11 157 32 0
989 906.979 900.098 8 149 31 0
990 541.669 181.961 13 281 50 0
991 336.638 641.263 7 76 37 0
992 395.51 564.822 19 263 60 0
993 849.49 397.874 11 262 51 0
994 347.936 374.222 4 380 92 0
995 407.368 987.605 6 238 26 0
996 224.793 981.974 18 157 69 0
997 850.829 448.999 4 24 35 0
998 193.377 145.372 11 70 77 0
999 76.294 258.71 5 237 59 0
2194
578 763
346 377
107 769
257 448
53 798
15 277
223 980
306 569
368 401
372 551
159 178
55 578
136 423
400 878
529 763
153 363
157 891
147 926
775 940
414 669
379 940
170 946
358 508
192 296
690 981
785 990
811 862
241 597
529 884
51 91
54 362
580 966
168 347
7 21
458 860
450 856
314 666
830 997
127 431
425 948
285 379
5 999
103 259
413 830
256 846
838 973
524 926
183 633
400 976
52 787
192 947
64 761
767 769
504 804
349 930
484 746
473 816
806 882
703 869
85 856
583 724
389 450
39 480
95 906
62 729
370 845
390 674
616 986
868 978
136 943
102 801
75 784
219 532
459 630
173 187
462 964
200 964
64 100
515 939
403 469
735 979
567 986
339 713
211 793
112 442
417 898
735 835
58 327
208 760
257 536
257 307
193 780
830 843
115 977
479 994
324 562
35 459
129 652
6 810
3 921
647 843
377 982
42 849
55 931
345 392
606 662
705 784
57 483
570 739
75 617
751 900
635 725
181 289
665 747
611 776
84 213
37 626
71 539
245 575
187 979
891 915
66 689
23 53
429 512
222 262
521 595
680 768
432 666
289 846
53 81
549 922
187 835
778 894
252 326
488 948
221 833
25 894
328 815
340 640
191 697
458 781
778 907
569 913
95 585
233 555
501 635
305 431
391 583
569 998
856 948
69 977
346 697
500 526
25 907
62 529
166 766
462 499
41 97
718 870
716 909
667 904
66 535
291 653
28 917
214 927
296 588
197 200
513 702
316 831
56 197
17 126
118 437
56 462
248 403
347 531
271 801
88 536
294 375
518 794
30 445
127 872
161 785
381 788
198 932
669 846
896 974
29 77
150 632
179 955
171 197
68 184
163 687
33 986
263 545
743 853
220 583
625 897
149 788
477 882
355 893
890 908
481 623
398 854
139 185
256 770
42 289
421 694
104 529
912 931
488 869
98 863
379 962
608 785
272 607
465 885
11 157
165 215
449 648
396 413
541 651
176 904
98 310
778 972
244 364
267 613
246 590
266 568
25 213
478 567
310 574
362 621
44 720
600 678
267 914
217 239
33 567
85 348
96 772
409 854
569 955
22 328
227 697
911 957
771 946
161 608
66 636
122 271
7 141
218 504
304 693
42 544
857 985
470 725
669 934
161 235
154 196
207 351
172 244
894 909
122 801
240 793
23 795
17 492
398 412
429 665
354 900
9 753
89 596
7 792
727 889
535 539
734 748
58 614
579 874
8 793
717 924
682 966
199 360
24 328
516 790
248 481
354 877
305 872
291 937
573 686
51 610
660 691
23 628
411 773
149 215
240 253
317 473
5 844
797 930
315 512
555 759
600 910
123 607
129 916
49 249
115 194
661 776
41 165
399 776
9 707
290 869
336 836
398 402
22 151
88 218
51 708
714 909
618 792
80 622
502 760
109 277
388 595
93 561
379 775
312 456
204 285
615 902
155 658
483 603
313 866
214 707
634 772
472 859
155 923
215 788
477 708
296 633
48 302
18 539
374 552
82 789
25 255
72 250
839 917
731 826
692 718
367 958
264 420
348 679
529 840
39 747
507 672
436 648
642 753
374 673
166 644
842 927
182 359
221 616
809 866
268 282
259 319
321 968
353 771
400 703
580 899
325 938
546 906
477 806
532 858
278 862
46 476
170 771
560 697
317 790
271 594
570 741
94 632
509 731
91 483
217 559
282 688
318 382
124 251
517 591
496 568
320 571
472 705
49 193
158 774
601 706
157 958
218 788
4 307
108 773
107 728
696 943
188 802
460 852
258 488
469 671
24 815
241 929
410 850
34 865
421 896
803 961
274 697
797 887
418 976
71 374
236 441
237 406
313 810
581 890
642 720
31 566
425 727
376 722
703 851
609 664
226 783
808 873
262 965
523 740
216 589
510 807
723 951
102 338
401 900
168 283
638 992
598 690
315 338
420 769
186 602
987 996
739 751
336 662
730 967
199 922
543 732
102 315
657 982
130 270
476 678
306 904
248 405
433 945
588 739
801 883
371 741
528 953
809 823
286 782
52 615
58 924
273 583
137 430
390 610
576 886
353 957
741 953
634 827
554 718
620 663
563 803
743 999
310 357
403 405
146 371
60 331
920 960
865 881
194 676
300 694
543 601
138 781
126 132
288 576
402 561
463 577
181 333
660 713
760 800
678 910
666 756
564 745
663 867
282 501
63 988
83 966
359 721
835 979
501 725
93 750
215 218
13 498
425 851
222 751
456 838
47 490
729 933
62 884
232 392
718 960
511 710
545 623
597 899
269 539
139 838
20 658
583 735
400 879
387 680
159 444
20 923
334 970
837 916
181 611
675 854
43 906
197 964
43 497
476 910
409 591
443 998
150 745
639 644
137 397
18 31
336 606
43 353
14 555
282 635
93 848
466 981
341 541
70 572
305 475
283 865
645 723
325 453
117 195
337 427
166 725
67 194
260 997
885 906
334 803
261 553
122 129
336 992
22 536
43 330
683 956
640 994
80 248
423 996
460 655
840 876
67 989
276 574
266 789
312 756
285 802
268 304
508 551
22 428
47 601
602 860
127 301
299 822
573 796
265 680
466 670
448 536
90 828
79 410
277 654
260 830
534 990
56 951
35 74
160 334
229 879
345 645
42 235
841 997
415 480
416 970
205 378
383 384
158 711
118 638
225 621
137 737
725 907
799 856
18 636
284 792
46 246
791 888
138 329
724 798
296 537
936 983
616 892
78 808
357 897
291 543
87 893
2 440
163 394
662 864
11 525
8 340
580 682
120 926
31 94
68 241
54 343
78 929
58 871
94 150
581 912
485 795
631 998
153 321
99 350
672 886
419 440
738 831
275 432
33 261
559 865
658 987
760 855
544 965
346 492
206 826
211 941
518 949
563 691
300 726
275 553
780 954
243 600
19 892
757 821
79 534
390 884
190 630
296 877
365 482
231 631
183 591
592 610
455 641
282 304
203 685
239 342
310 667
28 689
678 834
248 692
402 750
141 715
167 624
16 571
117 394
302 668
414 846
294 664
12 457
104 805
368 506
40 146
205 479
425 631
73 408
466 748
125 455
531 914
418 857
336 638
444 500
367 891
45 611
90 762
100 138
44 237
490 732
776 946
542 779
494 702
177 766
621 663
652 916
251 572
684 719
362 668
407 819
14 250
19 185
195 267
165 504
538 786
90 101
300 814
135 517
649 967
335 691
546 911
405 643
39 814
620 796
467 703
207 398
270 454
263 415
352 981
506 810
525 680
134 386
177 985
1 5
280 360
140 694
613 914
292 828
953 982
677 935
509 942
18 66
49 548
397 737
16 371
26 335
57 817
192 633
147 216
178 698
203 642
249 758
3 437
370 639
97 215
52 738
520 843
577 968
538 717
851 948
453 938
259 664
483 817
425 467
482 592
32 392
180 227
203 619
303 706
40 741
931 949
138 230
286 653
581 836
159 698
352 598
724 735
570 677
136 305
58 651
252 745
280 435
945 968
79 710
178 832
40 224
479 909
179 913
695 798
701 729
485 696
857 976
334 563
62 104
494 515
89 875
60 323
67 219
525 768
300 421
519 608
291 601
404 478
30 151
314 584
374 455
67 75
517 540
507 984
607 842
76 797
452 639
357 667
430 737
244 381
351 593
944 958
43 885
243 910
472 919
479 778
397 825
80 623
474 699
242 313
393 482
820 927
156 389
174 708
206 740
214 335
71 552
727 857
459 548
131 566
535 952
631 889
709 988
121 409
660 803
383 903
532 617
597 783
237 440
410 511
213 757
231 954
383 939
55 728
161 975
710 925
261 833
239 665
151 781
31 636
271 883
279 558
46 356
805 933
229 737
410 632
481 692
448 515
50 771
147 258
291 797
351 848
859 989
212 424
230 329
119 870
82 165
374 831
109 268
152 638
121 242
593 646
463 945
343 700
207 839
255 587
78 954
99 339
357 863
97 149
106 643
29 954
33 250
41 928
649 927
59 833
850 917
359 945
329 428
346 746
634 655
655 827
547 736
37 256
348 935
449 609
18 880
153 696
883 950
352 905
104 840
260 413
73 178
227 236
105 396
353 906
319 355
3 384
344 942
123 565
286 937
59 666
39 342
793 890
286 299
365 592
913 955
556 834
13 964
215 504
503 562
17 934
247 493
126 346
552 683
116 647
181 776
83 241
60 486
27 80
653 887
666 826
124 543
260 812
575 824
576 789
42 181
487 711
87 103
639 845
339 961
496 536
319 345
275 833
238 277
361 576
430 972
287 398
386 520
130 680
188 950
612 832
429 747
228 577
456 584
236 697
55 505
298 937
78 754
405 920
148 324
4 576
364 882
754 808
811 933
208 491
339 565
616 959
171 200
275 666
99 440
754 929
70 642
332 382
410 710
27 829
870 960
184 929
667 897
375 609
231 744
411 940
278 447
55 518
214 691
33 616
375 645
387 848
36 770
92 293
604 962
297 811
136 628
530 784
207 917
295 472
36 132
20 273
384 815
557 886
311 336
837 940
335 693
228 567
182 945
446 646
684 963
93 378
497 993
700 827
210 634
160 813
183 537
556 670
99 803
253 861
155 475
29 744
472 676
207 750
15 845
436 609
477 610
331 901
130 768
352 466
0 838
30 186
389 799
604 952
919 964
537 633
475 923
75 989
139 973
436 442
701 862
100 493
487 524
505 578
406 419
300 554
270 940
361 533
245 767
377 657
82 331
649 707
150 880
901 928
286 475
892 959
216 825
429 969
338 522
52 573
399 946
814 896
4 533
272 842
705 989
721 817
434 495
356 984
478 681
76 292
690 829
394 687
190 808
620 621
183 540
509 790
108 446
302 460
686 831
313 506
63 560
43 465
67 859
506 900
61 141
54 102
190 929
540 633
103 372
70 720
395 925
47 736
278 489
378 427
759 942
183 517
117 163
694 812
574 667
146 306
10 445
494 903
202 386
12 491
573 787
827 969
551 656
189 532
510 624
21 167
161 326
534 608
115 704
586 618
790 942
162 556
128 414
203 853
127 943
519 564
792 988
193 808
30 781
69 858
378 561
652 950
584 666
81 603
185 431
288 789
765 826
631 783
502 861
717 786
25 824
240 861
36 982
20 220
215 804
1 844
157 454
81 724
323 486
354 739
446 593
162 834
259 358
763 794
655 852
123 842
101 674
8 861
34 361
120 135
237 720
189 643
82 288
367 915
31 880
281 497
422 622
293 471
693 707
128 669
154 807
92 603
485 943
21 134
97 681
680 773
105 542
128 934
872 943
25 778
148 503
701 832
847 886
55 949
65 325
537 809
16 320
172 567
152 329
395 990
514 947
164 977
226 580
608 990
287 675
218 804
446 848
725 757
969 974
64 602
71 269
194 977
611 771
51 174
222 401
462 648
642 844
716 793
180 441
835 930
86 397
786 888
673 831
137 479
100 152
418 727
34 881
85 926
69 164
382 395
60 344
438 821
516 740
729 884
443 527
180 791
193 873
508 656
291 887
10 788
378 397
119 960
213 824
298 782
202 585
251 298
596 741
21 510
283 659
52 497
406 500
15 844
312 838
49 873
614 651
123 642
570 953
601 797
559 980
231 998
207 412
278 701
94 880
379 604
294 645
32 645
521 544
887 930
281 971
283 672
111 825
356 476
247 606
80 163
52 330
133 175
43 281
27 422
733 993
238 642
291 468
186 860
209 435
512 881
38 324
308 822
407 535
390 482
6 785
467 851
199 771
587 767
171 938
63 618
29 625
224 306
571 679
235 464
336 367
279 507
271 652
330 738
83 452
551 557
561 750
61 284
91 721
41 82
90 612
818 942
535 819
823 877
171 951
292 832
385 645
906 911
450 631
133 924
843 971
318 332
364 936
7 61
264 769
382 990
729 805
129 437
232 938
143 600
411 680
83 177
233 759
232 385
475 637
782 937
109 845
537 877
35 630
629 731
6 752
2 44
451 959
470 972
17 209
453 919
365 806
309 911
188 621
541 888
676 704
489 698
6 464
123 720
10 434
299 308
572 732
290 488
650 651
749 773
660 961
506 866
431 872
800 855
373 522
51 471
461 980
307 513
158 570
129 921
308 923
309 888
111 229
481 814
45 549
65 756
211 581
53 144
217 512
918 968
122 652
206 731
54 225
272 713
188 225
44 440
74 203
627 761
67 164
209 922
352 556
707 753
498 530
610 708
342 777
354 751
181 414
71 170
61 614
300 896
23 996
546 957
50 641
585 885
230 428
34 373
120 147
751 953
19 918
6 719
88 380
168 223
245 821
50 353
170 269
810 895
135 540
816 938
520 647
464 752
544 595
752 810
361 659
318 963
92 471
317 818
659 847
825 879
143 436
344 426
509 759
322 524
489 701
301 321
108 680
909 994
559 881
64 493
70 424
490 601
190 754
116 396
135 409
345 893
82 928
173 292
408 424
248 960
444 526
152 992
412 839
86 409
892 918
281 993
465 585
156 998
614 650
245 438
891 958
290 589
347 980
433 983
102 883
60 886
643 978
113 749
436 499
465 971
64 627
268 277
57 359
154 786
253 908
368 895
245 824
714 894
230 781
484 697
200 938
427 800
486 886
454 525
87 323
701 811
191 560
73 159
759 901
652 775
45 771
406 862
655 700
332 684
150 564
76 349
743 929
247 991
461 914
251 732
204 620
102 343
169 253
258 856
317 942
404 681
201 996
296 739
550 884
642 967
425 889
699 863
353 455
843 993
316 573
133 717
95 196
772 969
813 970
310 758
571 799
407 956
176 306
287 402
764 821
704 919
229 397
515 903
422 712
620 956
503 520
160 297
351 917
312 431
706 736
99 961
76 303
589 825
134 510
335 563
232 816
474 758
219 617
115 676
369 821
27 712
527 998
820 842
19 973
871 924
711 935
162 613
106 712
48 362
461 531
333 611
217 665
317 523
70 237
145 151
270 411
617 784
226 899
401 751
326 608
306 742
447 489
679 875
393 518
324 647
167 175
390 592
99 565
19 456
653 822
726 812
491 680
257 513
418 467
734 932
156 955
627 806
223 865
125 330
283 507
40 371
662 912
493 991
49 685
252 519
846 849
463 968
242 591
916 944
331 928
439 876
372 557
89 348
56 171
174 721
742 913
438 767
284 709
5 619
344 759
289 414
37 953
174 433
338 801
107 114
115 643
29 231
363 485
876 970
201 423
32 385
184 599
124 468
69 532
114 912
240 908
443 450
128 209
328 383
539 683
56 449
812 841
144 153
195 613
111 879
210 772
570 935
502 800
564 632
370 501
783 899
4 789
509 516
127 185
26 282
74 853
716 994
314 456
204 819
513 522
387 446
439 722
899 966
169 861
28 593
495 882
72 928
690 712
134 202
634 668
2 720
172 228
377 746
550 674
302 343
233 509
280 441
596 677
134 503
22 145
375 449
48 54
40 953
304 654
264 581
622 671
309 360
340 427
353 546
191 484
169 874
498 784
819 956
100 860
748 932
3 24
14 33
511 839
85 322
712 829
783 889
128 549
766 985
398 409
90 293
327 614
346 484
185 301
142 834
262 521
124 291
308 637
761 991
523 790
482 529
452 766
866 900
266 496
479 640
164 219
482 794
273 391
38 116
341 791
8 502
209 492
35 190
409 517
158 935
326 519
745 880
276 667
113 411
333 414
328 448
146 179
190 743
73 832
587 824
400 589
452 599
322 935
249 685
836 890
635 757
15 109
908 915
332 719
318 412
179 742
534 710
679 799
361 373
151 234
369 722
656 672
274 341
481 554
294 319
14 759
250 478
663 796
78 780
98 758
218 445
637 923
449 723
310 528
311 493
662 836
56 648
285 620
138 458
343 827
451 918
255 714
236 435
101 390
408 547
65 473
129 903
393 949
848 855
498 705
137 205
532 734
365 477
68 599
634 867
649 730
753 967
0 995
726 870
345 355
142 670
181 661
341 650
521 846
286 305
619 743
435 922
716 941
330 497
569 742
77 954
234 380
659 672
60 901
22 380
148 605
588 877
28 131
364 983
211 890
57 603
259 558
432 629
363 795
629 765
442 530
73 547
328 428
56 723
170 745
83 597
450 799
226 682
673 956
279 508
145 428
55 763
110 470
88 568
223 347
621 802
528 574
793 994
86 378
172 381
578 840
163 598
36 377
722 970
265 874
387 491
112 143
417 599
103 323
361 847
676 859
244 936
84 575
293 828
301 918
342 461
775 837
96 140
26 304
605 920
334 722
375 723
141 327
124 732
373 533
690 734
541 791
65 453
692 960
416 876
464 544
763 840
535 604
674 762
733 997
10 602
366 386
108 387
540 947
407 683
536 568
11 454
531 984
130 411
698 832
597 929
426 818
607 713
618 988
111 397
612 828
316 686
126 934
4 536
68 929
772 902
260 870
360 957
576 847
733 830
268 501
87 426
233 629
619 844
439 505
133 807
239 559
347 507
366 520
176 625
682 985
38 920
286 756
253 579
146 224
42 661
142 748
358 372
93 855
148 562
114 420
554 692
186 445
452 644
235 975
486 557
228 936
424 582
448 939
300 812
615 787
621 867
319 645
96 902
430 778
405 605
785 975
216 409
320 875
196 202
247 662
112 617
451 986
264 714
2 565
369 767
630 808
60 426
227 274
177 682
500 698
925 990
11 915
202 366
508 558
400 467
586 657
325 473
422 671
408 736
94 131
159 526
368 965
192 739
93 351
598 981
918 959
482 806
74 459
242 537
47 212
521 626
714 941
482 518
254 282
383 921
298 468
505 767
112 198
670 834
258 926
276 306
453 756
747 974
793 941
173 293
699 897
432 553
223 559
302 852
38 105
10 186
113 773
38 779
18 535
755 914
35 853
132 377
196 807
898 999
142 198
187 349
13 462
28 850
103 355
107 505
120 524
561 675
366 585
424 526
895 965
159 408
593 749
612 762
20 887
349 797
316 620
476 609
312 995
273 658
205 640
117 905
688 757
389 955
572 582
737 878
169 457
117 267
462 530
254 501
354 588
13 295
596 875
401 965
388 846
214 693
66 566
553 833
700 852
269 745
30 234
251 468
367 908
522 702
295 919
376 764
367 944
657 746
8 337
92 187
304 335
89 935
300 481
110 878
447 500
59 275
207 402
76 736
203 548
50 455
175 715
354 866
254 635
332 963
434 602
297 862
416 813
211 264
395 839
557 672
218 568
464 975
538 924
268 654
21 405
65 740
325 816
233 553
491 848
309 957
187 293
619 853
482 884
220 735
201 987
106 978
470 766
105 116
337 502
730 842
442 784
668 867
459 873
548 685
594 652
212 736
104 416
388 849
569 744
115 919
189 868
246 356
252 399
76 173
120 216
41 72
24 428
472 704
135 524
200 919
490 572
493 992
579 915
131 410
311 606
182 721
497 733
83 599
21 624
70 251
172 936
281 843
285 962
136 201
110 737
887 923
45 199
263 687
369 439
182 433
396 542
311 992
119 413
598 905
108 749
864 912
278 406
50 170
323 557
313 809
210 796
358 551
90 471
246 984
247 949
916 958
57 968
756 826
532 932
432 765
189 858
747 777
212 582
485 628
237 526
222 626
406 447
10 218
443 631
328 384
303 736
209 549
147 488
27 163
673 683
276 904
590 914
61 650
119 920
267 755
354 823
57 945
441 791
686 738
177 452
316 796
138 152
520 971
274 650
323 426
434 788
480 755
689 749
520 562
565 713
99 160
666 765
185 312
287 854
442 499
514 524
265 457
429 974
703 948
224 276
690 978
679 856
874 915
725 972
184 999
427 640
385 723
63 709
665 777
587 714
204 604
544 752
156 527
670 748
226 857
267 480
7 175
660 820
779 920
391 695
324 605
236 492
91 174
390 550
262 401
384 921
140 969
340 994
113 952
376 688
121 318
719 990
205 397
558 664
17 346
86 854
602 627
244 882
221 261
295 964
248 623
116 324
33 555
29 176
653 937
238 844
20 20 0.05 0.05 0.05 0.05
3 3 3 3 3 3 3 2 3 3 3 3 3 2 3 3 3 3 3 3 3 2 3 3 3 3 3 1 3 3 3 3 3 3 3 3 3 3 2 2 3 3 3 3 3 3 2 3 3 3 3 3 3 3 3 3 2 3 3 3 3 2 3 3 3 2 3 1 3 1 3 3 3 3 3 1 3 3 3 3 2 3 3 3 3 3 3 3 3 3 3 3 3 3 3 3 3 3 3 3 3 3 3 3 3 2 1 3 3 3 3 3 1 3 3 1 2 2 3 2 3 3 3 3 3 3 3 3 3 3 3 3 3 3 2 3 3 3 3 3 3 2 1 1 3 3 3 3 2 3 3 3 3 3 3 3 3 3 3 3 3 3 1 1 1 3 3 2 3 3 3 2 3 3 3 2 3 3 3 3 3 3 3 3 3 3 3 3 3 1 3 3 3 3 1 2 3 2 1 3 2 3 2 3 3 3 3 3 3 3 3 3 3 3 3 3 3 3 3 1 3 3 3 3 3 3 3 3 3 3 3 3 3 3 3 3 3 3 3 3 3 3 3 2 3 3 2 3 2 3 3 3 3 3 3 3 3 3 3 2 3 3 3 2 3 3 3 2 3 3 3 3 3 3 3 3 3 3 3 3 3 3 3 3 3 3 3 3 3 3 3 3 3 3 2 2 3 3 3 3 2 3 3 3 3 3 3 3 3 3 3 3 3 3 3 3 3 3 3 3 3 3 3 3 2 2 3 3 3 3 3 3 3 3 3 3 3 3 3 3 3 3 2 3 3 3 3 2 3 3 3 3 1 3 3 3 2 3 3 3 3 3 3 3 3 3 3 3 3 3 3 3 3 3 3 2 3 3 3 3 3 3 3 3 3 2 2 3 3 3 3 3 3 3 2 3 3 3 3 3 3 3 3 2 3 1 3 3 3 3 3 3 3 2 3 2 3 3 3 3 3 3 1 3 3 3 3 3 3 3 3 3 3 3 3 3 2 3 3 3 3 3 1 3 3 3 3 3 3 2 3 3 3 2 3 3 3 3 3 3 3 2 2 3 3 3 1 3 3 2 3 3 2 3 3 3 2 3 3 3 2 2 3 3 3 3 3 3 3 3 3 3 3 3 3 3 3 3 1 2 3 3 3 2 3 3 3 2 3 3 2 3 3 3 3 3 3 3 3 3 3 3 3 3 3 3 3 3 3 3 1 2 1 3 3 3 3 3 3 3 3 3 2 3 3 2 3 3 3 3 3 3 3 3 2 3 1 3 2 3 3 3 2 3 3 3 3 3 3 3 3 3 3 3 3 3 3 3 3 3 3 3 3 3 3 3 3 3 3 3 2 3 3 3 3 3 3 3 1 3 2 3 3 3 3 2 3 3 3 2 3 3 3 2 3 3 3 1 3 3 3 3 2 2 2 3 3 3 3 3 3 3 3 3 3 3 3 3 3 3 3 3 3 1 3 2 3 2 2 3 3 3 3 3 3 3 3 3 3 3 3 3 3 3 2 3 3 3 3 3 1 2 3 3 3 3 2 3 1 3 3 3 3 3 3 3 3 1 3 3 1 3 2 3 3 3 3 3 3 3 3 3 3 3 2 1 3 3 3 3 3 3 1 3 3 3 3 3 2 3 3 3 3 2 3 3 3 3 3 3 3 3 3 3 1 3 3 3 3 3 3 3 3 3 3 3 3 3 1 3 3 3 3 3 3 2 2 3 3 3 3 3 3 3 3 3 3 3 3 3 3 3 3 3 3 3 3 3 3 2 3 3 3 3 1 3 3 3 3 3 3 3 2 3 3 3 3 3 3 3 3 3 3 3 3 3 3 2 3 3 3 3 3 3 2 3 3 3 3 3 3 3 3 3 3 3 3 3 3 1 3 3 3 3 1 3 3 3 3 3 3 3 3 3 3 3 3 3 3 3 3 3 3 3 3 3 3 3 1 1 3 3 3 3 3 3 3 3 1 3 2 3 3 3 3 3 3 3 3 3 3 3 3 3 3 3 3 3 3 3 3 3 3 3 3 3 3 3 3 3 3 3 3 3 3 1 3 3 3 3 2 3 3 3 2 3 3 3 3 2 2 3 3 3 3 3 3 3 3 3 3 3 1 3 3 3 3 3 2 3 3 3 3 3 3 3 3 3 3 3 3 2 3 3 3 3 3 3 3 3 2 3 3 3 2 3 3 3 3 3 3 3 3 3 3 3 3 1 1 3 2 1 3 3 2 3 3 3 3 1 3 3 3 3 3 3 3 3 3 3 
1 3 3 3 3 3 3 3 3 3 3 3 3 2 2 3 3 3 3 1 2 3 3 2 3 3 3 3 3 3 3 3 3 1 3 3 3 3 3 3 3 2 3 3 3 3 3 3 3 3 3 3 3 2 3 3 2 1 3 2 3 3 3 3 3 1 3 3 3 3 3 3 2 3 3 3 3 3 3 3 3 2 3 3 3 3 3 3 3 3 3 2 2 3 3 3 3 3 3 3 3 3 3 3 3 3 3 3 3 3 3 3 3 3 3 2 3 3 3 3 3 3 3 3 2 3 3 1 3 3 3 3 3 3 3 3 1 3 3 1 3 3 3 3 2 3 3 3 3 3 3 3 3 1 3 1 3 3 3 3 3 3 3 3 3 3 3 3 3 3 3 2 2 3 2 3 3 3 3 3 3 3 2 3 3 1 3 3 3 3 3 3 3 3 2 3 3 2 3 3 2 1 3 3 3 3 2 3 3 3 3 3 3 3 3 3 3 3 3 3 2 1 3 3 3 3 3 3 2 3 3 3 2 2 3 3 3 3 3 3 3 3 3 3 2 3 3 3 3 3 2 2 3 3 3 3 3 3 3 3 3 2 3 3 3 3 3 3 3 3 3 3 3 2 3 2 3 3 3 3 3 3 3 3 3 3 1 3 3 3 3 2 3 3 3 2 3 3 2 2 3 1 3 3 3 1 3 3 2 3 3 3 1 3 1 3 3 2 3 3 3 1 3 3 3 2 3 3 3 3 3 3 3 3 3 3 3 3 3 3 3 3 3 3 3 3 3 3 3 3 3 3 3 3 3 3 3 3 3 2 3 3 3 2 3 3 3 3 3 3 3 3 3 3 3 3 3 3 3 3 3 2 3 3 3 2 3 3 3 3 3 3 2 3 3 3 3 3 3 3 3 3 3 3 2 3 3 3 3 3 3 3 3 3 3 3 3 3 3 3 3 3 3 1 3 3 3 3 3 3 3 1 2 2 3 3 3 3 3 3 3 3 3 3 3 3 3 3 3 3 3 1 3 1 3 3 1 3 3 3 3 3 2 1 3 3 3 3 2 3 3 3 2 2 3 1 3 3 2 3 3 3 3 2 3 1 3 3 3 3 3 3 3 3 3 3 3 3 3 3 3 3 3 3 3 3 3 3 3 2 3 3 3 3 3 3 2 3 3 3 3 3 3 2 3 3 3 3 3 3 3 3 3 3 3 3 3 3 3 3 3 3 3 2 3 3 3 3 3 3 3 3 3 2 3 2 3 3 3 3 3 3 3 3 3 3 3 2 3 3 3 3 3 3 3 3 3 1 3 3 3 3 3 3 1 3 3 3 3 3 3 3 3 3 3 3 3 3 3 3 3 2 3 2 3 3 3 3 3 3 3 3 3 3 3 3 1 3 3 3 3 3 3 3 3 3 3 3 1 2 3 3 3 3 3 3 3 1 3 3 3 3 3 2 3 3 3 3 3 3 3 3 3 2 3 3 3 3 2 3 3 3 3 3 3 3 1 3 3 3 3 3 3 3 3 3 2 3 3 3 3 2 3 3 3 3 3 3 3 3 3 3 3 3 3 3 1 3 3 3 3 3 3 3 2 2 3 3 3 3 3 3 3 3 3 3 3 3 3 3 3 2 3 3 3 3 3 3 3 3 3 2 3 3 3 3 3 3 3 3 2 3 3 3 3 3 3 3 3 3 3 3 3 3 3 3 1 3 3 2 3 3 3 3 3 2 3 3 3 3 3 3 3 3 3 3 3 3 3 3 3 3 1 3 3 3 3 3 3 3 2 3 3 3 3 2 3 2 2 3 3 3 3 3 3 3 3 3 3 3 3 3 3 3 3 3 2 2 2 3 3 3 2 3 3 3 1 3 3 3 3 3 3 2 3 3 3 3 1 3 3 3 3 3 3 3 3 3 3 3 3 3 3 3 3 3 3 3 3 2 3 3 3 3 3 3 3 3 3 3 3 3 1 3 3 3 3 3 3 3 3 3 3 3 3 3 3 2 3 3 3 3 1 3 3 3 3 3 3 3 3 3 3 3 3 3 3 3 3 3 3 3 3 3 3 3 3 3 1 2 3 3 3 1 3 3 3 3 2 3 2 3 3 3 3 3 2 2 2 3 3 3 2 1 3 1 3 3 3 3 3 2 3 3 3 3 3 3 3 1 3 3 3 3 2 3 3 3 1 3 3 3 3 1 3 3 3 2 3 3 3 3 3 2 3 3 1 2 3 3 3 3 3 3 3 1 2 3 3 3 
3 3 3 3 3 3 2 3 3 3 3 3 3 3 3 3 2 1 3 3 3 3 3 3 3 3 3 3 3 3 3 3 3 3 3 3 1 1 3 3 2 3 1 2 3 2 3 3 3 3 2 3 3 3 3 3 3 3 3 3 3 3 3 3 3 3 3 3 3 3 3 2 3 3 3 3 3 3 3 3 3 3 3 3 3 3 3 3 3 2 3 3 3 3 3 3 3 3 2 3 3 3 3 3 3 3 3 3 3 3 3 3 3 3 3 3 3 3 3 3 3 3 3 3 3 3 1 3 1 3 3 3 1 3 3 3 3 3 3 3 3 3 3 3 3 3 2 3 3 3 3 3 3 3 3 3 3 3 2 3 3 2 3 3 3 3 3 3 3 3 2 3 3 3 3 3 3 3 3 2 3 1 3 3 3 3 3 3 3 3 3 2 2 3 3 3 3 3 3 2 3 3 3 3 3 3 3 3 3 1 3 3 3 3 3 3 3 3 3 3 3 3 1 3 2 3 3 2 3 3 3 3 3 3 3 1 2 3 3 3 3 3 2 3 3 3 3 3 3 2 3 3 2 3 3 3 1 3 3 3 3 3 1 3 3 3 3 3 3 2 3 3 3 3 2 3 2 3 3 3 2 3 3 3 3 3 3 3 3 1 3 3 3 3 3 3 2 3 3 3 3 3 3 3 3 3 2 3 3 3 2 3 3 2 3 3 3 3 3 3 2 3 2 3 3 3 2 3 3 3 3 3 2 1 3 3 3 3 3 3 3 3 3 3 3 3 2 3 2 3 3 3 3 2 2 3 3 2 3 3 2 3 3 3 3 3 3 3 2 3 3 2 3 3 3 3 3 1 3 3 3 3 3 3 3 3 3 3 1 3 3 3 3 3 3 3 3 3 3 2 3 1 3 3 3 3 3 3 3 3 3 3 3 3 1 3 3 3 3 3 3 3 3 3 3 3 3 3 3 3 3 3 3 3 3 2 3 3 3 3 3 2 3 3 3 3 3 3 3 3 3 3 3 3 3 2 3 3 3 3 3 3 3 3 1 3 3 3 3 3 3 3 3 3 2 3 3 3 3 3 3 3 3 3 2 3 3 2 3 3 3 3 2 3 3 3 3 3 3 3 3 3 3 3 3 3 2 3 3 3 3 3 3 3 3 3 3 3 3 2 3 1 3 3 3 3 3 3 1 3 3 3 3 3 2 3 3 2 3 3 3 3 3 3 1 3 2 3 3 1 3 3 3 3 3 3 3 3 3 3 2 3 3 3 3 3 3 3 3 3 1 2 3 3 2 3 3 3 3 3 3 3 3 3 3 3 2 3 2 3 3 3 3 3 3 1 2 3 3 3 3 3 3 3 3 3 3 3 2 3 3 1 3 3 3 3 3 3 2 3 3 3 3 3 3 3 1 3 3 3 3 3 3 2 3 3 3 3 3 3 3 2 3 3 3 3 3 3 3 3 3 3 3 3 3 3 3 2 3 3 3 1 3 3 3 3 3 2 3 1 3 3 3 3 3 3 3 2 3 2 3 3 3 3 2 3 3 3 3 3 3 3 3 3 3 3 3 2 3 3 3 3 3 3 3 3 3 3 3 3 3 2 3 3 3 3 3 3 3 2 3 3 3 3 3 3 3 3 3 3 3 3 3 3 3 3 3 3 3 2 3 1 3 3 3 2 2 3 3 3 3 1 1 3 3 3 3 3 2 3 3 3 3 3 3 3 3 3 3 3 1 2 3 3 2 3 1 3 3 3 3 3 3 3 3 2 3 3 3 3 3 3 3 3 3 3 3 3 3 3 3 3 3 3 3 3 3 3 3 2 2 3 3 3 3 3 3 3 3 3 3 3 3 2 3 3 3 3 3 3 3 3 3 3 3 3 3 3 3 3 3 3 3 3 3 3 1 3 3 1 3 3 3 3 3 3 3 3 3 3 3 3 3 2 3 3 2 3 3 3 3 3 3 3 3 2 3 2 3 3 3 3 3 3 3 3 3 3 3 3 3 3 3 3 3 2 3 2 3 3 2 3 3 3 2 3 2 3 3 3 3 3 3 3 3 3 3 3 3 3 3 3 2 3 3 3 3 3 3 3 3 3 3 3 1 2 3 3 3 3 3 3 3 3 3 3 2 2 3 3 3 3 3 1 3 3 3 2 3 3 3 3 3 3 3 1 3 3 3 3 3 3 3 3 3 2 3 3 3 3 3 3 1 3 3 3 3 3 3 3 2 3 3 3 3 3 3 3 3 3 
3 3 3 3 3 3 3 3 3 3 3 2 3 3 3 3 3 3 1 3 3 3 3 3 3 3 3 3 1 3 3 1 3 3 3 3 3 3 3 3 3 3 3 2 3 2 3 3 2 3 2 3 2 3 2 3 3 3 3 3 3 3 3 3 3 3 1 3 3 3 3 1 3 3 3 3 3 3 3 2 3 3 3 3 3 3 3 3 3 3 3 3 3 2 2 3 2 3 3 3 3 3 2 3 3 3 3 3 2 3 3 3 3 1 3 3 3 3 3 3 3 3 2 3 3 2 3 3 3 2 2 1 3 3 3 3 3 3 3 3 3 3 3 3 3 3 3 3 3 3 2 3 3 3 3 3 3 3 3 3 3 2 3 3 3 3 3 3 3 3 1 3 3 3 3 3 3 3 3 3 3 2 3 3 3 3 3 3 2 3 3 3 3 3 3 3 3 3 3 2 3 3 3 3 1 3 3 2 3 3 2 3 3 3 3 3 3 3 3 3 3 3 3 3 3 2 3 3 3 3 3 3 3 3 3 3 3 3 3 3 3 3 3 3 3 3 3 3 3 3 3 3 2 3 3 3 3 3 3 3 3 3 3 3 3 2 3 3 3 1 2 2 3 3 3 3 3 3 3 3 3 3 3 3 3 1 3 3 3 3 3 3 3 3 3 3 3 3 3 3 3 3 2 3 3 3 3 3 3 3 3 3 3 3 3 3 1 3 3 3 3 3 3 3 3 3 2 3 3 3 2 3 3 2 3 3 3 3 3 3 3 3 3 2 3 3 3 3 3 3 3 2 3 2 3 3 3 3 3 3 2 3 2 3 3 3 3 3 3 3 3 3 3 3 1 3 3 3 3 1 3 3 3 3 3 3 3 2 3 3 3 3 3 3 3 2 3 3 2 2 3 3 2 3 3 3 3 1 3 3 2 1 2 3 3 3 3 3 3 3 3 3 3 3 3 3 3 3 3 3 3 3 3 3 3 3 3 3 3 3 3 3 3 3 3 3 2 3 3 3 3 3 3 3 2 2 3 2 3 3 3 3 3 3 3 3 3 3 3 3 3 3 3 3 3 3 3 3 3 3 3 3 3 3 3 3 3 3 3 3 3 2 3 3 3 3 3 2 3 3 3 3 3 3 3 3 3 3 3 3 3 2 3 3 3 3 3 3 3 2 3 3 3 3 3 2 3 3 3 3 3 3 3 3 2 1 3 3 3 1 3 3 3 3 3 3 2 3 3 2 3 3 1 3 3 3 3 3 3 3 3 3 3 3 2 3 1 3 3 3 3 3 3 2 3 3 3 3 3 3 3 3 3 3 3 3 3 3 3 3 3 3 3 2 2 3 3 3 3 3 3 3 3 3 1 3 3 3 2 3 3 2 3 3 3 2 3 3 3 3 1 1 3 3 3 3 3 3 3 3 3 3 2 3 2 3 1 3 3 3 3 2 3 3 3 3 2 3 3 3 3 3 2 3 3 2 3 3 3 3 3 2 3 1 3 3 3 3 2 3 3 3 3 1 3 3 3 3 3 3 2 3 3 1 3 3 2 3 3 1 3 3 3 3 3 3 3 3 3 3 3 3 3 3 3 3 3 3 3 3 2 3 3 3 3 3 3 3 3 3 3 3 3 3 3 3 3 3 3 3 3 3 3 3 3 3 3 3 2 3 3 3 3 3 3 1 3 3 3 1 2 3 3 3 3 3 3 3 3 3 3 3 3 3 3 3 3 3 2 3 3 2 2 1 3 1 2 3 3 3 3 3 3 3 3 3 3 2 3 3 3 3 3 3 3 3 1 3 3 3 3 3 1 3 3 3 3 3 3 3 3 3 3 3 3 3 3 3 3 1 3 3 3 3 3 3 3 2 3 3 3 1 3 3 3 3 3 2 3 2 3 3 3 3 3 3 3 3 2 3 2 3 3 3 3 3 3 3 3 3 3 3 3 3 3 3 3 2 3 3 3 3 3 3 2 3 3 3 3 3 1 3 3 2 3 3 3 3 3 3 3 3 3 3 3 3 3 3 3 3 3 3 2 3 3 3 2 3 3 3 3 3 3 3 3 3 2 2 3 3 3 3 2 3 3 2 3 3 3 3 3 3 3 3 3 3 3 3 3 3 1 3 3 3 3 3 2 3 3 3 2 3 1 3 3 3 1 2 3 3 3 3 1 3 3 3 3 3 3 2 3 3 3 3 3 3 3 3 3 3 3 3 3 3 3 3 3 3 3 3 3 3 3 3 3 3 3 3 3 3 
3 2 1 3 3 2 3 3 3 2 3 3 3 3 3 2 3 3 3 3 3 3 3 3 3 3 1 3 3 3 3 3 3 3 3 2 3 3 3 3 3 3 3 3 1 3 3 2 3 2 3 3 3 3 3 2 3 3 3 3 3 3 2 3 3 3 3 3 3 3 1 3 3 2 2 3 3 3 3 3 3 3 3 3 3 3 3 3 3 3 3 3 3 3 3 3 3 3 3 1 3 3 3 3 2 3 3 2 3 2 3 3 3 3 3 3 3 3 3 3 3 3 3 1 2 3 3 3 3 3 3 3 3 3 3 3 3 3 3 3 3 3 3 3 3 3 3 3 3 3 3 3 3 3 3 3 3 3 3 2 1 3 3 3 3 3 2 3 3 3 3 3 3 3 3 3 3 3 2 3 3 3 3 3 2 3 3 3 3 3 2 3 3 2 3 3 3 3 3 3 3 3 3 1 3 3 3 3 3 3 3 3 2 2 1 3 3 3 3 3 3 3 3 3 3 3 3 3 3 3 3 3 3 3 3 3 3 1 1 3 3 3 3 3 3 2 3 3 3 2 3 2 3 3 2 3 3 3 3 3 3 3 3 3 3 3 3 3 2 3 3 3 1 3 3 3 3 2 2 3 3 3 1 3 3 3 3 3 3 3 3 2 2 3 3 3 3 1 2 3 3 3 3 3 1 3 3 3 3 3 3 3 3 3 3 3 3 3 3 3 3 3 3 3 3 3 3 3 3 3 3 3 3 3 1 1 3 3 3 1 3 3 3 3 3 3 3 3 3 3 1 3 3 3 3 3 3 3 3 3 3 3 3 3 3 3 3 3 3 2 2 3 3 3 3 3 2 3 3 3 3 3 3 3 3 3 3 3 3 3 3 3 3 3 3 3 3 3 3 3 3 3 3 3 3 3 1 3 2 3 3 3 3 3 3 3 1 3 3 1 3 3 3 3 2 3 3 3 3 3 3 3 3 3 3 3 3 3 2 2 1 3 3 3 2 3 3 2 3 3 3 3 3 3 3 3 3 3 3 2 3 3 3 3 3 3 3 3 2 3 2 3 3 3 3 3 3 3 3 3 3 3 2 3 3 3 3 3 3 2 2 3 3 3 3 3 3 3 3 3 2 2 3 3 3 2 3 3 3 3 3 3 3 3 3 3 3 3 3 3 3 3 3 3 3 3 1 3 3 2 3 3 3 3 3 3 3 3 3 3 3 3 3 2 3 3 3 2 2 3 3 3 3 3 3 3 3 3 3 3 3 3 3 1 3 1 3 3 3 3 3 3 2 3 3 3 3 3 2 3 3 3 2 3 3 3 3 2 3 3 3 3 3 3 3 3 3 3 3 3 3 2 3 3 3 3 3 1 3 3 3 3 2 3 3 3 3 3 3 2 3 3 3 3 3 3 3 3 3 3 2 3 3 3 3 2 3 3 3 2 3 3 1 3 3 3 3 3 3 1 3 3 3 3 2 3 3 3 3 3 1 3 3 3 3 3 3 3 3 3 3 3 3 3 3 3 3 3 3 3 3 3 3 3 3 2 3 3 2 3 3 1 3 1 3 3 3 3 2 3 3 2 3 3 3 3 3 1 3 3 3 3 3 1 3 3 3 3 3 3 1 3 1 3 3 2 3 3 3 2 1 3 2 3 3 3 2 3 3 3 3 3 3 2 3 3 3 3 3 3 3 3 3 1 3 3 3 2 2 3 3 3 3 2 2 3 3 2 3 2 3 3 3 3 3 3 3 3 3 3 3 3 2 3 3 3 3 3 3 3 3 3 3 3 2 3 3 3 3 3 3 3 3 1 3 2 3 3 3 3 3 1 3 1 3 3 3 3 3 3 1 2 3 3 3 3 3 3 3 3 3 3 2 3 3 3 3 3 3 3 2 3 1 3 1 2 3 3 3 3 3 3 3 2 3 3 3 3 3 3 3 3 1 3 3 3 3 3 3 3 3 3 3 2 3 3 2 3 3 3 3 3 3 3 2 3 3 3 3 3 3 3 3 3 3 3 3 3 2 3 3 3 3 3 3 3 3 2 3 3 3 3 3 3 3 3 3 3 3 3 3 3 3 3 3 3 3 1 3 2 3 2 3 2 3 3 3 2 3 3 3 3 3 3 3 3 3 3 3 3 3 3 3 3 3 3 3 3 3 3 3 1 3 3 3 3 3 1 3 3 1 3 2 3 3 3 3 3 3 3 3 3 3 3 3 3 3 3 3 3 3 3 3 3 3 3 3 3 3 2 
3 2 1 3 3 2 3 3 3 2 3 3 3 3 3 2 3 3 3 3 3 3 3 3 3 3 2 3 3 3 3 3 3 3 3 3 3 3 3 3 3 3 3 3 1 3 3 3 3 3 3 3 3 3 3 2 3 3 3 3 3 3 1 3 3 3 3 3 3 3 2 3 3 2 2 3 2 3 3 3 3 3 3 3 3 3 3 3 3 3 2 3 3 3 3 3 3 3 3 1 3 2 3 3 1 3 3 2 3 2 3 3 3 3 2 3 3 3 3 3 3 3 3 1 2 3 3 3 3 3 3 3 3 3 3 3 3 3 3 3 3 3 3 3 3 3 3 3 3 3 3 3 3 3 3 3 3 3 3 2 1 3 3 3 3 3 3 3 3 3 3 3 3 2 3 3 3 3 2 3 3 3 3 3 3 3 3 3 3 3 3 3 3 3 3 3 3 3 3 3 3 3 3 2 3 3 3 3 3 3 3 3 2 2 2 3 3 3 3 3 3 3 3 3 3 3 3 3 3 3 3 3 3 3 3 3 3 1 2 3 3 3 3 3 3 2 3 2 3 3 3 2 3 3 2 2 3 3 3 3 3 3 3 3 2 3 3 3 2 3 3 3 2 3 3 3 3 2 1 3 3 3 2 3 3 3 3 3 3 3 3 3 2 3 3 3 3 1 2 3 3 3 3 3 2 3 3 3 3 3 3 3 3 3 3 3 3 3 3 3 3 3 3 3 3 3 3 3 3 3 3 3 3 3 1 1 3 3 3 1 3 3 3 3 3 3 3 3 3 3 1 3 3 3 3 3 3 3 3 3 3 3 3 3 3 2 3 3 3 1 3 3 3 3 3 3 1 3 3 3 3 3 3 3 3 3 3 3 3 3 2 3 3 2 3 3 3 3 3 3 3 3 3 3 3 3 1 3 2 3 3 3 3 3 3 3 1 3 3 1 2 3 3 3 2 3 3 3 3 3 3 3 3 3 3 3 3 3 2 1 1 3 3 3 2 3 3 2 3 3 3 3 3 3 3 3 3 3 3 3 3 3 3 3 3 3 3 3 2 3 3 3 3 3 3 3 3 2 3 3 3 3 1 3 3 3 3 3 3 2 2 3 3 3 3 3 3 3 3 3 2 2 3 3 3 1 3 3 3 3 3 3 3 3 3 3 3 3 2 3 3 3 3 3 3 3 2 3 3 1 3 3 3 3 3 3 3 3 3 3 3 3 3 3 3 3 3 2 2 3 2 3 3 3 3 3 3 3 3 3 3 3 3 1 3 1 3 3 3 3 3 3 2 3 3 2 3 3 1 3 3 3 2 3 3 3 3 2 3 3 3 3 2 3 3 3 3 3 3 3 3 3 3 3 3 3 3 2 3 3 2 3 2 3 3 3 3 3 3 2 3 3 3 3 3 3 3 2 3 3 3 3 3 3 3 2 3 3 3 3 3 3 2 3 3 3 3 3 3 2 3 3 3 3 2 3 3 3 3 3 1 3 3 3 3 3 3 3 3 3 3 3 3 3 2 3 3 3 3 3 3 3 3 3 3 2 3 3 1 3 3 1 3 2 3 3 3 3 2 3 3 1 3 3 3 3 3 2 3 3 3 3 3 1 2 3 3 3 3 3 2 3 1 3 3 2 3 3 2 1 2 3 2 3 3 3 3 3 3 3 3 3 3 3 3 3 3 3 3 3 3 3 3 2 3 3 3 2 3 3 3 3 2 1 1 3 3 1 3 2 3 3 3 3 3 3 3 3 3 3 3 3 3 3 3 3 3 3 3 3 3 3 3 3 2 3 3 3 3 3 3 3 3 1 3 1 2 3 3 3 3 1 3 1 3 3 3 3 3 3 1 1 3 3 2 3 3 3 2 3 3 3 2 3 3 3 3 3 3 3 1 3 2 3 2 3 3 3 3 3 3 3 3 2 3 3 3 3 3 3 3 3 1 3 3 3 3 3 3 3 3 3 3 3 3 3 1 3 3 3 3 3 2 3 1 3 3 3 3 3 3 3 3 3 3 3 3 3 3 3 3 3 3 3 3 3 3 3 3 3 3 3 2 3 3 3 3 3 3 3 3 3 3 3 3 3 3 2 3 3 3 2 3 1 3 3 3 3 3 3 3 3 3 3 3 3 3 3 3 2 3 3 3 3 3 3 3 3 3 3 3 1 3 3 3 3 3 2 3 3 1 3 3 3 3 3 3 3 3 3 3 3 3 3 3 3 3 3 3 3 3 3 3 3 3 3 3 3 3 3 
3 3 3 3 3 3 3 3 3 3 3 2 2 3 3 3 3 3 1 3 3 3 3 3 3 3 3 3 1 3 3 2 3 3 3 3 3 3 3 3 3 3 3 3 3 3 3 3 3 3 2 3 3 3 3 3 3 3 3 3 3 3 3 3 3 3 1 3 3 3 3 2 3 3 3 3 3 3 3 2 3 3 3 3 3 3 2 3 3 3 3 3 3 1 2 3 3 3 3 3 3 3 3 3 3 3 3 3 1 3 3 3 3 1 3 3 3 3 3 3 3 2 2 3 3 3 3 3 3 2 1 1 3 3 3 2 3 3 3 3 3 3 3 3 3 3 3 3 3 3 2 3 3 3 3 3 3 2 3 3 3 3 3 3 3 3 3 3 3 2 2 3 3 3 3 3 3 3 3 3 3 3 3 3 3 3 3 3 2 3 3 3 3 3 3 3 3 3 3 3 3 3 3 3 1 2 3 1 2 3 2 3 3 3 3 3 2 3 3 3 3 3 3 3 3 2 3 3 3 3 3 3 3 3 3 3 3 3 3 3 3 3 3 3 3 3 3 3 3 3 3 3 2 2 3 3 3 3 3 3 3 3 3 3 3 1 3 3 3 2 1 2 3 3 3 3 3 3 3 3 3 3 3 3 3 2 3 2 3 3 3 3 3 3 3 3 3 3 3 3 3 3 3 3 3 3 3 3 3 3 3 3 3 3 3 3 2 3 2 3 3 3 3 3 3 3 3 3 3 3 3 3 2 3 3 3 3 3 3 3 3 3 3 3 3 3 3 3 3 3 3 1 3 3 3 3 3 3 3 3 3 3 2 3 3 3 3 2 3 3 3 3 3 3 2 3 3 3 2 1 3 3 2 3 3 3 3 1 3 3 3 3 3 3 3 2 3 2 2 3 3 3 2 3 3 3 3 1 3 2 2 1 2 3 3 3 3 3 3 3 3 3 3 3 3 3 3 2 3 3 3 3 3 3 3 3 3 2 3 3 3 3 3 3 3 3 1 3 3 3 3 3 3 3 1 2 3 2 3 3 3 3 3 3 3 3 3 3 3 3 3 3 3 3 3 3 3 3 3 3 3 3 3 3 3 3 3 3 3 3 3 1 3 3 3 3 3 3 3 3 3 3 2 3 3 3 3 3 3 3 3 2 3 3 3 3 3 2 3 3 3 3 3 3 3 1 3 3 3 3 3 3 3 3 3 1 3 3 3 1 3 3 3 3 3 3 3 3 3 3 3 3 2 3 3 3 3 3 3 3 3 2 3 3 2 3 2 3 3 3 3 3 3 2 3 3 3 3 3 2 3 3 3 3 3 3 3 3 3 3 3 2 3 1 2 3 3 3 3 3 3 3 3 3 1 3 3 3 3 3 3 3 3 3 3 3 3 3 3 3 2 2 3 3 3 3 3 3 3 3 3 3 2 3 3 3 2 3 3 3 3 3 3 3 3 3 1 3 3 3 3 3 2 3 3 3 3 3 3 3 3 3 3 2 3 3 3 3 3 3 3 3 3 2 3 2 3 3 3 3 1 3 3 2 3 3 2 3 3 1 3 3 3 3 3 3 3 3 3 3 3 3 3 3 3 3 3 3 3 3 2 3 3 3 3 3 3 3 3 3 3 3 3 3 3 3 3 3 3 3 3 3 3 3 3 3 3 3 3 3 3 3 3 3 3 2 3 3 3 1 2 3 3 3 3 3 3 3 3 3 2 3 3 3 3 3 3 3 1 3 3 2 3 1 3 1 3 3 3 3 3 3 3 3 3 3 3 3 3 3 3 3 3 3 3 3 2 3 3 3 2 2 2 3 3 3 3 3 3 3 3 3 3 3 3 3 3 3 3 1 3 3 3 3 3 3 3 3 3 3 3 2 3 3 3 3 3 1 3 2 3 3 3 3 3 3 3 3 1 3 1 3 3 3 2 2 3 3 3 3 3 2 3 3 3 3 3 2 3 3 3 3 3 3 2 3 3 3 3 3 2 3 3 2 3 3 3 3 3 3 3 2 3 3 3 3 3 3 3 3 3 3 3 2 3 3 3 3 2 3 3 3 3 3 3 2 2 1 3 3 3 2 3 3 3 2 3 3 3 3 3 3 3 3 3 3 3 3 3 3 1 3 3 3 2 3 2 3 3 3 2 3 1 3 3 3 2 3 2 3 3 3 1 2 3 3 3 3 3 3 3 3 3 3 3 3 3 3 3 3 3 3 3 3 3 3 3 3 3 3 2 3 3 3 3 3 3 3 3 3 
3 3 3 3 3 3 3 1 3 3 3 3 3 3 3 3 3 3 3 3 3 1 3 3 3 3 3 1 3 3 3 3 3 3 3 3 3 3 1 1 3 3 3 2 3 3 3 3 3 3 3 3 2 3 3 3 3 3 3 3 3 2 3 3 3 3 3 2 3 2 3 3 3 3 3 2 3 3 3 3 1 3 3 3 3 3 3 3 3 3 3 3 3 3 3 3 2 3 3 3 3 3 3 3 3 2 1 3 3 3 3 3 2 3 3 1 2 2 3 1 3 3 3 3 3 3 3 3 3 3 3 3 3 2 1 3 3 3 3 3 2 2 3 3 3 3 3 3 1 3 3 3 3 3 2 3 3 3 3 3 3 3 3 1 2 3 3 1 3 3 3 3 3 3 3 2 3 3 3 3 3 3 3 3 3 3 3 3 3 1 3 3 3 3 2 2 2 3 3 3 2 3 2 3 3 3 3 3 3 3 3 3 3 3 3 3 3 2 3 2 3 3 3 3 3 3 3 3 3 3 3 3 3 3 3 3 3 3 3 2 3 3 3 3 3 3 3 3 1 3 3 3 3 3 3 3 3 3 3 3 1 3 3 2 3 3 3 2 3 3 3 3 3 3 3 3 3 3 3 3 3 2 3 3 2 3 3 3 3 3 3 3 3 3 3 2 3 3 3 3 1 3 3 3 3 3 3 3 3 3 3 3 3 3 3 3 3 3 3 3 3 3 3 3 1 3 3 2 3 3 2 3 3 3 3 3 3 3 3 3 3 3 2 3 3 3 3 3 3 3 3 3 2 3 3 3 3 3 3 3 3 3 3 3 3 3 2 3 3 3 3 3 3 3 3 3 3 3 3 3 3 3 3 3 3 3 2 3 3 3 3 3 3 3 2 3 2 3 3 3 3 3 3 1 3 1 3 3 3 3 3 3 3 1 3 2 3 3 3 3 3 1 1 3 3 3 3 3 3 2 3 3 3 3 3 3 3 3 3 3 3 3 3 3 3 3 3 3 3 3 3 3 3 2 3 3 3 3 3 3 3 2 3 3 3 2 2 3 3 1 3 3 2 3 3 3 3 3 3 3 2 1 3 3 3 3 3 3 3 3 3 3 3 3 3 3 3 2 3 3 3 3 3 2 3 3 3 3 3 3 1 3 2 3 3 3 3 3 3 3 2 3 3 3 3 3 3 3 3 3 3 2 2 3 3 3 3 3 3 3 3 3 2 3 3 1 3 3 3 3 3 3 3 3 1 3 2 3 3 2 3 3 2 3 3 3 3 3 3 3 3 3 3 3 3 3 3 3 3 3 3 3 3 3 3 2 3 3 3 3 3 3 3 3 3 3 3 3 2 3 3 3 3 3 3 1 3 3 3 3 3 3 3 2 2 3 3 2 2 3 3 3 1 1 1 3 3 3 3 3 3 3 3 3 3 3 3 3 3 3 3 3 3 1 3 3 3 2 3 3 2 3 3 3 3 3 3 3 3 3 3 3 3 3 3 2 3 3 3 3 3 1 3 3 3 3 2 3 3 3 3 3 3 3 3 3 3 2 3 3 2 3 1 3 1 3 3 3 3 3 3 3 3 3 2 3 3 3 3 3 3 3 2 3 3 2 3 3 1 3 3 3 3 3 3 3 1 3 3 3 3 3 3 2 2 3 3 3 3 3 3 3 3 3 3 3 3 2 3 3 3 3 3 3 3 2 3 3 3 3 3 3 3 3 3 3 3 3 3 3 3 3 2 3 3 3 3 2 3 1 3 3 3 3 2 3 3 3 3 3 3 3 2 3 3 3 3 3 3 3 3 3 3 3 3 3 3 2 3 3 3 3 1 3 1 3 3 3 3 3 3 3 3 3 3 3 3 2 3 1 1 3 3 3 3 3 3 3 3 3 3 2 3 2 3 3 3 3 3 3 3 3 3 3 3 3 3 3 2 2 3 3 3 3 3 3 3 3 2 3 1 3 3 3 3 3 3 3 3 3 3 3 3 3 3 3 3 3 3 3 3 3 3 3 3 3 1 3 3 3 3 3 2 3 3 2 3 3 3 3 3 3 3 3 2 3 3 3 3 2 1 3 3 3 3 3 3 3 3 3 3 3 2 3 3 3 3 3 3 3 3 3 3 3 3 3 3 3 3 3 3 3 3 3 3 3 3 3 3 3 1 3 3 3 2 3 3 3 3 2 3 2 3 3 2 3 3 2 1 3 2 2 3 3 3 3 3 3 2 3 3 3 3 2 3 3 3 1 3 3 
3 3 3 3 2 3 3 3 3 3 2 3 3 3 1 3 3 3 3 2 3 3 3 3 3 3 3 3 3 3 2 3 3 1 3 3 3 3 3 3 3 1 3 3 3 3 3 3 3 3 3 2 3 3 3 3 3 2 3 2 2 3 3 3 2 3 3 3 3 3 3 3 1 3 3 3 3 3 3 3 3 2 1 3 3 3 3 2 2 3 3 2 2 3 3 3 3 1 3 3 3 3 3 3 3 3 3 3 3 3 3 3 3 3 3 3 3 3 3 3 3 3 3 3 3 3 3 2 3 3 3 3 3 3 3 3 3 3 3 2 3 3 3 3 2 3 3 3 3 1 3 3 3 2 3 3 3 3 3 3 3 3 3 3 3 1 3 3 3 3 3 3 1 3 2 3 3 3 3 3 3 3 2 3 3 2 2 3 3 3 3 3 3 3 3 3 3 3 3 3 3 3 3 3 3 3 2 3 3 3 3 3 3 3 3 1 3 3 1 3 3 1 3 3 3 3 3 3 1 3 3 3 3 1 3 3 3 3 3 3 3 3 3 3 1 3 3 3 3 3 1 3 3 3 3 3 3 3 3 3 3 1 3 3 3 3 2 3 3 3 3 3 3 3 3 2 3 3 3 3 3 3 3 3 3 3 3 3 2 3 3 3 3 3 3 3 3 3 3 3 3 2 3 3 3 3 3 2 3 3 3 3 2 3 2 3 3 2 3 3 3 2 3 2 3 3 3 3 3 3 3 2 3 3 3 3 3 3 3 3 3 3 3 3 2 3 3 3 3 3 3 3 3 3 3 3 3 3 3 2 3 2 3 2 1 2 3 3 3 3 3 3 3 3 3 3 3 3 3 3 2 1 3 3 3 3 3 3 3 3 2 3 3 2 3 3 3 3 3 3 3 3 3 3 1 3 3 3 3 3 3 3 3 3 3 3 3 3 3 3 3 3 3 3 3 3 2 3 3 3 3 2 2 2 2 3 3 3 3 3 3 3 3 3 3 2 3 3 3 3 3 1 3 3 3 3 2 3 3 3 3 3 3 1 3 3 3 3 3 3 3 3 3 2 3 3 3 2 1 3 3 3 2 2 3 3 2 3 3 3 3 3 3 3 3 2 2 3 3 3 3 3 3 3 1 3 3 3 3 2 3 3 3 3 3 3 2 3 2 3 3 3 3 2 3 3 3 3 3 2 3 3 3 2 3 3 2 3 3 3 3 3 3 3 3 3 3 3 3 3 3 3 3 1 3 1 3 3 3 3 3 3 3 3 3 3 3 1 2 3 3 3 3 3 3 3 2 1 3 3 3 3 3 3 2 3 3 3 3 3 3 3 2 3 3 3 3 3 3 3 3 3 2 2 3 3 3 3 3 3 2 3 3 3 3 3 1 3 3 3 3 3 3 3 3 3 3 2 3 2 3 3 3 3 3 3 3 3 3 3 3 3 3 3 3 3 3 3 3 3 3 3 3 3 3 3 3 3 3 3 3 3 3 3 3 3 2 3 3 3 3 3 3 3 3 3 3 3 3 3 3 1 3 3 3 3 3 3 3 3 3 3 3 3 3 3 2 3 3 3 3 3 3 3 3 3 3 3 2 3 3 3 3 3 3 3 3 3 3 3 3 2 3 3 3 3 3 3 3 3 3 2 3 3 3 3 3 3 3 3 2 3 3 3 3 3 3 3 3 3 3 3 3 3 3 3 2 3 3 1 3 2 3 3 3 2 3 3 3 3 3 3 3 3 3 3 3 3 3 3 3 3 3 3 3 3 3 3 1 2 2 3 3 3 2 3 3 3 3 3 3 3 3 3 2 3 2 3 3 3 3 3 3 3 3 3 3 2 2 3 3 3 3 3 3 3 2 3 3 3 3 3 3 1 3 3 3 3 2 3 3 3 3 3 3 3 3 2 3 3 3 3 3 3 3 3 3 3 3 3 2 3 3 3 3 3 3 3 3 3 3 3 2 3 3 3 3 3 3 3 3 3 1 3 2 3 2 3 3 3 3 3 1 3 3 3 3 3 3 3 3 2 3 3 3 3 3 3 3 3 3 3 3 3 3 3 3 3 1 3 3 3 3 3 3 3 3 3 1 3 3 3 3 3 3 3 1 3 3 3 3 3 2 2 3 2 3 3 3 3 3 3 3 3 3 3 3 3 3 1 3 3 3 3 3 3 3 3 1 3 3 3 3 2 3 3 3 3 3 3 3 3 3 1 3 3 1 3 3 3 3 3 3 3 3 3 3 3 3 3 
3 3 3 3 2 3 3 3 3 3 3 3 3 2 2 3 3 3 3 3 3 3 2 3 3 3 3 3 3 3 3 3 2 3 2 3 3 3 3 2 3 2 3 3 3 3 2 3 3 3 3 3 3 3 3 3 2 3 3 3 1 3 3 3 3 3 3 3 3 3 3 3 2 3 3 2 3 3 3 3 3 3 2 3 3 3 3 1 2 3 3 3 3 3 3 3 3 3 3 3 3 3 3 1 3 3 3 3 3 3 3 3 2 3 3 3 3 2 3 3 3 3 3 3 3 3 3 3 3 3 3 3 3 3 3 3 3 3 3 3 3 3 2 2 3 3 3 3 3 3 3 3 3 3 3 3 3 3 3 3 3 3 2 3 3 2 3 3 1 3 3 2 3 3 3 3 3 3 3 3 3 3 3 3 3 3 3 3 3 3 3 3 3 3 3 2 3 2 2 3 2 3 3 3 3 3 3 3 3 3 3 3 3 3 3 3 3 2 3 3 3 3 3 1 3 3 3 3 3 3 3 3 2 2 3 3 3 3 3 2 3 3 3 2 3 3 1 3 3 3 3 3 3 3 3 3 3 2 3 1 3 3 3 3 3 3 2 2 3 3 3 3 3 3 3 3 3 3 3 1 3 3 3 1 3 3 3 3 2 3 3 3 3 3 1 3 3 3 3 3 3 3 3 3 3 3 3 2 3 3 3 3 3 3 3 2 3 2 3 1 3 3 3 1 3 2 3 3 3 3 3 2 3 3 3 3 3 3 2 3 3 3 2 3 2 1 3 1 3 3 3 3 3 3 3 1 1 3 1 3 3 1 3 3 3 3 3 3 3 3 3 3 1 2 3 2 3 3 3 3 3 3 3 3 3 2 3 3 3 3 3 3 2 3 3 3 3 3 3 3 3 3 3 3 3 3 3 3 3 3 3 3 3 3 3 3 3 3 3 3 3 3 3 3 3 3 1 3 3 2 3 3 3 3 3 3 2 3 3 3 3 3 2 3 3 3 3 3 2 1 3 3 3 3 3 3 3 3 3 3 3 2 2 3 3 3 3 3 3 3 3 3 3 2 3 3 2 3 3 3 2 3 3 3 3 3 1 3 3 3 3 3 3 3 3 3 2 3 2 2 3 3 3 3 3 3 3 1 1 2 3 3 2 2 3 3 3 3 3 3 3 3 2 2 3 3 3 3 3 3 2 1 3 2 3 3 2 3 3 3 3 3 3 3 3 3 3 3 3 3 3 1 3 3 3 2 2 1 1 2 3 3 3 3 3 3 3 3 2 3 3 3 3 3 3 3 1 3 3 3 3 3 3 3 3 3 3 3 3 3 2 3 3 3 3 3 3 3 3 3 2 3 3 3 3 3 3 3 3 1 3 3 3 2 3 3 3 2 3 3 3 3 3 3 3 3 3 3 3 3 3 3 3 3 3 3 3 3 3 3 3 3 3 3 3 1 3 3 2 3 3 3 3 3 3 3 1 3 3 1 3 3 3 3 1 2 3 3 3 3 2 3 1 3 3 3 3 3 2 3 3 3 3 3 3 3 3 3 3 3 3 3 3 3 3 3 3 3 3 3 3 3 2 3 3 2 3 3 3 3 3 3 3 3 3 3 3 3 3 3 3 3 3 2 3 3 3 3 3 3 3 3 3 3 3 3 3 3 3 3 3 3 3 3 3 3 3 3 3 3 3 3 3 3 3 2 3 3 3 2 3 3 3 3 3 3 3 3 3 3 3 3 3 3 3 3 3 2 3 3 3 3 3 3 2 3 3 3 3 2 2 3 3 3 3 3 3 3 3 3 3 3 3 3 3 3 3 3 3 3 3 3 3 3 3 3 2 3 2 3 3 3 3 3 3 3 3 3 3 3 3 3 3 3 2 3 3 3 3 3 3 3 3 3 3 3 3 1 3 3 3 3 3 3 3 3 3 3 3 3 3 3 3 3 3 1 3 3 3 3 3 3 3 3 3 3 3 3 3 3 3 2 3 3 3 3 1 3 3 3 3 3 3 2 3 3 3 3 3 3 3 2 3 3 3 3 3 3 3 3 2 3 3 3 2 3 3 3 3 3 3 3 3 3 3 3 3 3 2 3 3 3 3 3 3 3 3 3 2 3 3 3 2 3 3 3 3 3 3 3 3 2 3 3 3 3 3 3 3 3 3 3 3 3 2 3 3 3 3 3 3 3 3 3 3 3 3 3 3 3 1 3 3 3 1 3 3 3 3 3 3 3 3 3 3 3 3 3 3 3 
3 3 3 3 2 3 3 3 3 3 3 3 3 2 2 3 3 3 3 3 3 3 3 3 3 3 3 3 3 3 3 3 1 2 2 3 3 3 3 3 3 2 3 3 3 3 2 3 3 3 3 3 3 3 3 3 1 3 3 3 1 3 3 3 3 2 3 3 3 3 3 3 2 3 3 2 3 3 3 3 3 3 2 3 3 3 3 1 3 3 3 3 3 3 3 3 3 2 3 3 3 3 3 1 3 3 3 3 3 3 3 3 2 3 3 2 3 3 3 3 3 3 3 3 3 3 3 3 3 3 3 3 3 3 3 3 3 3 3 3 3 3 2 2 3 3 3 3 3 3 3 3 3 3 3 3 3 3 3 3 3 3 2 3 3 2 3 3 2 3 3 1 3 3 3 3 3 3 3 3 3 3 3 3 3 3 3 3 3 3 3 3 3 3 3 3 3 2 2 3 2 3 3 3 3 3 2 3 3 3 3 3 3 3 3 2 3 3 3 3 3 3 3 2 3 3 3 3 3 3 3 3 1 2 3 3 3 3 3 3 3 3 3 2 3 3 2 3 3 3 2 3 3 3 3 3 3 3 3 1 3 2 3 3 3 3 2 3 3 3 3 3 3 3 3 2 3 3 3 1 3 3 3 2 3 3 2 3 2 3 3 3 3 3 1 2 3 3 3 3 3 3 3 3 3 3 3 2 3 3 3 3 2 3 3 3 3 1 3 1 3 3 3 1 3 2 3 3 3 3 3 1 3 3 3 3 3 3 3 3 3 3 3 3 1 1 3 2 3 3 3 3 3 3 3 1 2 3 1 3 3 2 3 3 3 3 3 3 3 3 3 3 1 2 3 1 3 3 3 3 3 3 3 3 3 1 3 3 3 3 3 3 1 3 3 3 3 3 3 3 3 3 3 3 3 3 3 3 3 3 3 3 3 3 3 3 3 3 3 3 3 3 3 3 3 3 1 3 3 3 3 3 2 3 3 3 1 3 3 3 3 3 2 3 3 3 3 3 3 1 3 3 3 2 3 3 3 3 3 3 3 2 2 3 3 3 3 3 3 3 3 3 2 2 3 3 1 3 2 3 3 3 3 3 3 3 1 3 3 3 3 3 3 3 3 3 3 3 2 2 3 3 3 3 2 3 3 1 1 2 3 3 3 3 3 3 2 3 3 3 3 3 3 2 3 3 3 3 3 3 2 2 3 2 3 3 2 3 3 3 3 3 3 3 3 3 3 3 3 3 3 1 3 2 3 2 2 1 1 2 3 3 3 3 3 3 3 2 3 3 3 3 3 3 3 3 2 3 3 3 3 3 3 3 3 3 3 3 3 3 2 3 3 3 3 3 3 3 3 3 2 3 3 3 3 3 3 3 3 1 3 3 3 3 3 3 2 2 3 3 3 3 3 3 3 3 3 3 3 2 3 3 3 3 3 3 3 3 3 3 3 3 3 3 3 1 3 3 1 3 3 3 3 3 3 3 1 3 3 2 3 3 3 3 1 3 2 3 3 3 2 3 1 3 3 3 3 3 2 3 3 3 3 3 3 3 3 3 3 3 3 3 3 3 3 3 3 3 3 3 3 3 3 3 2 2 3 3 3 3 3 3 3 3 3 3 3 3 3 3 3 3 3 1 3 3 3 3 3 3 3 2 3 3 3 3 3 3 3 3 2 3 3 3 3 3 3 3 3 3 3 3 3 3 3 3 2 3 3 1 3 3 3 3 3 2 3 3 3 3 3 3 3 3 3 3 3 3 3 3 3 3 3 3 2 3 3 3 3 2 2 3 3 3 3 3 3 3 3 3 3 3 3 3 3 3 3 3 3 3 3 3 3 3 3 3 1 3 1 3 3 3 3 3 3 3 2 3 3 3 3 3 3 2 2 3 3 3 3 3 3 3 3 3 3 3 3 2 3 3 3 3 3 3 3 3 3 3 3 2 3 3 3 3 3 2 3 3 3 3 3 3 3 3 3 3 3 3 3 3 3 2 3 3 3 3 1 3 3 3 3 3 3 1 3 3 3 3 3 3 3 1 3 3 3 3 3 3 3 3 2 3 3 3 2 3 3 3 3 2 3 3 3 3 3 3 3 3 2 3 3 3 3 3 3 3 3 3 1 3 3 3 1 3 3 3 3 3 3 3 3 1 3 3 3 3 3 3 3 3 3 3 3 3 2 3 3 3 3 3 3 3 3 3 3 3 3 3 3 3 2 3 3 3 2 3 2 3 3 3 3 3 3 3 3 3 3 3 3 3 
3 3 3 3 3 3 2 3 3 3 3 3 2 3 3 3 3 3 1 3 3 3 3 3 3 3 3 3 1 3 3 1 3 3 3 3 3 3 3 3 3 3 3 3 3 2 3 3 3 3 2 3 3 3 3 3 3 3 3 3 3 3 3 3 3 3 1 3 3 3 3 2 3 3 3 3 3 3 3 1 3 3 3 3 3 3 2 3 3 3 3 3 3 1 1 3 3 3 3 3 3 3 3 3 3 3 3 3 2 3 3 2 3 2 3 3 3 3 3 3 2 2 3 3 3 3 3 3 3 3 2 1 3 3 3 2 3 2 3 3 3 3 3 3 3 3 3 2 3 3 1 3 3 3 3 3 3 3 3 3 3 2 3 3 3 3 3 3 3 3 2 3 3 3 3 3 3 3 3 3 3 3 3 2 3 3 3 3 3 3 3 3 3 3 3 3 3 3 3 2 3 3 3 3 2 2 3 1 2 3 3 3 3 3 3 3 2 3 3 3 3 3 3 3 3 3 3 3 3 2 3 3 3 3 3 2 3 3 3 3 3 3 2 3 3 3 3 3 3 3 3 3 2 3 3 3 3 3 3 3 3 3 3 3 3 2 3 3 3 2 2 3 3 3 3 3 3 3 3 3 3 3 3 3 3 2 3 2 3 3 3 3 3 3 3 3 3 3 3 3 3 3 3 3 3 3 3 3 3 3 3 3 3 3 3 3 2 3 2 3 3 3 3 3 3 3 2 3 3 3 3 3 2 3 3 3 3 2 3 3 2 3 3 3 3 3 3 3 3 3 3 1 3 2 3 3 3 3 3 3 3 3 3 3 3 3 3 3 3 3 3 3 3 3 2 3 3 3 2 2 3 3 2 3 3 3 3 2 3 3 3 3 3 3 3 1 3 2 1 2 3 3 1 3 3 3 3 1 3 2 1 2 1 3 3 3 3 3 3 3 3 3 3 3 3 3 3 2 3 3 3 3 3 3 3 3 3 3 3 3 3 3 3 3 3 3 1 3 3 3 3 3 3 3 3 2 3 2 3 3 3 3 3 3 3 3 3 3 3 3 3 3 3 3 3 3 3 3 3 2 3 3 3 3 3 3 3 3 3 3 3 2 3 3 3 3 3 3 3 3 3 3 2 3 3 3 3 3 3 3 3 1 3 3 3 3 3 2 3 2 3 3 3 3 2 2 3 3 3 3 3 3 3 3 1 1 3 3 3 1 2 3 3 3 3 3 3 3 3 3 3 3 2 3 3 3 3 3 3 3 3 2 3 3 1 3 1 3 3 3 3 3 3 3 3 3 3 3 3 3 3 3 3 3 3 3 3 3 3 2 3 2 3 1 3 3 3 3 3 3 3 3 3 3 1 3 3 3 2 3 3 2 3 3 3 3 3 3 3 3 2 2 3 3 3 3 3 3 3 3 3 3 1 3 3 3 1 3 3 3 2 2 3 3 3 3 1 3 3 3 3 3 2 3 3 3 3 3 3 3 3 3 3 2 3 3 3 3 3 3 3 3 3 2 3 2 3 3 3 3 2 3 3 2 2 3 3 3 3 1 3 3 3 3 3 3 3 3 3 3 3 3 3 3 3 3 3 3 3 3 1 3 3 3 3 3 3 3 3 2 3 3 3 3 3 3 3 3 3 3 3 3 3 3 3 3 3 2 3 3 3 3 3 3 3 1 3 3 3 1 1 3 3 3 3 3 3 3 3 3 2 3 3 3 3 3 3 3 2 3 3 2 3 2 3 2 2 3 3 3 3 3 3 3 3 2 3 3 3 3 3 3 3 3 3 3 2 3 3 3 2 3 2 3 3 3 3 3 3 3 3 3 3 3 3 3 3 3 3 1 3 3 3 3 3 2 3 3 3 3 3 2 3 3 3 3 3 2 3 1 3 3 3 3 3 3 3 3 1 3 1 3 3 3 2 2 3 3 3 3 3 3 3 3 3 3 3 3 3 3 3 3 3 3 3 3 3 3 3 3 1 3 3 3 3 3 3 3 3 3 3 3 3 3 3 3 3 3 3 3 3 3 3 3 3 3 3 3 3 3 3 3 3 3 3 3 3 1 3 3 3 3 3 3 3 1 3 3 3 3 3 3 3 3 3 3 3 3 3 3 2 3 3 3 3 3 2 3 3 3 3 3 1 3 3 3 2 3 3 3 3 3 2 2 3 3 3 3 3 3 3 3 3 3 3 2 3 3 3 3 3 3 3 3 3 3 3 3 3 3 2 3 3 3 3 3 3 3 3 3 
3 2 2 3 3 2 3 3 3 2 3 3 3 3 3 2 3 3 3 3 2 3 3 3 3 3 3 3 3 3 3 3 3 3 3 2 3 3 3 3 3 3 3 3 2 3 3 1 3 2 3 2 3 3 3 3 3 3 3 3 3 3 2 3 3 3 3 3 3 3 1 3 3 1 2 3 1 3 3 3 3 3 3 3 3 3 3 3 3 3 1 2 2 3 3 3 3 3 3 2 3 2 3 3 2 3 3 3 3 2 3 3 3 3 3 3 3 3 3 3 3 3 3 2 2 3 3 3 3 3 3 3 3 3 3 3 3 3 3 3 3 3 3 3 3 3 3 3 3 3 3 3 3 3 3 3 3 3 3 1 2 3 3 3 3 3 3 3 3 3 3 3 3 1 2 3 3 3 1 3 3 3 3 3 3 3 3 2 3 3 3 3 3 3 3 3 3 3 3 3 3 3 3 2 3 3 3 3 3 3 3 3 1 3 2 3 3 3 3 3 3 3 3 3 3 3 3 3 3 3 3 3 3 3 3 3 3 1 2 3 3 3 3 3 3 3 3 3 3 2 3 1 3 3 3 3 3 3 3 3 3 3 3 3 3 3 3 3 2 3 3 3 2 3 3 3 3 2 1 3 3 3 3 3 3 3 2 3 3 3 3 2 1 2 3 3 3 2 2 3 3 3 3 1 3 3 3 3 3 3 3 3 3 3 3 3 3 3 3 3 3 3 3 3 3 3 3 3 3 3 3 3 3 3 2 3 3 3 3 2 3 3 3 3 3 3 3 3 3 1 2 3 3 3 3 3 3 3 3 3 3 3 3 3 3 2 3 3 3 3 3 3 3 3 3 3 3 3 3 3 3 3 3 3 3 3 3 3 3 3 2 3 3 2 3 3 3 3 3 3 3 3 3 3 3 3 2 3 1 3 3 3 3 3 3 3 2 3 3 2 3 3 3 3 1 3 3 3 3 3 3 3 3 3 3 3 3 3 3 3 2 3 3 3 1 3 3 2 3 3 3 3 3 3 3 3 3 3 3 2 3 3 3 3 3 3 3 3 2 3 3 2 3 3 3 3 3 3 3 3 3 3 2 3 3 3 3 3 3 1 1 3 3 3 3 3 3 3 3 3 1 3 3 3 3 3 3 3 3 3 3 3 3 3 3 3 3 3 2 3 3 3 3 3 3 3 1 3 3 2 3 3 3 3 3 3 3 3 3 3 3 3 3 2 3 3 3 1 2 3 2 3 3 3 3 3 3 3 3 3 3 3 3 3 3 2 3 3 3 3 3 3 1 3 3 3 3 3 3 3 3 3 1 3 3 3 3 3 3 3 3 3 2 3 3 3 3 3 3 3 3 1 3 2 3 3 3 2 3 3 2 3 1 3 3 3 3 3 3 2 3 3 3 3 3 3 3 3 3 3 3 3 3 3 3 3 3 3 3 3 3 3 1 3 3 3 3 3 3 2 3 3 3 2 2 3 3 3 3 3 3 3 3 3 3 3 3 3 3 3 3 3 3 3 2 3 3 3 3 3 3 3 3 3 3 2 3 3 3 3 3 3 3 2 3 3 3 3 1 3 3 1 3 3 3 3 1 2 2 3 3 3 3 2 3 3 3 3 3 3 1 3 3 3 3 3 3 3 3 1 2 3 2 3 3 2 1 3 3 3 3 3 3 2 3 3 3 3 3 3 3 3 3 2 3 3 3 3 3 3 3 3 1 2 3 3 3 3 3 3 3 3 3 3 3 3 3 3 3 3 3 3 2 3 3 3 3 3 3 3 3 3 3 3 2 3 3 1 3 3 3 3 3 2 3 2 2 3 3 3 3 1 3 2 3 3 3 3 3 3 2 3 3 3 3 3 3 3 1 3 3 3 1 3 3 2 3 3 3 3 2 3 2 3 2 2 3 3 3 3 3 3 3 2 3 3 3 3 3 3 3 3 1 3 3 3 3 3 3 3 3 3 3 3 3 3 3 3 3 3 3 3 3 3 2 3 3 2 3 3 3 3 3 3 3 3 3 3 3 3 3 3 3 3 3 3 3 3 3 3 3 3 3 3 3 3 3 3 3 3 3 3 3 2 3 3 3 2 3 3 2 3 3 2 3 3 3 2 3 3 3 3 3 3 3 3 3 3 3 3 3 3 3 3 3 3 3 3 3 3 3 2 3 3 3 3 3 2 3 3 3 3 3 3 3 3 3 3 3 2 3 3 3 3 3 3 3 3 3 3 3 3 3 3 3 3 3 3 3 2 
3 3 3 3 3 3 3 3 3 3 3 2 2 3 3 3 3 3 1 3 3 3 3 3 3 3 3 3 1 3 3 1 3 3 3 3 3 3 3 3 3 3 3 2 3 2 3 3 2 3 2 3 2 3 2 3 3 3 3 3 3 3 3 3 3 3 1 3 3 3 3 1 3 3 3 3 3 3 3 2 3 3 3 3 3 3 3 3 3 3 3 3 3 2 1 3 3 3 3 3 3 3 3 3 3 3 3 3 1 3 3 3 3 1 3 3 3 3 2 3 3 3 2 3 3 2 3 3 3 2 1 1 3 3 3 3 3 3 3 3 3 3 3 3 3 3 3 3 3 3 1 3 3 3 3 3 3 2 3 3 3 2 3 3 3 3 3 3 3 2 1 3 3 3 3 3 3 3 3 3 3 2 3 3 3 3 3 3 2 3 3 3 3 3 3 3 3 3 3 2 3 3 3 3 1 3 3 2 2 3 2 3 3 3 3 3 3 3 3 3 3 3 3 3 3 2 3 3 3 3 3 3 3 3 3 3 3 3 3 3 3 3 3 3 3 3 3 3 3 3 3 3 2 3 3 3 3 3 3 3 3 3 3 3 3 2 3 3 3 1 1 2 3 3 3 3 3 3 3 3 3 3 3 3 3 1 3 3 3 3 3 3 3 3 3 3 3 3 3 3 3 3 3 3 3 3 3 3 3 3 3 3 3 3 3 3 1 3 3 3 3 3 3 3 3 3 2 3 3 3 2 3 3 2 3 3 3 3 3 3 3 3 3 3 3 3 3 3 3 3 3 1 3 2 3 3 3 3 3 3 2 3 2 3 3 3 3 2 3 3 3 3 3 3 1 3 3 3 2 1 3 3 3 3 3 3 3 2 3 3 3 3 3 3 3 2 3 3 2 2 3 3 2 3 3 3 3 1 3 3 2 1 2 3 3 3 3 3 3 3 3 3 3 3 3 3 3 3 3 3 3 3 3 3 3 3 3 2 3 3 3 3 3 3 3 3 2 3 3 3 3 3 3 3 2 2 3 2 3 3 3 3 3 3 3 3 3 3 3 3 3 3 3 3 3 3 3 3 3 3 3 3 3 3 3 3 3 3 3 3 3 2 3 3 3 3 3 3 3 3 3 3 3 3 3 3 3 3 3 3 3 2 3 3 3 3 3 3 3 2 3 3 3 3 3 2 3 3 3 3 3 3 3 3 2 1 3 3 3 1 3 3 3 3 3 3 2 3 3 2 3 3 1 3 3 3 3 3 3 3 3 2 3 3 2 3 1 3 3 3 3 3 3 2 3 3 3 3 3 2 3 3 3 3 3 3 3 3 3 3 3 3 3 1 2 3 3 3 3 3 3 3 3 3 1 3 3 3 2 3 3 2 3 3 3 3 3 3 3 3 1 1 3 3 3 3 3 3 3 3 3 3 2 3 2 3 1 3 3 3 3 2 3 3 3 3 2 3 3 3 3 3 1 3 3 3 3 3 3 3 3 2 3 1 3 3 3 3 2 3 3 3 3 1 3 3 3 3 3 3 1 3 3 1 3 3 2 3 3 1 3 3 3 3 3 3 3 3 3 3 3 3 3 3 3 3 3 3 3 3 2 3 3 3 3 3 3 3 3 3 3 3 3 3 3 3 3 3 3 3 3 3 3 3 3 3 3 3 2 3 3 3 3 3 3 1 3 3 3 1 2 3 3 3 3 3 3 3 3 3 2 3 3 3 3 3 3 3 2 3 3 2 2 1 3 1 2 3 3 3 3 3 3 3 3 3 3 2 3 3 3 3 3 3 3 3 1 3 3 3 3 2 1 3 3 3 3 3 3 3 3 3 3 3 3 3 3 3 3 1 3 3 3 3 3 3 3 3 3 3 3 2 3 3 3 3 3 1 3 2 3 3 3 3 3 3 3 3 2 3 2 3 3 3 3 2 3 3 3 3 3 3 3 3 3 3 3 2 3 3 3 3 3 3 2 3 3 3 3 3 1 3 3 2 3 3 3 3 3 3 3 2 3 3 3 3 3 3 3 3 3 3 3 2 3 3 2 3 3 3 3 3 3 3 3 2 2 2 3 3 3 2 2 3 3 2 3 3 3 3 3 3 3 3 3 3 3 3 3 3 1 3 3 3 2 3 2 3 3 3 2 3 1 3 3 3 1 2 2 3 3 3 1 3 3 3 3 3 3 3 3 3 3 3 3 3 3 3 3 3 3 3 3 3 3 3 3 3 3 3 3 3 3 3 3 3 3 3 3 3 
3 3 3 3 3 3 1 3 3 3 3 3 2 3 3 3 3 3 2 3 3 3 3 3 3 3 3 3 1 3 3 1 3 3 3 3 3 3 3 3 3 3 2 3 3 2 3 3 3 3 2 3 3 3 3 3 3 3 3 3 3 3 3 3 3 3 1 3 3 3 3 2 3 3 3 3 3 3 3 1 3 3 3 3 3 3 2 3 3 3 3 3 3 2 1 3 3 3 3 3 3 3 3 3 3 3 3 3 2 3 3 3 3 2 3 3 3 3 3 3 2 2 3 3 3 3 3 3 3 3 2 1 3 3 3 2 3 3 3 3 3 3 3 3 3 3 3 2 3 3 1 3 3 3 3 3 3 3 3 3 3 1 3 3 3 3 3 3 3 3 2 3 3 3 3 3 3 3 3 3 3 2 3 2 3 3 3 3 3 3 3 3 3 3 3 3 3 3 3 2 3 3 3 3 2 2 3 1 2 3 3 3 3 3 3 3 2 3 3 3 3 3 3 3 3 3 3 3 3 3 3 3 3 3 3 1 3 3 3 3 3 3 2 3 3 3 3 3 3 3 3 3 2 3 3 3 3 3 3 3 3 3 3 3 3 2 3 3 3 2 3 3 3 3 3 3 3 3 3 3 3 3 3 3 3 3 3 2 3 2 3 3 3 3 3 3 3 3 3 3 3 3 3 3 3 3 3 3 3 3 3 3 3 2 3 3 3 3 1 3 3 3 3 3 3 3 1 3 3 3 3 3 1 2 3 3 3 3 3 3 3 3 3 3 3 3 3 3 3 3 3 1 3 2 3 3 3 3 3 3 3 3 3 3 3 3 3 3 2 3 3 3 3 3 2 3 3 3 2 2 3 3 1 3 3 3 3 2 2 3 3 3 3 3 3 1 3 2 1 2 3 3 1 3 3 3 3 2 3 2 1 2 1 3 2 3 3 3 3 3 3 3 3 3 3 3 3 2 3 3 3 3 3 3 3 3 3 3 3 3 3 3 3 3 3 3 2 3 3 3 3 3 3 3 3 2 3 3 3 3 3 3 3 3 2 3 3 3 3 3 3 3 3 3 3 3 3 3 3 3 3 3 3 3 3 3 3 3 3 3 3 2 3 3 3 3 3 3 3 3 3 3 2 3 3 3 2 3 3 3 3 1 3 3 3 3 3 2 3 1 3 2 3 3 2 2 3 3 3 3 3 3 3 3 1 2 3 2 3 2 2 3 3 3 2 3 3 3 3 3 3 3 2 3 3 3 3 3 3 3 3 2 3 3 1 3 1 3 3 3 3 3 3 3 3 3 3 3 3 3 3 3 3 3 3 3 3 3 3 2 3 2 3 1 3 2 3 3 3 3 3 3 3 3 2 3 3 3 1 3 3 2 3 3 3 3 3 3 3 3 3 3 3 3 3 3 3 3 3 3 3 3 1 3 3 3 2 3 3 3 3 2 3 3 3 3 2 3 3 3 3 3 3 3 3 3 3 3 3 3 3 2 3 3 3 3 3 3 3 3 3 3 3 3 3 2 3 3 3 3 2 3 3 2 1 3 3 3 3 1 3 3 3 3 3 3 3 3 3 3 3 3 3 3 3 3 3 3 3 3 1 3 3 3 3 3 3 3 3 1 3 3 3 3 3 3 3 3 3 3 3 3 3 3 3 3 3 3 3 3 3 3 3 3 3 1 3 3 3 2 1 3 2 3 3 3 3 3 3 3 2 3 3 3 3 3 3 3 2 3 3 2 3 2 3 3 2 3 3 3 3 3 3 3 3 1 3 3 3 3 3 3 3 3 3 3 3 3 3 3 2 3 3 3 3 3 3 3 3 2 2 3 3 3 3 3 3 3 3 2 3 3 3 3 3 2 3 3 3 3 3 3 3 3 3 3 3 3 3 1 3 3 3 3 3 3 2 3 2 2 1 3 3 3 2 2 3 3 3 3 3 3 3 3 3 3 2 3 3 3 3 3 3 3 3 3 3 3 3 3 1 3 3 3 3 3 3 3 3 3 3 3 3 3 3 2 3 3 3 3 2 3 3 3 3 3 3 3 3 3 3 3 3 3 3 3 3 1 3 3 3 3 3 3 3 1 3 3 3 3 3 3 3 3 3 3 3 3 3 3 3 3 3 3 3 3 2 3 3 3 3 3 2 3 3 3 2 3 3 3 3 3 2 2 3 2 3 3 3 3 3 3 3 3 3 1 3 3 3 3 3 3 3 3 3 3 3 3 3 3 1 3 3 3 3 3 3 3 3 3 
3 2 3 3 3 2 3 3 3 2 3 3 3 3 3 2 2 3 3 3 3 3 3 3 3 3 3 3 3 1 3 3 3 3 3 2 3 2 3 3 2 3 3 3 3 3 3 3 3 1 3 3 3 3 3 3 3 3 3 3 3 3 3 3 3 3 3 3 1 3 2 3 3 3 2 3 3 1 1 3 3 3 3 2 3 2 3 3 3 2 3 3 3 3 3 3 3 3 2 3 3 3 3 3 3 3 3 3 3 2 2 2 3 3 3 3 3 3 3 3 2 3 3 2 3 3 3 3 3 3 3 3 3 3 3 3 3 3 3 3 3 3 3 3 3 3 2 2 3 3 3 3 3 3 3 3 1 3 3 3 3 3 3 3 3 3 2 3 3 3 3 3 3 3 3 3 1 2 3 2 3 3 3 3 1 3 3 3 3 3 1 3 3 1 3 3 3 3 3 3 3 3 3 2 3 3 3 3 3 3 3 3 3 3 3 3 2 3 3 3 3 3 3 3 2 3 1 3 3 2 3 1 3 3 3 3 3 3 2 3 3 1 3 3 3 3 3 3 3 1 3 3 3 3 3 3 3 3 2 3 3 3 3 3 3 3 3 3 3 3 3 3 3 3 3 3 2 2 3 3 3 3 3 3 3 3 3 3 3 3 2 3 3 3 3 3 3 3 3 3 3 3 3 3 3 3 1 3 3 3 2 3 3 3 3 3 3 3 3 3 2 3 2 3 3 3 3 3 3 3 3 3 3 3 3 3 3 3 3 3 3 3 3 3 3 3 3 3 2 3 3 3 3 3 3 3 3 2 3 3 3 3 3 3 3 3 3 3 3 3 2 2 3 3 3 3 3 3 3 3 3 3 3 3 3 3 3 3 3 2 3 3 3 3 3 3 3 3 3 3 2 3 3 3 3 3 3 3 3 3 3 3 3 3 3 3 3 2 2 3 3 3 3 3 3 1 3 3 3 3 3 3 3 3 3 3 3 3 3 3 3 3 3 1 3 3 3 3 3 3 1 3 2 3 3 3 3 3 3 1 3 3 3 3 3 3 3 1 3 3 2 3 3 3 2 3 3 3 3 3 3 3 3 3 3 3 3 3 2 3 3 3 3 3 3 3 3 3 3 3 3 3 3 3 3 3 3 3 3 3 3 3 3 3 3 3 3 3 3 3 3 3 3 3 2 3 3 1 2 3 3 3 3 3 3 3 3 3 3 3 3 3 3 3 3 3 3 3 1 3 3 3 3 3 3 3 3 3 3 3 3 3 3 3 3 3 3 3 3 1 2 2 3 3 2 3 3 3 3 3 2 3 3 3 3 3 3 3 3 2 3 3 3 3 3 3 2 1 3 2 3 3 3 3 3 3 3 3 3 3 3 3 3 3 3 3 3 3 3 2 3 3 3 3 3 1 3 3 3 3 1 1 3 3 3 3 3 3 3 2 3 3 2 3 2 3 3 3 3 3 3 3 3 3 3 3 3 3 3 3 3 3 3 3 3 3 3 2 3 3 3 3 3 3 3 3 3 3 3 2 3 3 2 3 3 1 3 3 3 3 3 3 3 3 3 3 3 3 3 2 3 3 3 2 3 3 3 2 3 3 3 3 3 3 3 3 3 3 3 3 2 3 3 3 3 3 3 1 3 3 3 3 3 3 3 3 3 2 3 3 3 2 2 1 1 3 3 3 3 3 3 2 3 2 1 3 3 3 2 3 3 3 3 3 3 3 2 3 3 3 3 3 3 3 3 3 3 3 3 3 1 3 3 1 3 3 3 3 3 3 3 3 3 3 3 3 3 3 3 2 3 3 3 3 3 3 3 3 1 3 3 3 3 3 3 3 3 3 3 3 3 3 3 3 3 2 3 3 3 3 3 3 3 3 3 3 3 3 3 3 3 3 3 3 2 2 3 3 3 3 3 1 3 2 3 3 2 2 3 3 3 3 3 2 3 3 3 3 3 2 3 3 3 1 3 2 3 3 2 2 3 3 3 3 3 3 3 3 3 1 3 3 3 3 3 3 3 1 2 2 3 3 3 3 1 3 3 3 3 3 3 3 3 2 3 3 3 3 3 3 3 3 3 3 3 3 2 3 3 1 3 3 3 3 3 2 3 3 3 3 3 3 3 3 3 3 3 3 1 3 3 3 3 2 1 2 3 3 3 3 3 3 3 3 3 3 2 2 3 3 3 3 3 3 3 3 2 3 3 3 3 3 2 3 3 2 3 3 3 3 3 3 3 3 3 3 3 3 1 2 
3 2 2 3 3 2 3 3 3 2 3 3 3 3 3 1 3 3 3 3 3 3 3 3 3 2 2 3 3 2 3 3 3 3 3 2 3 3 3 3 3 3 3 3 2 3 3 3 3 3 3 3 3 3 3 3 3 3 3 3 3 3 3 3 3 3 3 3 1 3 2 3 3 3 2 3 3 2 1 3 3 3 3 1 2 3 2 3 3 3 3 3 3 3 3 3 3 3 3 3 3 3 3 3 3 3 3 3 3 1 1 2 3 3 3 3 3 3 3 3 3 3 3 2 3 3 3 3 3 3 3 3 3 3 3 3 3 2 3 3 3 3 3 3 3 3 3 3 3 3 3 3 3 3 3 3 2 3 3 3 3 3 3 3 3 3 1 3 3 3 3 3 3 3 3 3 3 1 3 3 3 3 3 3 1 3 3 3 3 3 1 3 3 2 3 3 3 3 3 3 3 3 3 2 3 2 3 3 3 3 3 3 3 2 2 3 3 3 3 3 3 3 3 3 3 3 1 3 3 2 3 2 3 3 3 3 3 2 2 3 3 1 3 3 3 2 3 3 3 3 3 2 3 3 1 2 3 3 3 3 3 3 3 3 3 3 3 3 1 3 3 3 3 3 3 3 3 1 3 3 3 3 1 3 3 3 3 3 3 3 3 3 3 3 3 3 3 3 3 3 3 3 3 3 2 3 3 3 3 3 3 3 3 3 3 3 3 3 3 3 3 3 3 3 3 3 3 3 3 3 3 3 3 3 3 2 3 3 3 3 3 3 3 3 3 3 3 3 3 3 3 3 3 3 3 3 3 3 3 3 3 3 3 3 3 3 3 3 3 2 1 3 3 3 3 3 2 3 2 3 3 3 3 3 3 3 3 3 3 2 3 3 3 3 3 3 3 2 3 3 2 3 3 3 3 3 3 3 3 3 3 3 3 3 3 3 3 1 2 3 3 3 3 3 2 2 3 3 3 3 2 3 3 3 3 3 3 3 2 3 3 3 3 2 3 3 3 3 3 3 2 3 1 3 3 3 3 3 3 2 3 3 3 3 3 3 3 2 3 3 1 3 3 3 3 3 3 3 3 2 3 3 3 3 3 3 3 3 3 3 3 3 3 3 3 3 3 3 3 3 3 1 3 3 3 3 3 3 3 3 3 3 3 3 3 3 3 3 3 3 3 3 3 3 3 3 3 2 3 3 3 3 3 3 3 3 3 3 3 3 3 3 3 3 3 3 3 3 2 3 3 3 3 3 3 3 3 3 3 3 3 3 3 2 3 2 3 3 3 2 3 3 2 3 3 3 3 3 3 3 1 3 3 3 3 3 3 3 3 2 3 3 3 3 3 3 3 1 3 1 3 3 3 3 3 3 3 2 3 3 3 3 3 3 3 3 3 3 3 2 3 3 3 3 3 3 3 3 3 3 2 2 3 3 3 1 3 3 3 1 2 3 2 3 1 3 3 3 3 3 3 3 3 3 2 3 3 3 3 3 3 3 3 3 3 3 3 3 3 3 3 3 3 3 3 3 3 3 3 3 3 3 1 3 3 2 3 3 2 3 3 2 3 2 3 3 3 3 3 3 3 3 3 2 3 3 3 2 3 3 3 3 3 3 2 3 3 3 3 3 2 3 2 3 3 1 3 2 3 3 3 3 3 3 3 3 3 2 3 3 3 3 3 1 2 3 3 3 3 3 3 3 3 2 1 3 3 2 3 3 3 3 3 3 2 3 1 3 3 3 3 3 3 3 3 3 3 3 2 3 2 3 3 1 3 3 3 3 3 3 3 3 3 3 3 3 3 3 3 2 3 3 3 3 3 3 3 3 2 3 3 3 3 3 3 3 3 3 3 3 3 2 3 3 2 2 3 3 3 3 3 3 3 3 3 3 3 3 3 3 3 3 3 3 1 1 3 3 3 3 3 2 3 2 3 3 2 1 3 3 3 3 3 3 3 3 3 3 3 3 3 3 3 2 3 3 3 3 2 2 3 3 3 3 3 3 3 3 3 2 3 3 3 3 2 3 3 3 1 1 3 3 3 3 3 3 3 2 3 2 3 3 3 3 3 3 3 3 3 3 3 3 3 3 3 3 3 3 3 1 3 3 3 3 3 3 3 3 3 3 3 3 3 3 3 3 3 3 2 3 3 3 3 3 2 3 3 3 3 3 3 3 3 3 3 3 1 2 3 3 3 3 1 3 3 3 2 3 3 3 3 3 3 3 3 1 3 3 3 3 3 3 3 3 2 3 3 3 2 1 
3 3 3 3 3 3 3 3 3 3 3 3 3 3 3 3 3 3 3 2 1 3 3 1 3 3 3 3 3 3 3 3 3 3 3 3 3 3 3 3 3 3 3 3 3 3 3 2 3 3 3 2 3 1 3 3 3 1 3 2 3 3 3 3 3 2 3 3 3 3 2 3 3 2 3 3 2 3 3 3 3 1 3 3 3 3 3 3 3 3 2 2 1 3 3 3 3 3 3 3 3 2 3 3 3 3 3 3 3 3 3 3 3 3 3 3 3 3 3 3 3 3 3 3 2 3 3 2 3 3 3 3 3 3 3 3 1 3 3 2 3 3 3 3 1 3 3 3 3 3 3 3 3 1 3 1 3 3 3 3 3 3 3 3 3 3 3 3 3 3 3 3 2 2 2 3 3 3 2 3 3 3 2 3 3 2 3 1 3 3 3 3 3 3 3 3 3 3 3 3 3 1 3 3 3 3 3 3 3 3 3 3 2 3 3 3 3 3 3 3 1 3 3 3 3 3 3 3 2 3 3 3 3 3 3 3 3 3 3 3 3 3 3 3 3 3 3 3 3 3 3 2 3 3 3 3 3 3 3 3 3 3 3 3 3 3 3 3 3 3 3 3 3 1 3 2 3 3 3 3 3 3 3 3 3 3 2 3 3 3 3 2 2 2 3 3 3 3 2 2 3 2 3 2 3 2 3 3 1 3 3 3 2 3 2 3 3 3 3 3 3 1 3 3 3 2 3 3 3 3 3 3 3 3 3 3 3 3 3 3 3 3 3 3 3 3 3 3 3 2 3 3 3 3 3 3 3 3 3 2 3 3 3 1 2 3 3 3 3 3 3 3 3 3 3 3 3 3 3 3 3 3 3 3 3 3 3 3 3 3 2 1 3 3 3 3 3 3 3 3 3 3 3 3 3 3 3 3 2 3 3 3 3 3 3 3 3 3 3 3 3 3 3 1 3 3 3 3 3 3 3 2 2 2 3 3 3 3 3 3 3 3 3 3 3 3 3 3 3 3 3 2 3 2 3 3 2 3 3 3 3 3 3 2 3 3 3 3 2 3 3 2 3 2 3 1 3 2 3 3 3 3 3 1 3 1 3 3 3 3 2 3 3 3 3 3 3 3 3 3 3 3 3 3 3 3 3 3 3 3 3 3 3 3 3 3 3 3 3 3 3 3 3 3 3 3 3 3 3 3 3 3 3 3 3 3 3 3 3 3 3 3 3 2 3 3 3 2 3 3 3 3 3 3 3 3 3 3 3 3 3 3 3 3 3 3 3 2 3 3 3 3 2 3 3 3 3 2 3 3 3 3 3 1 2 3 3 3 3 3 3 3 2 3 3 3 3 3 3 3 3 2 3 1 3 3 3 3 3 3 2 3 2 3 3 3 2 3 3 3 3 3 3 3 3 3 3 3 1 3 3 3 3 3 3 3 3 1 3 3 3 3 3 3 3 3 3 3 3 3 3 3 3 1 3 3 3 3 1 3 3 3 3 3 3 3 2 3 3 3 3 3 3 3 2 3 3 3 3 3 3 3 3 3 3 3 3 3 3 3 3 3 3 3 3 1 1 3 2 3 3 2 3 3 3 3 2 3 2 3 3 3 3 3 3 3 3 3 3 3 3 2 3 3 1 3 3 3 3 3 3 2 2 3 3 1 2 3 3 3 2 3 3 3 3 3 3 3 3 3 3 3 3 3 3 3 2 3 3 3 3 3 2 3 3 2 3 3 3 3 3 3 3 3 3 3 3 3 3 3 3 3 2 3 3 3 3 3 3 3 3 3 3 3 3 1 3 1 1 3 3 3 3 3 3 3 3 3 3 3 3 3 3 3 3 3 3 2 3 3 3 3 2 3 3 3 2 3 2 3 3 3 2 3 3 1 3 3 2 3 3 3 3 3 3 3 3 3 3 3 3 3 3 3 3 3 3 3 3 3 3 3 3 3 3 3 3 3 3 3 3 3 2 3 3 3 3 3 3 3 3 3 3 3 3 3 3 1 3 3 3 3 2 3 3 3 3 3 3 3 3 3 3 3 3 3 3 3 3 3 3 3 3 3 3 3 3 3 2 2 3 3 3 1 3 3 3 3 3 3 1 3 3 3 3 3 2 2 2 3 3 3 3 2 3 2 3 3 3 3 3 3 3 3 3 3 3 3 3 2 3 3 3 3 3 3 3 3 2 3 3 3 3 2 3 3 3 3 3 1 3 3 3 2 3 3 2 1 3 3 3 3 3 3 3 2 1 3 3 3 
3 3 3 2 3 3 3 3 2 3 2 2 3 3 3 3 3 3 3 3 3 3 3 3 3 2 3 3 3 3 3 3 3 3 3 3 3 3 3 3 3 3 3 3 3 3 3 3 3 3 3 3 3 3 3 1 3 3 3 3 3 3 2 3 2 3 3 3 3 3 3 3 3 3 3 3 3 3 3 3 3 3 3 3 2 3 3 3 3 3 3 3 3 3 3 3 3 3 3 2 2 2 3 3 2 3 3 1 3 3 3 3 3 3 1 3 3 3 2 3 3 3 3 3 3 3 3 3 3 2 3 3 3 3 3 3 3 2 2 3 3 3 3 3 3 3 3 3 3 3 3 3 2 3 3 3 3 2 3 3 2 3 3 3 3 3 3 3 3 2 3 3 3 3 3 3 3 3 3 3 3 3 3 3 3 3 2 3 3 3 3 3 3 3 3 3 3 3 3 3 3 3 3 3 3 2 3 3 3 3 3 1 3 2 3 3 3 3 3 3 3 3 3 3 3 3 3 3 3 3 2 3 3 3 3 3 3 3 3 3 2 3 3 3 3 1 3 1 3 3 3 3 3 2 3 1 3 3 3 3 3 3 3 3 1 2 3 3 3 3 3 3 3 3 3 3 3 3 3 3 3 3 2 3 3 3 3 3 3 3 3 3 3 3 3 3 3 2 3 3 3 3 3 3 3 3 3 3 3 3 3 1 3 3 3 3 3 3 3 3 3 3 3 3 3 3 3 3 3 2 3 3 3 3 2 2 1 2 3 3 2 3 3 3 3 3 3 3 3 3 3 3 3 3 3 3 3 3 3 3 3 3 3 3 3 2 3 1 3 1 3 3 3 3 3 3 2 3 3 3 3 3 3 3 3 3 3 3 3 3 2 3 3 1 3 3 3 3 3 3 3 3 3 3 3 3 3 3 3 3 3 3 3 3 3 3 2 3 3 3 1 3 3 3 3 3 3 2 2 3 2 3 3 3 2 3 3 2 1 1 3 3 3 3 3 3 3 3 3 3 3 3 3 3 2 3 3 2 2 3 3 3 3 3 3 3 3 3 3 3 3 3 3 3 3 3 3 2 3 2 3 3 2 3 3 3 3 3 3 3 3 3 3 1 3 3 3 3 3 3 3 3 2 3 3 1 3 3 3 3 3 3 3 3 3 3 3 3 1 3 3 3 3 3 3 2 3 3 3 2 3 3 3 3 3 3 3 3 3 3 3 3 3 3 3 3 3 3 3 3 2 3 3 3 3 3 3 3 3 3 3 3 3 2 3 3 3 3 3 3 3 3 3 3 3 1 3 3 1 2 3 1 3 3 3 3 3 1 3 3 3 3 2 3 3 3 3 3 3 3 3 3 2 3 3 3 1 3 3 3 2 3 3 3 3 3 3 3 3 3 3 3 3 3 3 3 3 2 3 3 3 3 3 3 3 2 3 3 1 3 2 3 3 3 3 3 3 3 3 3 3 3 2 3 3 3 3 3 3 3 2 3 1 3 3 3 3 3 3 3 3 3 3 3 2 3 3 3 3 3 3 3 3 3 3 3 3 3 2 3 3 2 3 3 3 3 3 3 3 3 3 3 3 3 3 3 3 3 3 3 3 3 3 3 1 3 2 3 3 3 3 3 1 3 3 2 3 3 1 2 3 3 3 3 3 3 3 3 3 3 3 3 3 3 3 3 3 3 3 3 3 3 3 3 3 3 3 2 3 3 2 2 3 1 2 3 3 1 3 1 3 3 3 3 3 3 3 3 2 3 3 2 3 3 3 3 3 3 3 3 3 3 3 1 2 3 3 3 3 3 2 3 3 2 3 2 2 3 3 3 3 3 3 2 3 3 3 3 3 3 3 2 3 3 2 3 3 3 3 3 3 3 3 3 3 3 1 2 3 3 1 3 3 3 3 3 3 3 3 3 3 3 3 3 3 3 3 3 3 3 2 2 3 3 1 3 3 3 3 3 3 3 3 3 2 3 1 3 3 3 3 3 2 3 2 3 3 3 3 3 1 2 3 3 1 3 3 3 3 3 3 3 3 3 3 3 3 2 1 1 3 3 1 3 3 2 2 3 3 3 3 3 3 3 3 3 3 3 3 3 3 1 3 2 3 3 3 3 3 3 3 1 3 3 2 3 3 3 3 1 3 3 3 3 3 3 3 3 2 3 3 2 3 3 3 3 3 3 3 3 2 3 2 3 3 3 3 3 3 3 3 3 3 3 3 3 3 3 3 3 3 1 1 3 2 3 3 3 3 3 
3 1 2 3 3 1 3 3 3 2 3 3 3 3 3 1 3 3 3 3 3 3 3 3 3 1 1 3 3 3 3 3 3 3 3 2 3 3 3 3 3 3 3 3 2 3 3 3 3 2 3 3 3 3 3 3 3 3 3 3 3 3 3 3 3 3 3 3 1 3 2 3 3 3 2 3 3 3 2 3 3 3 3 1 2 3 3 3 3 3 3 3 3 3 3 3 3 3 3 2 3 3 3 3 3 3 3 3 3 1 1 3 3 3 3 3 3 3 3 3 3 3 3 2 2 3 3 3 3 3 3 3 3 3 3 3 3 2 3 3 3 3 3 3 3 3 3 3 3 3 3 3 3 3 3 3 3 3 3 3 3 3 3 3 3 3 1 3 3 3 3 3 3 3 3 3 3 1 3 3 3 3 3 3 1 3 3 3 3 3 2 3 3 3 3 3 3 3 3 3 3 3 3 2 3 2 3 3 3 3 3 3 2 1 2 3 3 3 3 3 3 3 3 3 3 3 2 3 3 2 3 2 3 3 3 3 3 2 1 3 3 1 3 3 3 2 3 3 3 2 3 2 3 3 1 2 3 3 3 3 3 3 3 3 3 3 3 3 1 3 3 3 2 3 3 3 3 1 3 3 3 3 1 3 3 3 3 3 3 3 3 3 3 3 3 3 3 3 2 3 3 3 3 3 1 3 3 3 3 3 3 3 3 3 3 3 3 3 3 3 3 3 3 3 3 3 3 3 3 3 3 3 3 3 2 1 3 3 3 2 3 3 3 3 3 3 3 3 3 3 3 3 3 3 3 3 3 3 3 3 3 3 3 3 3 3 3 3 3 2 1 3 3 3 3 3 1 3 3 3 3 3 3 3 3 3 3 3 3 3 3 3 3 3 3 3 3 2 3 3 2 3 3 3 3 3 2 3 2 3 3 3 3 3 3 3 3 1 2 3 3 3 3 3 2 3 3 3 3 3 2 3 3 3 3 3 3 3 2 2 2 3 3 3 3 3 3 3 3 3 3 3 1 3 3 3 3 3 3 2 3 3 3 3 3 3 3 3 2 3 1 3 3 3 3 3 3 3 3 2 3 3 3 3 3 3 3 3 3 3 2 3 3 3 3 3 3 3 3 3 3 1 3 3 3 3 3 3 3 3 3 3 3 3 3 3 3 3 3 3 3 3 3 3 3 3 2 3 3 3 3 3 3 3 3 3 3 3 3 3 3 3 3 3 3 3 3 3 2 3 3 3 3 3 3 3 3 3 3 3 3 3 3 2 3 2 3 3 3 3 3 3 2 3 3 2 3 3 3 3 2 3 2 3 3 3 3 2 3 3 3 3 3 3 3 3 3 1 3 1 3 3 3 3 3 3 3 2 3 3 3 3 3 3 3 3 3 3 3 1 3 3 3 3 3 3 3 3 3 3 2 2 3 3 3 1 3 3 3 1 2 3 1 3 1 3 3 3 3 2 3 3 3 3 1 3 3 3 3 3 2 3 3 3 3 3 3 3 3 3 3 3 3 3 3 3 3 3 3 3 3 3 1 3 3 2 3 3 1 3 3 2 3 1 3 3 3 3 3 3 3 3 3 3 3 3 3 2 3 3 3 3 3 2 2 3 3 3 3 3 2 3 2 3 3 1 3 2 3 3 2 3 2 3 3 3 3 2 3 3 3 3 3 2 3 3 3 3 3 3 3 3 3 2 2 3 3 1 3 3 3 3 3 3 2 3 1 2 3 3 3 3 3 3 3 3 3 3 1 3 2 3 3 2 3 3 3 3 3 3 3 3 3 3 3 3 3 3 3 3 3 3 3 2 3 3 3 3 2 3 3 3 3 3 3 3 3 3 3 3 2 1 3 3 2 3 3 3 3 3 3 3 3 3 3 3 3 3 3 3 3 3 2 3 1 1 3 3 3 3 3 3 3 2 3 3 3 2 3 3 3 3 3 3 3 3 3 3 3 3 3 3 3 3 3 3 3 3 2 3 3 3 3 3 3 3 3 3 3 2 3 3 3 3 2 3 3 3 2 2 3 3 3 3 3 3 3 1 3 2 3 3 3 3 3 3 3 3 3 3 3 3 3 3 3 3 3 2 3 2 3 3 3 3 3 3 3 3 3 3 3 3 3 3 3 3 3 3 3 3 3 3 3 3 2 3 3 3 3 3 3 3 3 3 3 3 1 2 3 3 2 3 1 3 3 3 2 3 3 3 3 3 3 3 3 1 3 3 3 3 3 3 3 3 2 3 3 3 2 2 
